,nodeId,ls,lc,le,ltx,number of neighbors,QOS,arm,jammed evaluation,label (jammed or not)
0,5,1,5,0,1,6,0.200,True,False,0
1,5,4,2,0,1,6,2.000,False,False,0
2,5,4,0,0,1,6,6.000,False,False,0
3,5,3,1,1,1,6,3.000,False,True,0
4,5,3,2,0,0,6,1.500,False,True,0
5,5,1,3,0,1,6,0.333,False,True,0
6,5,2,4,0,1,6,0.500,True,False,0
7,5,3,3,0,1,6,1.000,True,False,0
8,5,3,0,0,1,6,6.000,False,False,0
9,5,3,2,0,0,6,1.500,False,True,0
10,5,1,3,0,1,6,0.333,False,True,0
11,5,3,3,0,1,6,1.000,False,False,0
12,5,2,2,0,1,6,1.000,False,True,0
13,5,3,2,0,1,6,1.500,False,False,0
14,5,2,4,0,1,6,0.500,False,True,0
15,5,3,2,0,1,6,1.500,False,False,0
16,5,4,1,0,0,6,4.000,False,False,0
17,5,3,1,0,1,6,3.000,False,True,0
18,5,2,3,0,1,6,0.667,False,True,0
19,5,2,3,0,1,6,0.667,False,True,0
20,5,1,4,0,1,6,0.250,False,True,0
21,5,4,2,0,0,6,2.000,False,False,0
22,5,2,2,0,1,6,1.000,False,True,0
23,5,3,3,0,1,6,1.000,True,True,0
24,5,2,2,0,1,6,1.000,False,True,0
25,5,2,3,0,1,6,0.667,False,True,0
26,5,3,2,0,1,6,1.500,False,False,0
27,5,3,2,1,1,6,1.500,True,True,0
28,5,4,1,0,0,6,4.000,False,False,0
29,5,3,2,0,1,6,1.500,False,True,0
30,5,3,1,0,1,6,3.000,False,False,0
31,5,1,3,0,1,6,0.333,False,True,0
32,5,2,3,1,1,6,0.667,True,False,0
33,5,3,1,0,1,6,3.000,False,False,0
34,5,3,3,0,1,6,1.000,False,True,0
35,5,4,1,0,0,6,4.000,False,False,0
36,5,3,2,0,1,6,1.500,False,True,0
37,5,2,2,0,1,6,1.000,False,True,0
38,5,3,3,0,1,6,1.000,False,True,0
39,5,4,1,0,1,6,4.000,False,False,0
40,5,4,0,0,0,6,6.000,False,False,0
41,5,2,3,0,1,6,0.667,False,True,0
42,5,0,4,0,1,6,0.000,False,True,0
43,5,3,3,0,1,6,1.000,False,False,0
44,5,4,0,0,0,6,6.000,False,False,0
45,5,3,2,0,1,6,1.500,False,True,0
46,5,1,3,0,1,6,0.333,False,True,0
47,5,3,2,0,1,6,1.500,False,False,0
48,5,2,3,0,1,6,0.667,False,True,0
49,5,1,3,0,1,6,0.333,False,True,0
50,5,2,3,1,1,6,0.667,False,False,0
51,5,4,2,0,1,6,2.000,True,False,0
52,5,5,0,0,1,6,6.000,False,False,0
53,5,4,0,0,0,6,6.000,False,True,0
54,5,3,3,0,1,6,1.000,False,True,0
55,5,2,2,0,1,6,1.000,False,True,0
56,5,3,2,0,1,6,1.500,False,False,0
57,5,3,2,0,0,6,1.500,False,True,0
58,5,1,3,0,1,6,0.333,False,True,0
59,5,3,3,0,1,6,1.000,False,False,0
60,5,5,1,0,1,6,5.000,False,False,0
61,5,4,0,0,0,6,6.000,False,False,0
62,5,3,3,0,1,6,1.000,True,True,0
63,5,2,1,0,1,6,2.000,False,False,0
64,5,1,4,0,1,6,0.250,False,True,0
65,5,3,3,0,1,6,1.000,False,False,0
66,5,4,0,0,1,6,6.000,False,False,0
67,5,3,2,0,0,6,1.500,False,True,0
68,5,2,3,0,1,6,0.667,False,True,0
69,5,2,2,0,1,6,1.000,False,False,0
70,5,3,3,0,1,6,1.000,False,True,0
71,5,4,0,0,1,6,6.000,False,False,0
72,5,2,3,0,0,6,0.667,False,True,0
73,5,1,3,0,1,6,0.333,False,True,0
74,5,3,3,0,1,6,1.000,True,False,0
75,5,1,3,0,1,6,0.333,False,True,0
76,5,3,2,0,1,6,1.500,False,False,0
77,5,2,3,0,1,6,0.667,False,True,0
78,5,3,1,0,1,6,3.000,False,False,0
79,5,3,3,0,1,6,1.000,True,True,0
80,5,1,3,0,1,6,0.333,False,True,0
81,5,4,1,0,1,6,4.000,False,False,0
82,5,3,3,0,1,6,1.000,True,True,0
83,5,4,1,0,0,6,4.000,False,False,0
84,5,2,2,0,1,6,1.000,False,True,0
85,5,2,3,0,1,6,0.667,False,True,0
86,5,2,2,0,1,6,1.000,False,False,0
87,5,2,4,0,0,6,0.500,True,True,0
88,5,3,2,0,1,6,1.500,False,False,0
89,5,4,2,0,1,6,2.000,False,False,0
90,5,4,1,0,1,6,4.000,False,False,0
91,5,4,0,0,1,6,6.000,False,False,0
92,5,4,2,0,0,6,2.000,False,True,0
93,5,3,1,0,1,6,3.000,False,False,0
94,5,3,2,0,1,6,1.500,False,True,0
95,5,4,2,0,1,6,2.000,False,False,0
96,5,3,1,0,1,6,3.000,False,False,0
97,5,3,2,0,1,6,1.500,False,True,0
98,5,2,2,0,0,6,1.000,False,True,0
99,5,2,3,0,1,6,0.667,False,True,0
100,5,3,3,0,1,6,1.000,True,False,0
101,5,4,1,0,1,6,4.000,False,False,0
102,5,5,0,0,0,6,6.000,False,False,0
103,5,3,2,0,1,6,1.500,False,True,0
104,5,1,2,0,1,6,0.500,False,True,0
105,5,1,5,0,1,6,0.200,True,True,0
106,5,4,2,0,1,6,2.000,False,False,0
107,5,5,0,0,1,6,6.000,False,False,0
108,5,4,0,0,1,6,6.000,False,True,0
109,5,2,2,0,0,6,1.000,False,True,0
110,5,3,2,0,1,6,1.500,False,False,0
111,5,3,3,0,1,6,1.000,False,True,0
112,5,5,1,0,1,6,5.000,False,False,0
113,5,3,0,0,1,6,6.000,False,False,0
114,5,2,3,0,0,6,0.667,False,True,0
115,5,2,3,0,1,6,0.667,False,True,0
116,5,4,1,0,1,6,4.000,False,False,0
117,5,4,1,0,1,6,4.000,False,True,0
118,5,3,1,0,1,6,3.000,False,True,0
119,5,4,1,0,1,6,4.000,False,False,0
120,5,4,1,0,0,6,4.000,False,True,0
121,5,2,2,0,1,6,1.000,False,True,0
122,5,1,4,0,1,6,0.250,False,True,0
123,5,3,2,0,1,6,1.500,False,False,0
124,5,2,3,0,1,6,0.667,False,True,0
125,5,4,1,1,0,6,4.000,False,False,0
126,5,4,1,0,1,6,4.000,False,True,0
127,5,4,1,0,1,6,4.000,False,True,0
128,5,3,1,0,1,6,3.000,False,True,0
129,5,1,3,0,0,6,0.333,False,True,0
130,5,2,3,0,1,6,0.667,False,False,0
131,5,3,3,0,1,6,1.000,False,False,0
132,5,1,3,0,1,6,0.333,False,True,0
133,5,4,1,0,0,6,4.000,False,False,0
134,5,2,3,0,1,6,0.667,False,True,0
135,5,3,3,0,1,6,1.000,True,False,0
136,5,3,1,0,1,6,3.000,False,False,0
137,5,2,3,0,1,6,0.667,False,True,0
138,5,2,3,0,0,6,0.667,False,True,0
139,5,2,3,0,1,6,0.667,False,True,0
140,5,3,2,0,1,6,1.500,False,False,0
141,5,4,1,1,1,6,4.000,False,False,0
142,5,2,1,1,0,6,2.000,False,True,0
143,5,2,4,0,1,6,0.500,True,True,0
144,5,1,3,0,1,6,0.333,False,True,0
145,5,3,2,0,1,6,1.500,False,False,0
146,5,3,3,0,1,6,1.000,True,True,0
147,5,4,0,0,1,6,6.000,False,False,0
148,5,3,2,0,0,6,1.500,False,True,0
149,5,1,3,0,1,6,0.333,False,True,0
150,5,4,2,0,1,6,2.000,False,False,0
151,5,4,0,0,1,6,6.000,False,False,0
152,5,3,1,0,0,6,3.000,False,True,0
153,5,1,4,0,1,6,0.250,False,True,0
154,5,1,4,0,1,6,0.250,False,True,0
155,5,4,1,1,1,6,4.000,False,False,0
156,5,6,0,0,0,6,6.000,False,False,0
157,5,2,1,0,1,6,2.000,False,True,0
158,5,1,3,0,1,6,0.333,False,True,0
159,5,3,2,0,1,6,1.500,False,False,0
160,5,3,2,0,0,6,1.500,False,True,0
161,5,3,2,0,1,6,1.500,False,True,0
162,5,3,2,0,1,6,1.500,False,True,0
163,5,1,3,0,1,6,0.333,False,True,0
164,5,1,4,0,1,6,0.250,False,True,0
165,5,2,4,0,1,6,0.500,True,False,0
166,5,5,1,0,1,6,5.000,False,False,0
167,5,4,0,0,0,6,6.000,False,False,0
168,5,3,2,0,1,6,1.500,False,True,0
169,5,1,3,0,1,6,0.333,False,True,0
170,5,0,5,0,1,6,0.000,False,True,0
171,5,3,3,0,1,6,1.000,False,False,0
172,5,3,3,0,1,6,1.000,False,True,0
173,5,4,1,0,0,6,4.000,False,False,0
174,5,3,2,0,1,6,1.500,False,True,0
175,5,1,2,0,1,6,0.500,False,True,0
176,5,2,3,1,1,6,0.667,False,False,0
177,5,2,2,1,1,6,1.000,False,False,0
178,5,3,2,0,1,6,1.500,False,False,0
179,5,4,1,0,0,6,4.000,False,False,0
180,5,3,2,0,1,6,1.500,False,True,0
181,5,1,3,0,1,6,0.333,False,True,0
182,5,2,3,0,1,6,0.667,False,False,0
183,5,3,2,0,1,6,1.500,False,False,0
184,5,3,2,0,1,6,1.500,False,True,0
185,5,4,1,0,0,6,4.000,False,False,0
186,5,2,3,0,1,6,0.667,False,True,0
187,5,2,3,0,1,6,0.667,False,True,0
188,5,3,2,0,1,6,1.500,False,False,0
189,5,3,2,0,1,6,1.500,False,True,0
190,5,2,3,0,1,6,0.667,False,True,0
191,5,3,2,0,0,6,1.500,False,False,0
192,5,3,3,0,1,6,1.000,False,True,0
193,5,3,1,0,1,6,3.000,False,False,0
194,5,4,1,0,1,6,4.000,False,False,0
195,5,4,2,0,0,6,2.000,False,True,0
196,5,3,1,0,1,6,3.000,False,False,0
197,5,2,2,0,1,6,1.000,False,True,0
198,5,1,4,0,1,6,0.250,False,True,0
199,5,4,2,0,0,6,2.000,False,False,0
200,5,3,2,0,1,6,1.500,False,True,0
201,5,2,3,0,1,6,0.667,False,True,0
202,5,1,3,0,1,6,0.333,False,True,0
203,5,4,2,0,1,6,2.000,False,False,0
204,5,5,1,0,1,6,5.000,False,False,0
205,5,3,0,0,0,6,6.000,False,False,0
206,5,2,3,0,1,6,0.667,False,True,0
207,5,1,4,0,1,6,0.250,False,True,0
208,5,3,3,0,1,6,1.000,False,False,0
209,5,3,2,0,1,6,1.500,False,False,0
210,5,5,1,0,1,6,5.000,False,False,0
211,5,2,1,0,1,6,2.000,False,True,0
212,5,1,3,1,1,6,0.333,False,True,0
213,5,1,4,0,1,6,0.250,False,True,0
214,5,3,2,0,0,6,1.500,False,False,0
215,5,3,2,0,1,6,1.500,False,True,0
216,5,2,2,0,1,6,1.000,False,True,0
217,5,1,4,0,1,6,0.250,False,True,0
218,5,2,3,0,1,6,0.667,False,False,0
219,5,2,4,0,1,6,0.500,True,True,0
220,5,4,1,0,0,6,4.000,False,False,0
221,5,4,1,0,1,6,4.000,False,True,0
222,5,4,1,1,1,6,4.000,False,True,0
223,5,0,1,1,1,6,0.000,False,True,0
224,5,0,6,0,1,6,0.000,True,True,0
225,5,2,4,0,0,6,0.500,False,False,0
226,5,5,1,0,1,6,5.000,False,False,0
227,5,5,0,0,1,6,6.000,False,False,0
228,5,2,0,0,1,6,6.000,False,True,0
229,5,0,5,0,0,6,0.000,False,True,0
230,5,1,5,0,1,6,0.200,True,False,0
231,5,3,3,0,1,6,1.000,False,False,0
232,5,4,0,0,1,6,6.000,False,False,0
233,5,2,2,0,1,6,1.000,False,True,0
234,5,1,4,0,1,6,0.250,False,True,0
235,5,2,3,0,0,6,0.667,False,False,0
236,5,3,3,0,1,6,1.000,False,False,0
237,5,5,1,0,1,6,5.000,False,False,0
238,5,3,1,0,1,6,3.000,False,True,0
239,5,2,2,0,1,6,1.000,False,True,0
240,5,1,4,0,1,6,0.250,False,True,0
241,5,2,3,1,0,6,0.667,False,False,0
242,5,5,1,0,1,6,5.000,False,False,0
243,5,4,0,0,1,6,6.000,False,False,0
244,5,4,1,0,1,6,4.000,False,True,0
245,5,2,2,0,0,6,1.000,False,True,0
246,5,3,3,0,1,6,1.000,False,True,0
247,5,3,2,0,1,6,1.500,False,False,1
248,5,4,2,0,1,6,2.000,False,False,1
249,5,3,3,0,1,6,1.000,False,True,1
250,5,1,5,0,1,6,0.200,True,True,1
251,5,2,6,1,1,6,0.333,True,False,1
252,5,4,3,0,0,6,1.333,False,False,1
253,5,3,5,0,1,6,0.600,True,True,1
254,5,1,5,0,1,6,0.200,True,True,1
255,5,2,7,0,1,6,0.286,True,False,1
256,5,2,6,0,1,6,0.333,True,False,1
257,5,0,7,0,1,6,0.000,True,True,1
258,5,4,6,0,0,6,0.667,True,False,1
259,5,5,7,0,1,6,0.714,True,False,1
260,5,4,5,0,1,6,0.800,True,False,1
261,5,1,4,0,1,6,0.250,False,True,1
262,5,1,8,0,1,6,0.125,True,True,1
263,5,6,6,0,0,6,1.000,True,False,1
264,5,4,5,0,1,6,0.800,True,True,1
265,5,2,5,0,1,6,0.400,False,True,1
266,5,2,6,1,1,6,0.333,True,True,1
267,5,5,7,0,1,6,0.714,True,False,1
268,5,4,4,0,0,6,1.000,False,False,1
269,5,3,6,0,1,6,0.500,True,True,1
270,5,0,4,0,1,6,0.000,False,True,1
271,5,2,7,0,1,6,0.286,True,False,1
272,5,1,5,1,1,6,0.200,False,True,1
273,5,1,8,0,1,6,0.125,True,True,1
274,5,3,6,0,1,6,0.500,True,False,1
275,5,3,6,0,0,6,0.500,True,True,1
276,5,2,6,0,1,6,0.333,True,True,1
277,5,1,8,1,1,6,0.125,True,True,1
278,5,1,6,1,1,6,0.167,True,False,1
279,5,2,5,0,1,6,0.400,False,False,1
280,5,1,6,0,0,6,0.167,False,True,1
281,5,0,9,1,1,6,0.000,True,True,1
282,5,0,10,1,1,6,0.000,True,True,1
283,5,0,4,0,1,6,0.000,False,True,1
284,5,0,10,0,1,6,0.000,True,True,1
285,5,0,7,0,0,6,0.000,False,True,1
286,5,0,7,0,1,6,0.000,False,True,1
287,5,0,10,0,1,6,0.000,True,True,1
288,5,0,7,0,1,6,0.000,False,True,1
289,5,0,8,2,1,6,0.000,True,True,1
290,5,2,6,0,0,6,0.333,False,False,1
291,5,1,6,1,1,6,0.167,False,True,1
292,5,0,7,1,1,6,0.000,True,True,1
293,5,2,8,1,1,6,0.250,True,False,1
294,5,2,5,0,0,6,0.400,False,False,1
295,5,1,5,0,1,6,0.200,False,True,1
296,5,0,6,0,1,6,0.000,False,True,1
297,5,1,7,1,1,6,0.143,True,False,1
298,5,3,8,0,1,6,0.375,True,False,1
299,5,5,6,0,1,6,0.833,True,False,1
300,5,2,3,1,0,6,0.667,False,True,1
301,5,1,6,0,1,6,0.167,False,True,1
302,5,1,7,0,1,6,0.143,False,True,1
303,5,2,7,0,1,6,0.286,True,False,1
304,5,4,6,0,1,6,0.667,True,False,1
305,5,4,5,0,0,6,0.800,False,False,1
306,5,3,5,0,1,6,0.600,False,True,1
307,5,3,7,0,1,6,0.429,True,True,1
308,5,1,6,0,1,6,0.167,False,True,1
309,5,2,7,0,1,6,0.286,False,False,1
310,5,6,7,0,1,6,0.857,True,False,1
311,5,5,5,0,0,6,1.000,False,False,1
312,5,2,5,0,1,6,0.400,False,True,1
313,5,2,5,0,1,6,0.400,False,True,1
314,5,1,7,0,1,6,0.143,False,True,1
315,5,4,5,0,0,6,0.800,False,False,1
316,5,2,6,0,1,6,0.333,False,True,1
317,5,2,6,0,1,6,0.333,False,True,1
318,5,4,5,0,1,6,0.800,False,False,1
319,5,3,5,0,1,6,0.600,False,True,1
320,5,3,5,0,0,6,0.600,False,True,1
321,5,2,7,0,1,6,0.286,False,True,1
322,5,4,4,0,1,6,1.000,False,False,1
323,5,3,0,0,1,6,6.000,False,False,1
324,5,2,2,0,1,6,1.000,False,True,1
325,5,2,3,0,1,6,0.667,False,True,1
326,5,4,2,0,0,6,2.000,False,False,1
327,5,3,2,0,1,6,1.500,False,True,1
328,5,3,1,0,1,6,3.000,False,False,0
329,5,3,3,0,1,6,1.000,False,True,0
330,5,3,1,0,1,6,3.000,False,False,0
331,5,3,1,0,0,6,3.000,False,True,0
332,5,2,4,0,1,6,0.500,False,True,0
333,5,3,2,0,1,6,1.500,False,False,0
334,5,4,1,0,1,6,4.000,False,False,0
335,5,4,1,0,1,6,4.000,False,True,0
336,5,3,1,0,1,6,3.000,False,True,0
337,5,0,3,1,0,6,0.000,False,True,0
338,5,0,6,0,1,6,0.000,False,True,0
339,5,5,1,0,1,6,5.000,False,False,0
340,5,3,0,0,1,6,6.000,False,False,0
341,5,3,3,0,1,6,1.000,False,True,0
342,5,6,0,0,0,6,6.000,False,False,0
343,5,3,0,0,1,6,6.000,False,True,0
344,5,3,3,0,1,6,1.000,False,True,0
345,5,4,1,0,1,6,4.000,False,False,0
346,5,1,3,0,1,6,0.333,False,True,0
347,5,4,2,0,0,6,2.000,False,False,0
348,5,2,2,0,1,6,1.000,False,True,0
349,5,3,3,0,1,6,1.000,False,True,0
350,5,5,0,0,1,6,6.000,False,False,0
351,5,2,2,0,0,6,1.000,False,True,0
352,5,2,3,0,1,6,0.667,False,True,0
353,5,1,3,0,1,6,0.333,False,True,0
354,5,2,4,0,1,6,0.500,False,False,0
355,5,5,1,0,0,6,5.000,False,False,0
356,5,4,2,0,1,6,2.000,False,True,0
357,5,3,1,0,1,6,3.000,False,False,0
358,5,2,2,0,1,6,1.000,False,True,0
359,5,1,3,0,1,6,0.333,False,True,0
360,5,1,5,0,0,6,0.200,False,True,0
361,5,2,3,0,1,6,0.667,False,False,0
362,5,1,4,0,1,6,0.250,False,True,0
363,5,3,2,0,1,6,1.500,False,False,0
364,5,3,2,0,1,6,1.500,False,True,0
365,5,3,3,0,1,6,1.000,False,True,0
366,5,0,2,1,1,6,0.000,False,True,0
367,5,1,4,1,0,6,0.250,False,False,0
368,5,2,3,0,1,6,0.667,False,False,0
369,5,5,1,0,1,6,5.000,False,False,0
370,5,5,0,0,0,6,6.000,False,False,0
371,5,1,2,0,1,6,0.500,False,True,0
372,5,0,5,0,1,6,0.000,False,True,0
373,5,1,4,1,1,6,0.250,False,False,0
374,5,4,1,0,1,6,4.000,False,False,0
375,5,6,0,0,1,6,6.000,False,False,0
376,5,5,0,0,1,6,6.000,False,True,0
377,5,4,0,0,0,6,6.000,False,True,0
378,5,2,2,0,1,6,1.000,False,True,0
379,5,1,3,0,1,6,0.333,False,True,0
380,5,2,3,1,1,6,0.667,False,False,0
381,5,4,1,1,1,6,4.000,False,False,0
382,5,3,0,0,0,6,6.000,False,False,0
383,5,3,3,0,1,6,1.000,False,True,0
384,5,3,2,0,1,6,1.500,False,False,0
385,5,3,2,0,1,6,1.500,False,True,0
386,5,2,2,1,0,6,1.000,False,True,0
387,5,3,1,0,1,6,3.000,False,False,0
388,5,2,3,0,1,6,0.667,False,True,0
389,5,3,2,0,1,6,1.500,False,False,0
390,5,2,3,0,1,6,0.667,False,True,0
391,5,5,0,0,1,6,6.000,False,False,0
392,5,1,1,1,1,6,1.000,False,True,0
393,5,4,2,0,0,6,2.000,False,False,0
394,5,2,2,0,1,6,1.000,False,True,0
395,5,3,2,0,1,6,1.500,False,False,0
396,5,2,3,1,1,6,0.667,False,True,0
397,5,3,1,0,1,6,3.000,False,False,0
398,5,4,2,0,1,6,2.000,False,True,0
399,5,4,0,0,0,6,6.000,False,False,0
400,5,2,3,0,1,6,0.667,False,True,0
401,5,0,4,0,1,6,0.000,False,True,0
402,5,4,2,0,1,6,2.000,False,False,0
403,5,4,0,0,1,6,6.000,False,False,0
404,5,4,1,0,1,6,4.000,False,True,0
405,5,4,1,0,0,6,4.000,False,True,0
406,5,2,2,0,1,6,1.000,False,True,0
407,5,3,2,0,1,6,1.500,False,False,0
408,5,2,3,0,1,6,0.667,False,True,0
409,5,5,1,0,0,6,5.000,False,False,0
410,5,2,2,0,1,6,1.000,False,True,0
411,5,0,4,0,1,6,0.000,False,True,0
412,5,2,4,0,1,6,0.500,False,False,0
413,5,3,1,0,1,6,3.000,False,False,0
414,5,3,2,0,1,6,1.500,False,True,0
415,5,2,4,0,1,6,0.500,False,True,0
416,5,2,2,0,0,6,1.000,False,False,0
417,5,2,4,0,1,6,0.500,False,True,0
418,5,4,1,0,1,6,4.000,False,False,0
419,5,2,1,0,1,6,2.000,False,True,0
420,5,2,4,0,1,6,0.500,False,True,0
421,5,3,2,0,0,6,1.500,False,False,0
422,5,3,2,0,1,6,1.500,False,True,0
423,5,1,3,0,1,6,0.333,False,True,0
424,5,2,4,0,1,6,0.500,False,False,0
425,5,3,2,0,1,6,1.500,False,False,0
426,5,5,1,0,1,6,5.000,False,False,0
427,5,2,0,0,0,6,6.000,False,False,0
428,5,2,4,0,1,6,0.500,False,True,0
429,5,3,2,0,1,6,1.500,False,False,0
430,5,6,0,0,1,6,6.000,False,False,0
431,5,4,0,0,1,6,6.000,False,True,0
432,5,3,1,0,1,6,3.000,False,True,0
433,5,4,2,0,1,6,2.000,False,True,0
434,5,4,0,0,0,6,6.000,False,False,0
435,5,2,2,0,1,6,1.000,False,True,0
436,5,3,3,0,1,6,1.000,False,True,0
437,5,3,1,0,1,6,3.000,False,False,0
438,5,2,2,0,1,6,1.000,False,True,0
439,5,3,2,0,1,6,1.500,False,False,0
440,5,3,2,0,0,6,1.500,False,True,0
441,5,1,3,0,1,6,0.333,False,True,0
442,5,1,4,0,1,6,0.250,False,True,0
443,5,4,2,0,1,6,2.000,False,False,0
444,5,3,1,1,1,6,3.000,False,False,0
445,5,5,0,0,0,6,6.000,False,False,0
446,5,3,1,0,1,6,3.000,False,True,0
447,5,1,3,0,1,6,0.333,False,True,0
448,5,3,3,0,1,6,1.000,False,False,0
449,5,5,1,0,1,6,5.000,False,False,0
450,5,5,0,0,0,6,6.000,False,False,0
451,5,4,1,0,1,6,4.000,False,True,0
452,5,3,1,0,1,6,3.000,False,True,0
453,5,2,3,0,1,6,0.667,False,True,0
454,5,3,2,0,0,6,1.500,False,False,0
455,5,4,2,0,1,6,2.000,False,False,0
456,5,3,1,0,1,6,3.000,False,False,0
457,5,2,2,0,1,6,1.000,False,True,0
458,5,1,4,0,1,6,0.250,False,True,0
459,5,1,4,0,1,6,0.250,False,True,0
460,5,1,5,0,1,6,0.200,False,True,0
461,5,3,3,0,0,6,1.000,False,False,0
462,5,4,0,0,1,6,6.000,False,False,0
463,5,3,2,0,1,6,1.500,False,True,0
464,5,2,2,0,1,6,1.000,False,True,0
465,5,1,3,1,1,6,0.333,False,True,0
466,5,3,3,0,1,6,1.000,False,False,0
467,5,2,3,0,0,6,0.667,False,True,0
468,5,2,3,0,1,6,0.667,False,True,0
469,5,3,2,0,1,6,1.500,False,False,0
470,5,3,2,0,1,6,1.500,False,True,0
471,5,4,1,0,1,6,4.000,False,False,0
472,5,1,3,0,1,6,0.333,False,True,0
473,5,4,2,0,0,6,2.000,False,False,0
474,5,3,2,0,1,6,1.500,False,True,0
475,5,0,3,0,1,6,0.000,False,True,0
476,5,1,5,0,1,6,0.200,False,False,0
477,5,3,3,0,1,6,1.000,False,False,0
478,5,2,3,0,1,6,0.667,False,True,0
479,5,2,1,1,0,6,2.000,False,False,0
480,5,4,2,0,1,6,2.000,False,True,0
481,5,3,0,0,1,6,6.000,False,False,0
482,5,2,3,0,1,6,0.667,False,True,0
483,5,0,3,1,1,6,0.000,False,True,0
484,5,2,4,0,1,6,0.500,False,False,0
485,5,3,1,0,0,6,3.000,False,False,0
486,5,2,3,0,1,6,0.667,False,True,0
487,5,2,3,0,1,6,0.667,False,True,0
488,5,5,1,0,1,6,5.000,False,False,0
489,5,6,0,0,1,6,6.000,False,False,0
490,5,3,0,0,0,6,6.000,False,True,0
491,5,1,3,0,1,6,0.333,False,True,0
492,5,2,4,0,1,6,0.500,False,False,0
493,5,4,1,0,1,6,4.000,False,False,0
494,5,5,0,0,1,6,6.000,False,False,0
495,5,4,1,0,0,6,4.000,False,True,0
496,5,3,2,0,1,6,1.500,False,True,0
497,5,1,2,0,1,6,0.500,False,True,0
498,5,0,5,0,1,6,0.000,False,True,0
499,5,0,6,0,1,6,0.000,False,True,0
500,5,6,0,0,1,6,6.000,False,False,0
501,5,3,0,0,0,6,6.000,False,True,0
502,5,1,3,0,1,6,0.333,False,True,0
503,5,1,4,0,1,6,0.250,False,True,0
504,5,2,3,1,1,6,0.667,False,False,0
505,5,6,0,0,0,6,6.000,False,False,0
506,5,3,1,0,1,6,3.000,False,True,0
507,5,1,2,0,1,6,0.500,False,True,0
508,5,0,5,0,1,6,0.000,False,True,0
509,5,3,3,0,1,6,1.000,False,False,0
510,5,1,3,0,1,6,0.333,False,True,0
511,5,3,3,0,1,6,1.000,False,False,0
512,5,3,1,0,1,6,3.000,False,False,0
513,5,3,3,0,1,6,1.000,False,True,0
514,5,3,2,0,0,6,1.500,False,False,0
515,5,3,2,0,1,6,1.500,False,True,0
516,5,1,3,0,1,6,0.333,False,True,0
517,5,2,3,0,1,6,0.667,False,False,0
518,5,2,3,0,1,6,0.667,False,True,0
519,5,3,2,0,1,6,1.500,False,False,0
520,5,3,2,0,1,6,1.500,False,True,0
521,5,2,3,0,0,6,0.667,False,True,0
522,5,1,4,0,1,6,0.250,False,True,0
523,5,2,4,0,1,6,0.500,False,False,0
524,5,5,0,0,0,6,6.000,False,False,0
525,5,5,1,0,1,6,5.000,False,True,0
526,5,0,1,0,1,6,0.000,False,True,0
527,5,1,5,0,1,6,0.200,False,False,0
528,5,2,4,0,1,6,0.500,False,False,0
529,5,1,3,0,1,6,0.333,False,True,0
530,5,3,3,0,1,6,1.000,False,False,0
531,5,4,1,1,0,6,4.000,False,False,0
532,5,3,0,0,1,6,6.000,False,False,0
533,5,2,3,0,1,6,0.667,False,True,0
534,5,1,3,0,1,6,0.333,False,True,0
535,5,1,4,1,1,6,0.250,False,True,0
536,5,2,4,0,0,6,0.500,False,False,0
537,5,4,0,0,1,6,6.000,False,False,0
538,5,4,2,0,1,6,2.000,False,True,0
539,5,2,2,0,1,6,1.000,False,True,0
540,5,2,2,0,1,6,1.000,False,True,0
541,5,2,3,1,1,6,0.667,False,True,0
542,5,2,3,0,0,6,0.667,False,True,0
543,5,2,2,0,1,6,1.000,False,False,0
544,5,2,3,0,1,6,0.667,False,True,0
545,5,3,3,0,1,6,1.000,False,False,0
546,5,5,1,0,1,6,5.000,False,False,0
547,5,4,0,0,1,6,6.000,False,False,0
548,5,2,1,1,0,6,2.000,False,True,0
549,5,2,3,0,1,6,0.667,False,True,0
550,5,1,3,0,1,6,0.333,False,True,0
551,5,3,3,0,1,6,1.000,False,False,0
552,5,4,1,0,1,6,4.000,False,False,0
553,5,2,2,0,0,6,1.000,False,True,0
554,5,1,4,0,1,6,0.250,False,True,0
555,5,1,3,1,1,6,0.333,False,False,0
556,5,4,1,1,1,6,4.000,False,False,0
557,5,3,0,0,0,6,6.000,False,False,0
558,5,1,3,0,1,6,0.333,False,True,0
559,5,1,5,0,1,6,0.200,False,True,0
560,5,3,3,0,1,6,1.000,False,False,0
561,5,5,0,0,0,6,6.000,False,False,0
562,5,3,1,0,1,6,3.000,False,True,0
563,5,1,3,0,1,6,0.333,False,True,0
564,5,1,5,0,1,6,0.200,False,True,0
565,5,3,2,0,1,6,1.500,False,False,0
566,5,3,3,0,1,6,1.000,False,True,0
567,5,4,2,0,1,6,2.000,False,False,0
568,5,3,0,0,1,6,6.000,False,False,0
569,5,3,2,0,0,6,1.500,False,True,0
570,5,2,4,0,1,6,0.500,False,True,0
571,5,2,2,0,1,6,1.000,False,False,0
572,5,1,4,0,1,6,0.250,False,True,0
573,5,3,3,0,1,6,1.000,False,False,0
574,5,2,1,0,1,6,2.000,False,False,0
575,5,2,4,0,0,6,0.500,False,True,0
576,5,2,3,0,1,6,0.667,False,False,0
577,5,5,0,0,1,6,6.000,False,False,0
578,5,3,1,1,1,6,3.000,False,True,0
579,5,3,1,0,0,6,3.000,False,True,0
580,5,2,3,0,1,6,0.667,False,True,1
581,5,3,3,0,1,6,1.000,False,False,1
582,5,4,4,0,1,6,1.000,False,True,1
583,5,4,1,0,1,6,4.000,False,False,1
584,5,1,4,1,1,6,0.250,False,True,1
585,5,3,6,0,0,6,0.500,True,False,1
586,5,3,4,0,1,6,0.750,False,False,1
587,5,3,6,0,1,6,0.500,True,True,1
588,5,2,4,0,1,6,0.500,False,True,1
589,5,1,6,0,0,6,0.167,False,True,1
590,5,1,7,0,1,6,0.143,True,True,1
591,5,1,6,0,1,6,0.167,False,True,1
592,5,4,6,0,1,6,0.667,True,False,1
593,5,4,6,0,1,6,0.667,True,True,1
594,5,3,5,0,1,6,0.600,True,True,1
595,5,1,5,1,0,6,0.200,False,True,1
596,5,2,7,0,1,6,0.286,True,False,1
597,5,5,6,0,1,6,0.833,True,False,1
598,5,4,5,0,1,6,0.800,True,True,1
599,5,3,8,0,1,6,0.375,True,True,1
600,5,2,6,0,0,6,0.333,True,True,1
601,5,5,7,0,1,6,0.714,True,False,1
602,5,2,4,0,1,6,0.500,False,True,1
603,5,1,6,1,1,6,0.167,True,True,1
604,5,0,6,1,0,6,0.000,False,True,1
605,5,2,7,0,1,6,0.286,True,False,1
606,5,1,6,1,1,6,0.167,True,True,1
607,5,2,7,1,1,6,0.286,True,False,1
608,5,4,5,0,1,6,0.800,True,False,1
609,5,2,7,0,1,6,0.286,True,True,1
610,5,3,5,0,0,6,0.600,False,False,1
611,5,0,7,1,1,6,0.000,True,True,1
612,5,2,8,0,1,6,0.250,True,False,1
613,5,0,6,1,1,6,0.000,True,True,1
614,5,0,6,2,0,6,0.000,True,True,1
615,5,0,6,1,1,6,0.000,True,True,1
616,5,0,7,0,1,6,0.000,True,True,1
617,5,0,9,0,1,6,0.000,True,True,1
618,5,0,10,0,1,6,0.000,True,True,1
619,5,0,9,0,1,6,0.000,True,True,1
620,5,0,5,0,1,6,0.000,False,True,1
621,5,0,10,0,1,6,0.000,True,True,1
622,5,0,8,1,1,6,0.000,True,True,1
623,5,2,9,0,0,6,0.222,True,False,1
624,5,1,7,0,1,6,0.143,True,True,1
625,5,1,6,1,1,6,0.167,True,True,1
626,5,1,6,0,1,6,0.167,True,True,1
627,5,0,9,1,1,6,0.000,True,True,1
628,5,4,7,0,1,6,0.571,True,False,1
629,5,3,6,1,0,6,0.500,True,True,1
630,5,1,4,0,1,6,0.250,False,True,1
631,5,1,6,0,1,6,0.167,True,True,1
632,5,3,7,0,1,6,0.429,True,False,1
633,5,3,8,0,1,6,0.375,True,True,1
634,5,1,4,1,1,6,0.250,False,True,1
635,5,2,7,0,1,6,0.286,True,False,1
636,5,2,6,0,0,6,0.333,True,False,1
637,5,3,6,0,1,6,0.500,True,False,1
638,5,3,7,0,1,6,0.429,True,True,1
639,5,3,5,0,1,6,0.600,True,False,1
640,5,4,6,0,1,6,0.667,True,False,1
641,5,3,6,0,0,6,0.500,True,True,1
642,5,4,6,0,1,6,0.667,True,False,1
643,5,3,6,0,1,6,0.500,True,True,1
644,5,1,4,0,1,6,0.250,False,True,1
645,5,1,8,0,1,6,0.125,True,True,1
646,5,2,6,0,1,6,0.333,True,False,1
647,5,2,7,0,1,6,0.286,True,True,1
648,5,4,7,0,1,6,0.571,True,False,1
649,5,5,5,0,0,6,1.000,True,False,1
650,5,1,4,0,1,6,0.250,False,True,1
651,5,0,7,0,1,6,0.000,True,True,1
652,5,1,7,1,1,6,0.143,True,False,1
653,5,5,4,0,1,6,1.250,True,False,1
654,5,5,3,0,1,6,1.667,False,False,1
655,5,2,2,0,0,6,1.000,False,True,1
656,5,1,4,0,1,6,0.250,False,True,1
657,5,2,4,0,1,6,0.500,False,False,1
658,5,3,2,0,1,6,1.500,False,False,1
659,5,3,1,0,1,6,3.000,False,False,1
660,5,3,2,0,0,6,1.500,False,True,0
661,5,2,4,0,1,6,0.500,False,True,0
662,5,5,0,0,1,6,6.000,False,False,0
663,5,5,0,0,1,6,6.000,False,True,0
664,5,2,1,0,0,6,2.000,False,True,0
665,5,2,4,0,1,6,0.500,False,True,0
666,5,3,2,0,1,6,1.500,False,False,0
667,5,3,3,0,1,6,1.000,False,True,0
668,5,2,1,0,1,6,2.000,False,False,0
669,5,1,3,1,1,6,0.333,False,True,0
670,5,3,3,0,1,6,1.000,False,False,0
671,5,4,1,0,0,6,4.000,False,False,0
672,5,2,2,0,1,6,1.000,False,True,0
673,5,4,2,0,1,6,2.000,False,False,0
674,5,1,2,0,1,6,0.500,False,True,0
675,5,2,3,0,1,6,0.667,False,False,0
676,5,6,0,0,1,6,6.000,False,False,0
677,5,4,0,0,0,6,6.000,False,True,0
678,5,2,2,0,1,6,1.000,False,True,0
679,5,1,4,0,1,6,0.250,False,True,0
680,5,5,0,0,1,6,6.000,False,False,0
681,5,5,1,0,1,6,5.000,False,True,0
682,5,3,1,0,0,6,3.000,False,True,0
683,5,3,2,0,1,6,1.500,False,True,0
684,5,2,2,0,1,6,1.000,False,True,0
685,5,2,4,0,1,6,0.500,False,True,0
686,5,2,3,0,1,6,0.667,False,False,0
687,5,3,1,0,0,6,3.000,False,False,0
688,5,3,3,0,1,6,1.000,False,True,0
689,5,6,0,0,1,6,6.000,False,False,0
690,5,3,0,0,1,6,6.000,False,True,0
691,5,3,2,0,0,6,1.500,False,True,0
692,5,1,3,0,1,6,0.333,False,True,0
693,5,1,4,0,1,6,0.250,False,True,0
694,5,4,2,0,1,6,2.000,False,False,0
695,5,3,0,0,0,6,6.000,False,False,0
696,5,2,3,0,1,6,0.667,False,True,0
697,5,2,3,0,1,6,0.667,False,True,0
698,5,2,4,0,1,6,0.500,False,True,0
699,5,3,2,0,1,6,1.500,False,False,0
700,5,6,0,0,1,6,6.000,False,False,0
701,5,2,0,0,1,6,6.000,False,True,0
702,5,2,4,0,0,6,0.500,False,True,0
703,5,3,2,0,1,6,1.500,False,False,0
704,5,3,1,0,1,6,3.000,False,False,0
705,5,2,2,0,1,6,1.000,False,True,0
706,5,4,2,0,0,6,2.000,False,False,0
707,5,2,2,0,1,6,1.000,False,True,0
708,5,3,3,0,1,6,1.000,False,True,0
709,5,4,2,0,1,6,2.000,False,False,0
710,5,4,0,0,1,6,6.000,False,False,0
711,5,1,2,0,1,6,0.500,False,True,0
712,5,2,4,0,0,6,0.500,False,True,0
713,5,0,4,0,1,6,0.000,False,True,0
714,5,1,5,0,1,6,0.200,False,False,0
715,5,2,4,0,1,6,0.500,False,False,0
716,5,5,0,0,1,6,6.000,False,False,0
717,5,5,0,0,1,6,6.000,False,True,0
718,5,0,2,0,0,6,0.000,False,True,0
719,5,0,6,0,1,6,0.000,False,True,0
720,5,0,6,0,1,6,0.000,False,True,0
721,5,3,3,0,1,6,1.000,False,False,0
722,5,5,1,0,1,6,5.000,False,False,0
723,5,4,0,0,1,6,6.000,False,False,0
724,5,4,1,0,0,6,4.000,False,True,0
725,5,1,3,0,1,6,0.333,False,True,0
726,5,3,3,0,1,6,1.000,False,False,0
727,5,1,3,0,1,6,0.333,False,True,0
728,5,3,2,0,1,6,1.500,False,False,0
729,5,1,3,0,0,6,0.333,False,True,0
730,5,2,4,0,1,6,0.500,False,False,0
731,5,3,2,0,1,6,1.500,False,False,0
732,5,4,0,0,1,6,6.000,False,False,0
733,5,3,2,0,1,6,1.500,False,True,0
734,5,0,3,1,0,6,0.000,False,True,0
735,5,3,3,0,1,6,1.000,False,False,0
736,5,3,2,0,1,6,1.500,False,False,0
737,5,4,1,0,1,6,4.000,False,False,0
738,5,4,1,0,0,6,4.000,False,True,0
739,5,3,3,0,1,6,1.000,False,True,0
740,5,1,2,0,1,6,0.500,False,True,0
741,5,3,3,0,1,6,1.000,False,False,0
742,5,4,1,0,1,6,4.000,False,False,0
743,5,4,1,0,1,6,4.000,False,True,0
744,5,2,1,0,0,6,2.000,False,True,0
745,5,3,3,0,1,6,1.000,False,True,0
746,5,3,2,0,1,6,1.500,False,False,0
747,5,5,1,0,1,6,5.000,False,False,0
748,5,3,0,0,1,6,6.000,False,False,0
749,5,2,3,0,1,6,0.667,False,True,0
750,5,1,3,1,0,6,0.333,False,True,0
751,5,2,4,0,1,6,0.500,False,False,0
752,5,4,1,0,1,6,4.000,False,False,0
753,5,2,1,0,0,6,2.000,False,True,0
754,5,2,4,0,1,6,0.500,False,True,0
755,5,2,3,0,1,6,0.667,False,False,0
756,5,2,3,0,1,6,0.667,False,True,0
757,5,5,1,0,1,6,5.000,False,False,0
758,5,4,1,0,0,6,4.000,False,True,0
759,5,1,3,0,1,6,0.333,False,True,0
760,5,3,2,0,1,6,1.500,False,False,0
761,5,4,2,0,1,6,2.000,False,False,0
762,5,4,0,0,1,6,6.000,False,False,0
763,5,3,1,0,0,6,3.000,False,True,0
764,5,0,4,0,1,6,0.000,False,True,0
765,5,3,3,0,1,6,1.000,False,False,0
766,5,5,1,0,0,6,5.000,False,False,0
767,5,2,1,0,1,6,2.000,False,True,0
768,5,1,3,0,1,6,0.333,False,True,0
769,5,0,5,0,1,6,0.000,False,True,0
770,5,1,5,0,1,6,0.200,False,False,0
771,5,6,0,0,1,6,6.000,False,False,0
772,5,6,0,0,0,6,6.000,False,True,0
773,5,4,0,0,1,6,6.000,False,True,0
774,5,0,2,0,1,6,0.000,False,True,0
775,5,0,6,0,1,6,0.000,False,True,0
776,5,1,5,0,1,6,0.200,False,False,0
777,5,2,4,0,0,6,0.500,False,False,0
778,5,2,2,0,1,6,1.000,False,False,0
779,5,4,2,0,1,6,2.000,False,False,0
780,5,0,2,0,1,6,0.000,False,True,0
781,5,2,4,0,1,6,0.500,False,False,0
782,5,5,1,0,1,6,5.000,False,False,0
783,5,3,1,0,1,6,3.000,False,True,0
784,5,2,3,0,1,6,0.667,False,True,0
785,5,3,2,0,1,6,1.500,False,False,0
786,5,1,3,1,1,6,0.333,False,True,0
787,5,1,4,0,0,6,0.250,False,True,0
788,5,4,2,0,1,6,2.000,False,False,0
789,5,4,1,0,1,6,4.000,False,False,0
790,5,2,1,0,1,6,2.000,False,True,0
791,5,3,3,0,1,6,1.000,False,True,0
792,5,2,2,0,1,6,1.000,False,True,0
793,5,3,3,0,1,6,1.000,False,True,0
794,5,2,2,0,1,6,1.000,False,True,0
795,5,2,2,0,0,6,1.000,False,True,0
796,5,3,3,0,1,6,1.000,False,True,0
797,5,2,3,0,1,6,0.667,False,True,0
798,5,5,0,0,0,6,6.000,False,False,0
799,5,2,2,0,1,6,1.000,False,True,0
800,5,0,4,0,1,6,0.000,False,True,0
801,5,1,4,1,1,6,0.250,False,False,0
802,5,2,3,1,1,6,0.667,False,False,0
803,5,5,0,0,1,6,6.000,False,False,0
804,5,4,0,0,0,6,6.000,False,True,0
805,5,0,3,0,1,6,0.000,False,True,0
806,5,2,4,0,1,6,0.500,False,False,0
807,5,3,2,1,1,6,1.500,False,False,0
808,5,4,0,0,1,6,6.000,False,False,0
809,5,1,2,0,0,6,0.500,False,True,0
810,5,0,5,0,1,6,0.000,False,True,0
811,5,2,4,0,1,6,0.500,False,False,0
812,5,4,2,0,1,6,2.000,False,False,0
813,5,4,1,1,0,6,4.000,False,False,0
814,5,4,0,0,1,6,6.000,False,False,0
815,5,2,2,0,1,6,1.000,False,True,0
816,5,2,2,0,1,6,1.000,False,True,0
817,5,2,3,1,1,6,0.667,False,True,0
818,5,3,1,0,0,6,3.000,False,False,0
819,5,1,3,0,1,6,0.333,False,True,0
820,5,2,3,0,1,6,0.667,False,False,0
821,5,2,3,1,1,6,0.667,False,True,0
822,5,1,2,1,1,6,0.500,False,True,0
823,5,2,3,0,0,6,0.667,False,False,0
824,5,1,3,0,1,6,0.333,False,True,0
825,5,1,4,0,1,6,0.250,False,True,0
826,5,2,3,1,1,6,0.667,False,False,0
827,5,5,1,0,1,6,5.000,False,False,0
828,5,3,0,0,1,6,6.000,False,False,0
829,5,2,2,0,0,6,1.000,False,True,0
830,5,2,4,0,1,6,0.500,False,True,0
831,5,2,3,0,1,6,0.667,False,False,0
832,5,3,3,0,1,6,1.000,False,False,0
833,5,2,1,0,1,6,2.000,False,False,0
834,5,1,4,0,1,6,0.250,False,True,0
835,5,4,2,0,1,6,2.000,False,False,0
836,5,4,1,0,1,6,4.000,False,False,0
837,5,4,0,0,1,6,6.000,False,False,0
838,5,3,3,0,1,6,1.000,False,True,0
839,5,4,1,0,0,6,4.000,False,False,0
840,5,2,2,0,1,6,1.000,False,True,0
841,5,0,4,0,1,6,0.000,False,True,0
842,5,2,4,0,1,6,0.500,False,False,0
843,5,3,3,0,1,6,1.000,False,False,0
844,5,2,3,0,1,6,0.667,False,True,0
845,5,4,1,0,0,6,4.000,False,False,0
846,5,2,3,0,1,6,0.667,False,True,0
847,5,3,2,0,1,6,1.500,False,False,0
848,5,4,1,0,1,6,4.000,False,False,0
849,5,5,0,0,1,6,6.000,False,False,0
850,5,4,2,0,0,6,2.000,False,True,0
851,5,1,1,0,1,6,1.000,False,True,0
852,5,0,5,0,1,6,0.000,False,True,0
853,5,3,3,0,1,6,1.000,False,False,0
854,5,6,0,0,1,6,6.000,False,False,0
855,5,5,0,0,1,6,6.000,False,True,0
856,5,3,0,0,0,6,6.000,False,True,0
857,5,1,4,0,1,6,0.250,False,True,0
858,5,3,2,0,1,6,1.500,False,False,0
859,5,2,1,1,1,6,2.000,False,False,0
860,5,2,3,0,1,6,0.667,False,True,0
861,5,2,2,0,1,6,1.000,False,False,0
862,5,1,4,0,0,6,0.250,False,True,0
863,5,3,3,0,1,6,1.000,False,False,0
864,5,5,1,0,1,6,5.000,False,False,0
865,5,5,0,0,1,6,6.000,False,False,0
866,5,2,0,0,1,6,6.000,False,True,0
867,5,1,3,1,1,6,0.333,False,True,0
868,5,1,5,0,0,6,0.200,False,True,0
869,5,3,3,0,1,6,1.000,False,False,0
870,5,6,0,0,1,6,6.000,False,False,0
871,5,3,1,0,1,6,3.000,False,True,0
872,5,4,1,0,0,6,4.000,False,False,0
873,5,0,3,0,1,6,0.000,False,True,0
874,5,1,5,0,1,6,0.200,False,False,0
875,5,4,2,0,1,6,2.000,False,False,0
876,5,5,0,0,1,6,6.000,False,False,0
877,5,5,0,0,1,6,6.000,False,True,0
878,5,2,1,0,0,6,2.000,False,True,0
879,5,1,4,0,1,6,0.250,False,True,0
880,5,2,4,0,1,6,0.500,False,False,0
881,5,4,1,0,1,6,4.000,False,False,0
882,5,5,0,0,1,6,6.000,False,False,0
883,5,5,0,0,1,6,6.000,False,True,0
884,5,0,1,1,1,6,0.000,False,True,0
885,5,1,5,0,0,6,0.200,False,False,0
886,5,1,5,0,1,6,0.200,False,True,0
887,5,3,2,0,1,6,1.500,False,False,0
888,5,5,0,0,1,6,6.000,False,False,0
889,5,4,0,0,0,6,6.000,False,True,0
890,5,3,3,0,1,6,1.000,False,True,0
891,5,4,2,0,1,6,2.000,False,False,0
892,5,3,0,0,1,6,6.000,False,False,0
893,5,2,3,0,1,6,0.667,False,True,0
894,5,1,3,1,1,6,0.333,False,True,0
895,5,2,3,0,1,6,0.667,False,False,0
896,5,5,1,0,0,6,5.000,False,False,0
897,5,4,1,0,1,6,4.000,False,True,0
898,5,2,1,0,1,6,2.000,False,True,0
899,5,1,4,0,1,6,0.250,False,True,0
900,5,1,4,0,1,6,0.250,False,True,0
901,5,3,3,0,1,6,1.000,False,False,0
902,5,2,3,0,1,6,0.667,False,True,0
903,5,3,3,0,0,6,1.000,False,False,0
904,5,4,0,0,1,6,6.000,False,False,0
905,5,1,2,0,1,6,0.500,False,True,0
906,5,2,4,0,1,6,0.500,False,True,0
907,5,1,4,0,1,6,0.250,False,True,0
908,5,5,0,0,0,6,6.000,False,False,0
909,5,3,2,0,1,6,1.500,False,True,0
910,5,1,2,0,1,6,0.500,False,True,0
911,5,2,4,0,1,6,0.500,False,True,0
912,5,2,3,0,1,6,0.667,False,False,0
913,5,2,2,0,1,6,1.000,False,False,0
914,5,4,2,0,1,6,2.000,False,False,0
915,5,3,2,0,0,6,1.500,False,True,0
916,5,2,2,0,1,6,1.000,False,True,0
917,5,2,4,0,1,6,0.500,False,True,0
918,5,2,3,0,1,6,0.667,False,False,0
919,5,1,3,0,1,6,0.333,False,True,0
920,5,1,4,1,0,6,0.250,False,True,0
921,5,4,2,0,1,6,2.000,False,False,0
922,5,5,0,0,1,6,6.000,False,False,0
923,5,3,1,0,1,6,3.000,False,True,0
924,5,2,2,0,1,6,1.000,False,True,0
925,5,0,4,0,1,6,0.000,False,True,0
926,5,2,3,1,1,6,0.667,False,False,0
927,5,3,3,0,1,6,1.000,False,False,0
928,5,2,2,1,1,6,1.000,False,True,0
929,5,3,3,0,0,6,1.000,False,True,0
930,5,4,0,0,1,6,6.000,False,False,0
931,5,1,2,0,1,6,0.500,False,True,0
932,5,1,4,1,1,6,0.250,False,True,0
933,5,3,2,0,1,6,1.500,False,False,0
934,5,3,3,0,0,6,1.000,False,True,0
935,5,3,2,0,1,6,1.500,False,False,0
936,5,2,3,0,1,6,0.667,False,True,0
937,5,3,2,0,1,6,1.500,False,False,0
938,5,1,3,0,1,6,0.333,False,True,0
939,5,5,1,0,0,6,5.000,False,False,0
940,5,4,1,0,1,6,4.000,False,True,0
941,5,3,1,0,1,6,3.000,False,True,0
942,5,2,2,0,1,6,1.000,False,True,0
943,5,3,3,0,1,6,1.000,False,True,0
944,5,6,0,0,1,6,6.000,False,False,0
945,5,3,0,0,0,6,6.000,False,True,0
946,5,2,3,0,1,6,0.667,False,True,0
947,5,2,2,0,1,6,1.000,False,False,0
948,5,2,4,0,0,6,0.500,False,True,0
949,5,1,4,0,1,6,0.250,False,True,0
950,5,1,4,0,1,6,0.250,False,True,0
951,5,5,1,0,1,6,5.000,False,False,0
952,5,4,0,0,1,6,6.000,False,False,0
953,5,3,2,0,0,6,1.500,False,True,0
954,5,3,2,0,1,6,1.500,False,True,0
955,5,4,2,0,1,6,2.000,False,False,0
956,5,2,1,0,1,6,2.000,False,True,0
957,5,0,5,0,0,6,0.000,False,True,0
958,5,3,3,0,1,6,1.000,False,False,0
959,5,3,1,0,1,6,3.000,False,False,0
960,5,3,2,0,1,6,1.500,False,True,0
961,5,4,2,0,0,6,2.000,False,False,0
962,5,1,2,0,1,6,0.500,False,True,0
963,5,3,3,0,1,6,1.000,False,False,0
964,5,3,2,0,1,6,1.500,False,False,0
965,5,3,1,0,1,6,3.000,False,False,0
966,5,4,2,0,0,6,2.000,False,True,0
967,5,3,1,0,1,6,3.000,False,False,0
968,5,3,2,0,1,6,1.500,False,True,0
969,5,4,1,0,1,6,4.000,False,False,0
970,5,4,1,0,1,6,4.000,False,True,0
971,5,3,1,0,1,6,3.000,False,True,0
972,5,3,2,0,0,6,1.500,False,True,0
973,5,4,2,0,1,6,2.000,False,False,0
974,5,3,2,0,1,6,1.500,False,True,0
975,5,3,2,0,1,6,1.500,False,True,0
976,5,2,2,0,1,6,1.000,False,True,0
977,5,3,2,0,0,6,1.500,False,False,0
978,5,1,3,0,1,6,0.333,False,True,0
979,5,1,4,0,1,6,0.250,False,True,0
980,5,2,3,1,1,6,0.667,False,False,0
981,5,3,3,0,0,6,1.000,False,False,0
982,5,5,0,0,1,6,6.000,False,False,0
983,5,2,1,0,1,6,2.000,False,True,0
984,5,1,4,0,1,6,0.250,False,True,0
985,5,1,3,1,0,6,0.333,False,False,0
986,5,2,4,0,1,6,0.500,False,False,0
987,5,4,1,0,1,6,4.000,False,False,0
988,5,4,1,0,1,6,4.000,False,True,0
989,5,2,2,0,1,6,1.000,False,True,0
990,5,3,2,0,1,6,1.500,False,False,0
991,5,3,3,0,1,6,1.000,False,True,0
992,5,1,3,0,1,6,0.333,False,True,0
993,5,4,2,0,1,6,2.000,False,False,0
994,5,3,0,0,0,6,6.000,False,False,0
995,5,0,4,0,1,6,0.000,False,True,0
996,5,1,5,0,1,6,0.200,False,False,0
997,5,5,1,0,1,6,5.000,False,False,0
998,5,4,1,0,1,6,4.000,False,True,0
999,5,3,0,0,1,6,6.000,False,False,0
1000,5,1,3,1,0,6,0.333,False,True,0
1001,5,2,3,0,1,6,0.667,False,False,0
1002,5,3,2,0,1,6,1.500,False,False,0
1003,5,3,2,0,1,6,1.500,False,True,0
1004,5,1,1,1,1,6,1.000,False,True,0
1005,5,1,4,1,1,6,0.250,False,True,0
1006,5,3,2,0,1,6,1.500,False,False,0
1007,5,4,1,0,1,6,4.000,False,False,0
1008,5,6,0,0,0,6,6.000,False,False,0
1009,5,4,1,0,1,6,4.000,False,True,0
1010,5,0,2,0,1,6,0.000,False,True,0
1011,5,1,5,0,1,6,0.200,False,False,0
1012,5,2,3,0,1,6,0.667,False,False,0
1013,5,4,2,0,0,6,2.000,False,False,0
1014,5,2,2,0,1,6,1.000,False,True,0
1015,5,3,3,0,1,6,1.000,False,True,0
1016,5,2,1,1,1,6,2.000,False,False,0
1017,5,3,2,0,1,6,1.500,False,True,0
1018,5,2,3,0,0,6,0.667,False,True,0
1019,5,4,2,0,1,6,2.000,False,False,0
1020,5,2,2,0,1,6,1.000,False,True,0
1021,5,2,3,0,1,6,0.667,False,True,0
1022,5,1,3,0,1,6,0.333,False,True,0
1023,5,4,2,0,1,6,2.000,False,False,0
1024,5,3,0,0,0,6,6.000,False,False,0
1025,5,0,4,0,1,6,0.000,False,True,0
1026,5,3,3,0,1,6,1.000,False,False,0
1027,5,4,2,0,1,6,2.000,False,False,0
1028,5,3,0,0,1,6,6.000,False,False,0
1029,5,3,2,0,1,6,1.500,False,True,0
1030,5,1,4,0,0,6,0.250,False,True,0
1031,5,3,2,0,1,6,1.500,False,False,0
1032,5,5,1,0,1,6,5.000,False,False,0
1033,5,5,0,0,1,6,6.000,False,False,0
1034,5,4,0,0,1,6,6.000,False,True,0
1035,5,1,3,0,0,6,0.333,False,True,0
1036,5,1,4,0,1,6,0.250,False,True,0
1037,5,1,4,0,1,6,0.250,False,True,0
1038,5,3,3,0,1,6,1.000,False,False,0
1039,5,3,3,0,0,6,1.000,False,True,0
1040,5,3,1,0,1,6,3.000,False,False,0
1041,5,2,2,0,1,6,1.000,False,True,0
1042,5,3,2,0,1,6,1.500,False,False,0
1043,5,3,2,0,1,6,1.500,False,True,0
1044,5,3,2,0,1,6,1.500,False,True,0
1045,5,4,1,1,1,6,4.000,False,False,0
1046,5,4,0,0,0,6,6.000,False,False,0
1047,5,2,3,0,1,6,0.667,False,True,0
1048,5,3,2,0,1,6,1.500,False,False,0
1049,5,2,2,0,1,6,1.000,False,True,0
1050,5,3,2,0,1,6,1.500,False,False,0
1051,5,3,2,0,0,6,1.500,False,True,0
1052,5,2,3,0,1,6,0.667,False,True,0
1053,5,4,2,0,1,6,2.000,False,False,0
1054,5,5,0,0,1,6,6.000,False,False,0
1055,5,2,0,0,1,6,6.000,False,True,0
1056,5,1,4,1,1,6,0.250,False,True,0
1057,5,2,3,0,0,6,0.667,False,False,0
1058,5,4,2,0,1,6,2.000,False,False,0
1059,5,6,0,0,1,6,6.000,False,False,0
1060,5,3,0,0,0,6,6.000,False,True,0
1061,5,1,3,0,1,6,0.333,False,True,0
1062,5,3,3,0,1,6,1.000,False,False,0
1063,5,3,2,0,1,6,1.500,False,False,0
1064,5,5,0,0,1,6,6.000,False,False,0
1065,5,4,1,0,0,6,4.000,False,True,0
1066,5,3,2,0,1,6,1.500,False,True,0
1067,5,2,2,0,1,6,1.000,False,True,0
1068,5,5,1,0,1,6,5.000,False,False,0
1069,5,3,0,0,1,6,6.000,False,False,0
1070,5,3,2,0,0,6,1.500,False,True,0
1071,5,1,4,0,1,6,0.250,False,True,0
1072,5,3,3,0,1,6,1.000,False,False,0
1073,5,2,2,0,1,6,1.000,False,True,0
1074,5,5,1,0,1,6,5.000,False,False,0
1075,5,4,1,0,1,6,4.000,False,True,0
1076,5,1,3,0,1,6,0.333,False,True,0
1077,5,2,3,1,1,6,0.667,False,False,0
1078,5,1,3,1,0,6,0.333,False,True,0
1079,5,2,3,0,1,6,0.667,False,False,0
1080,5,5,1,0,1,6,5.000,False,False,0
1081,5,2,1,0,1,6,2.000,False,True,0
1082,5,3,2,0,1,6,1.500,False,True,0
1083,5,3,2,1,0,6,1.500,False,True,0
1084,5,1,3,0,1,6,0.333,False,True,0
1085,5,2,3,0,1,6,0.667,False,False,0
1086,5,4,2,0,1,6,2.000,False,False,0
1087,5,4,0,0,1,6,6.000,False,False,0
1088,5,3,3,0,0,6,1.000,False,True,0
1089,5,1,2,0,1,6,0.500,False,True,0
1090,5,1,5,0,1,6,0.200,False,True,0
1091,5,5,1,0,1,6,5.000,False,False,0
1092,5,5,0,0,0,6,6.000,False,False,0
1093,5,1,2,0,1,6,0.500,False,True,0
1094,5,1,4,0,1,6,0.250,False,True,0
1095,5,0,5,0,1,6,0.000,False,True,0
1096,5,1,5,0,1,6,0.200,False,False,0
1097,5,5,0,0,1,6,6.000,False,False,0
1098,5,4,1,0,1,6,4.000,False,True,0
1099,5,3,1,1,0,6,3.000,False,True,0
1100,5,0,3,0,1,6,0.000,False,True,0
1101,5,1,5,0,1,6,0.200,False,False,0
1102,5,3,2,0,1,6,1.500,False,False,0
1103,5,4,1,0,0,6,4.000,False,False,0
1104,5,4,1,0,1,6,4.000,False,True,0
1105,5,3,1,0,1,6,3.000,False,True,0
1106,5,3,2,0,1,6,1.500,False,True,0
1107,5,4,1,0,1,6,4.000,False,False,0
1108,5,2,1,0,0,6,2.000,False,True,0
1109,5,1,4,0,1,6,0.250,False,True,0
1110,5,1,4,0,1,6,0.250,False,True,0
1111,5,4,2,0,1,6,2.000,False,False,0
1112,5,4,1,0,1,6,4.000,False,False,0
1113,5,4,1,0,1,6,4.000,False,True,0
1114,5,1,2,0,1,6,0.500,False,True,0
1115,5,1,4,1,1,6,0.250,False,True,0
1116,5,0,4,1,0,6,0.000,False,True,0
1117,5,2,4,0,1,6,0.500,False,False,0
1118,5,4,1,0,1,6,4.000,False,False,0
1119,5,3,0,0,1,6,6.000,False,False,0
1120,5,2,2,1,0,6,1.000,False,True,0
1121,5,2,4,0,1,6,0.500,False,True,0
1122,5,4,1,0,1,6,4.000,False,False,0
1123,5,3,2,0,1,6,1.500,False,True,0
1124,5,2,2,0,1,6,1.000,False,True,0
1125,5,2,3,0,1,6,0.667,False,True,0
1126,5,4,2,0,1,6,2.000,False,False,0
1127,5,5,0,0,0,6,6.000,False,False,0
1128,5,3,1,0,1,6,3.000,False,True,0
1129,5,3,3,0,1,6,1.000,False,True,0
1130,5,2,2,0,1,6,1.000,False,True,0
1131,5,4,1,0,1,6,4.000,False,False,0
1132,5,3,2,1,1,6,1.500,False,True,0
1133,5,3,0,0,1,6,6.000,False,False,0
1134,5,3,3,0,0,6,1.000,False,True,0
1135,5,2,3,0,1,6,0.667,False,True,0
1136,5,3,2,0,1,6,1.500,False,False,0
1137,5,2,3,0,1,6,0.667,False,True,0
1138,5,3,1,0,0,6,3.000,False,False,0
1139,5,1,4,0,1,6,0.250,False,True,0
1140,5,3,3,0,1,6,1.000,False,False,0
1141,5,3,2,0,1,6,1.500,False,False,0
1142,5,1,3,1,1,6,0.333,False,True,0
1143,5,4,1,0,0,6,4.000,False,False,0
1144,5,3,2,0,1,6,1.500,False,True,0
1145,5,4,1,0,1,6,4.000,False,False,0
1146,5,2,2,0,1,6,1.000,False,True,0
1147,5,4,2,0,1,6,2.000,False,False,0
1148,5,3,2,0,1,6,1.500,False,True,0
1149,5,3,1,1,0,6,3.000,False,False,0
1150,5,3,2,0,1,6,1.500,False,True,0
1151,5,4,0,0,1,6,6.000,False,False,0
1152,5,1,3,0,1,6,0.333,False,True,0
1153,5,3,3,0,0,6,1.000,False,False,0
1154,5,3,2,0,1,6,1.500,False,False,0
1155,5,3,2,0,1,6,1.500,False,True,0
1156,5,4,0,0,1,6,6.000,False,False,0
1157,5,2,3,0,0,6,0.667,False,True,0
1158,5,2,3,0,1,6,0.667,False,True,0
1159,5,4,2,0,1,6,2.000,False,False,0
1160,5,3,2,0,1,6,1.500,False,True,0
1161,5,2,1,0,1,6,2.000,False,False,0
1162,5,2,4,0,0,6,0.500,False,True,0
1163,5,5,1,0,1,6,5.000,False,False,0
1164,5,4,0,0,1,6,6.000,False,False,0
1165,5,3,2,0,1,6,1.500,False,True,0
1166,5,5,0,0,1,6,6.000,False,False,0
1167,5,4,1,0,1,6,4.000,False,True,0
1168,5,4,1,0,0,6,4.000,False,True,0
1169,5,2,2,0,1,6,1.000,False,True,0
1170,5,3,3,0,1,6,1.000,False,True,0
1171,5,2,2,0,1,6,1.000,False,True,0
1172,5,5,1,0,1,6,5.000,False,False,0
1173,5,2,1,0,1,6,2.000,False,True,0
1174,5,3,2,0,0,6,1.500,False,True,0
1175,5,1,3,0,1,6,0.333,False,True,0
1176,5,2,4,0,1,6,0.500,False,False,0
1177,5,4,1,0,1,6,4.000,False,False,0
1178,5,5,0,0,0,6,6.000,False,False,0
1179,5,2,1,0,1,6,2.000,False,True,0
1180,5,2,4,0,1,6,0.500,False,True,0
1181,5,2,3,0,1,6,0.667,False,False,0
1182,5,5,1,0,1,6,5.000,False,False,0
1183,5,4,1,0,1,6,4.000,False,True,0
1184,5,4,1,0,0,6,4.000,False,True,0
1185,5,2,1,0,1,6,2.000,False,True,0
1186,5,2,4,0,1,6,0.500,False,True,0
1187,5,0,4,0,1,6,0.000,False,True,0
1188,5,5,1,0,1,6,5.000,False,False,0
1189,5,3,0,0,1,6,6.000,False,False,0
1190,5,1,4,0,0,6,0.250,False,True,0
1191,5,1,5,0,1,6,0.200,False,True,0
1192,5,4,2,0,1,6,2.000,False,False,0
1193,5,5,0,0,1,6,6.000,False,False,0
1194,5,3,0,0,0,6,6.000,False,True,0
1195,5,1,4,0,1,6,0.250,False,True,0
1196,5,1,4,0,1,6,0.250,False,True,0
1197,5,3,2,0,1,6,1.500,False,False,0
1198,5,2,2,0,1,6,1.000,False,True,0
1199,5,2,3,1,1,6,0.667,False,True,0
1200,5,3,1,0,0,6,3.000,False,False,0
1201,5,2,3,0,1,6,0.667,False,True,0
1202,5,2,3,0,1,6,0.667,False,True,0
1203,5,5,1,0,1,6,5.000,False,False,0
1204,5,3,1,0,1,6,3.000,False,True,0
1205,5,2,2,1,1,6,1.000,False,True,0
1206,5,2,3,1,0,6,0.667,False,True,0
1207,5,2,3,0,1,6,0.667,False,True,0
1208,5,1,3,0,1,6,0.333,False,True,0
1209,5,4,2,0,1,6,2.000,False,False,0
1210,5,4,2,0,0,6,2.000,False,True,0
1211,5,3,1,0,1,6,3.000,False,False,0
1212,5,2,3,0,1,6,0.667,False,True,0
1213,5,2,3,0,1,6,0.667,False,True,0
1214,5,4,1,0,1,6,4.000,False,False,0
1215,5,2,1,1,1,6,2.000,False,True,0
1216,5,3,3,0,1,6,1.000,False,True,0
1217,5,3,1,0,0,6,3.000,False,False,0
1218,5,3,3,0,1,6,1.000,False,True,0
1219,5,2,2,0,1,6,1.000,False,True,0
1220,5,3,2,0,1,6,1.500,False,False,0
1221,5,2,3,0,1,6,0.667,False,True,0
1222,5,3,3,0,1,6,1.000,False,False,0
1223,5,3,1,0,0,6,3.000,False,False,0
1224,5,2,3,0,1,6,0.667,False,True,0
1225,5,3,2,0,1,6,1.500,False,False,0
1226,5,4,1,0,0,6,4.000,False,False,0
1227,5,3,2,0,1,6,1.500,False,True,0
1228,5,3,2,0,1,6,1.500,False,True,0
1229,5,3,1,0,1,6,3.000,False,False,0
1230,5,5,1,0,1,6,5.000,False,False,0
1231,5,4,0,0,1,6,6.000,False,False,0
1232,5,3,1,1,0,6,3.000,False,True,0
1233,5,1,3,0,1,6,0.333,False,True,0
1234,5,0,5,0,1,6,0.000,False,True,0
1235,5,2,4,0,1,6,0.500,False,False,0
1236,5,4,1,0,1,6,4.000,False,False,0
1237,5,5,0,0,0,6,6.000,False,False,0
1238,5,1,2,0,1,6,0.500,False,True,0
1239,5,0,4,1,1,6,0.000,False,True,0
1240,5,4,2,0,1,6,2.000,False,False,0
1241,5,4,1,0,0,6,4.000,False,False,0
1242,5,2,2,0,1,6,1.000,False,True,0
1243,5,2,4,0,1,6,0.500,False,True,0
1244,5,2,4,0,1,6,0.500,False,True,0
1245,5,2,1,1,1,6,2.000,False,False,0
1246,5,4,1,0,1,6,4.000,False,False,0
1247,5,1,2,0,0,6,0.500,False,True,0
1248,5,2,4,0,1,6,0.500,False,True,0
1249,5,3,2,0,1,6,1.500,False,False,0
1250,5,5,0,0,1,6,6.000,False,False,0
1251,5,3,1,0,1,6,3.000,False,True,0
1252,5,1,4,0,0,6,0.250,False,True,0
1253,5,3,3,0,1,6,1.000,False,False,0
1254,5,4,1,0,1,6,4.000,False,False,0
1255,5,4,0,0,1,6,6.000,False,False,0
1256,5,3,1,0,0,6,3.000,False,True,0
1257,5,2,3,0,1,6,0.667,False,True,0
1258,5,2,3,0,1,6,0.667,False,True,0
1259,5,1,4,0,1,6,0.250,False,True,0
1260,5,3,2,0,1,6,1.500,False,False,0
1261,5,3,1,0,1,6,3.000,False,False,0
1262,5,2,3,0,1,6,0.667,False,True,0
1263,5,1,3,0,0,6,0.333,False,True,0
1264,5,1,5,0,1,6,0.200,True,True,0
1265,5,1,4,0,1,6,0.250,False,False,0
1266,5,5,1,0,1,6,5.000,False,False,0
1267,5,3,0,0,0,6,6.000,False,False,0
1268,5,3,3,0,1,6,1.000,False,True,0
1269,5,2,3,0,1,6,0.667,False,True,0
1270,5,4,2,0,1,6,2.000,False,False,0
1271,5,5,0,0,1,6,6.000,False,False,0
1272,5,1,1,0,0,6,1.000,False,True,0
1273,5,0,6,0,1,6,0.000,True,True,0
1274,5,2,4,0,1,6,0.500,False,False,0
1275,5,4,1,0,1,6,4.000,False,False,0
1276,5,3,1,0,1,6,3.000,False,True,0
1277,5,2,3,0,1,6,0.667,False,True,0
1278,5,1,3,1,0,6,0.333,False,True,0
1279,5,3,3,0,1,6,1.000,False,False,0
1280,5,3,2,0,1,6,1.500,False,False,0
1281,5,2,1,1,1,6,2.000,False,False,0
1282,5,3,2,0,0,6,1.500,False,True,0
1283,5,1,3,0,1,6,0.333,False,True,0
1284,5,2,4,0,1,6,0.500,False,False,0
1285,5,6,0,0,1,6,6.000,False,False,0
1286,5,5,0,0,0,6,6.000,False,True,0
1287,5,4,1,0,1,6,4.000,False,True,0
1288,5,1,2,0,1,6,0.500,False,True,0
1289,5,0,5,0,1,6,0.000,False,True,0
1290,5,1,4,1,1,6,0.250,False,False,0
1291,5,4,1,0,0,6,4.000,False,False,0
1292,5,3,1,0,1,6,3.000,False,True,0
1293,5,2,3,0,1,6,0.667,False,True,0
1294,5,1,3,0,1,6,0.333,False,True,0
1295,5,3,3,0,1,6,1.000,False,False,0
1296,5,5,1,0,1,6,5.000,False,False,0
1297,5,3,0,0,1,6,6.000,False,False,0
1298,5,2,4,0,0,6,0.500,False,True,0
1299,5,1,3,0,1,6,0.333,False,True,0
1300,5,3,2,0,1,6,1.500,False,False,0
1301,5,2,3,0,1,6,0.667,False,True,0
1302,5,2,2,0,1,6,1.000,False,False,0
1303,5,2,4,0,1,6,0.500,False,True,0
1304,5,3,2,1,0,6,1.500,False,False,0
1305,5,3,1,0,1,6,3.000,False,False,0
1306,5,3,2,0,1,6,1.500,False,True,0
1307,5,0,3,0,1,6,0.000,False,True,0
1308,5,2,4,0,1,6,0.500,False,False,0
1309,5,2,3,0,0,6,0.667,False,False,0
1310,5,2,3,0,1,6,0.667,False,True,0
1311,5,3,2,0,1,6,1.500,False,False,0
1312,5,3,1,1,1,6,3.000,False,False,0
1313,5,2,2,0,1,6,1.000,False,True,0
1314,5,2,3,0,1,6,0.667,False,True,0
1315,5,4,1,0,0,6,4.000,False,False,0
1316,5,3,2,0,1,6,1.500,False,True,0
1317,5,2,3,0,1,6,0.667,False,True,0
1318,5,5,1,0,1,6,5.000,False,False,0
1319,5,3,1,0,0,6,3.000,False,True,0
1320,5,1,3,0,1,6,0.333,False,True,0
1321,5,1,4,0,1,6,0.250,False,True,0
1322,5,4,2,0,1,6,2.000,False,False,0
1323,5,3,1,0,1,6,3.000,False,False,0
1324,5,4,1,0,0,6,4.000,False,False,0
1325,5,2,3,0,1,6,0.667,False,True,0
1326,5,3,2,0,1,6,1.500,False,False,0
1327,5,2,3,0,1,6,0.667,False,True,0
1328,5,2,2,0,0,6,1.000,False,False,0
1329,5,2,4,0,1,6,0.500,False,True,0
1330,5,4,2,0,1,6,2.000,False,False,0
1331,5,5,0,0,1,6,6.000,False,False,0
1332,5,4,0,0,0,6,6.000,False,True,0
1333,5,3,2,0,1,6,1.500,False,True,0
1334,5,2,2,0,1,6,1.000,False,True,0
1335,5,1,3,0,1,6,0.333,False,True,0
1336,5,2,4,0,0,6,0.500,False,False,0
1337,5,4,2,0,1,6,2.000,False,False,0
1338,5,1,2,0,1,6,0.500,False,True,0
1339,5,2,4,0,1,6,0.500,False,True,0
1340,5,1,3,0,1,6,0.333,False,True,0
1341,5,3,3,0,1,6,1.000,False,False,0
1342,5,1,3,0,0,6,0.333,False,True,0
1343,5,2,3,0,1,6,0.667,False,False,0
1344,5,3,2,0,1,6,1.500,False,False,0
1345,5,3,2,0,1,6,1.500,False,True,0
1346,5,4,1,0,1,6,4.000,False,False,0
1347,5,4,0,0,0,6,6.000,False,False,0
1348,5,3,2,0,1,6,1.500,False,True,0
1349,5,0,3,0,1,6,0.000,False,True,0
1350,5,1,4,1,1,6,0.250,False,False,0
1351,5,3,3,0,0,6,1.000,False,False,0
1352,5,2,2,0,1,6,1.000,False,True,0
1353,5,2,3,0,1,6,0.667,False,True,0
1354,5,0,4,0,1,6,0.000,False,True,0
1355,5,3,3,0,0,6,1.000,False,False,0
1356,5,2,4,0,1,6,0.500,False,True,0
1357,5,2,2,0,1,6,1.000,False,False,0
1358,5,1,3,0,1,6,0.333,False,True,0
1359,5,2,3,1,1,6,0.667,False,False,0
1360,5,2,2,0,0,6,1.000,False,False,0
1361,5,3,2,0,1,6,1.500,False,False,0
1362,5,2,3,0,1,6,0.667,False,True,0
1363,5,4,2,0,1,6,2.000,False,False,0
1364,5,2,1,1,1,6,2.000,False,True,0
1365,5,3,2,0,0,6,1.500,False,True,0
1366,5,3,3,0,1,6,1.000,False,True,0
1367,5,3,1,0,1,6,3.000,False,False,0
1368,5,2,3,0,1,6,0.667,False,True,0
1369,5,4,1,0,1,6,4.000,False,False,0
1370,5,2,2,0,1,6,1.000,False,True,0
1371,5,2,4,0,1,6,0.500,False,True,0
1372,5,4,1,1,0,6,4.000,False,False,0
1373,5,3,0,0,1,6,6.000,False,False,0
1374,5,1,3,0,1,6,0.333,False,True,0
1375,5,0,5,0,1,6,0.000,False,True,0
1376,5,4,1,1,1,6,4.000,False,False,0
1377,5,4,1,1,1,6,4.000,False,True,0
1378,5,2,0,0,1,6,6.000,False,False,0
1379,5,2,4,0,0,6,0.500,False,True,0
1380,5,3,2,0,1,6,1.500,False,False,0
1381,5,3,2,0,1,6,1.500,False,True,0
1382,5,4,0,0,1,6,6.000,False,False,0
1383,5,2,2,1,1,6,1.000,False,True,0
1384,5,3,2,0,1,6,1.500,False,False,0
1385,5,1,4,0,1,6,0.250,False,True,0
1386,5,4,2,0,0,6,2.000,False,False,0
1387,5,2,2,0,1,6,1.000,False,True,0
1388,5,3,2,0,1,6,1.500,False,False,0
1389,5,4,1,0,1,6,4.000,False,False,0
1390,5,6,0,0,1,6,6.000,False,False,0
1391,5,3,0,0,0,6,6.000,False,True,0
1392,5,2,4,0,1,6,0.500,False,True,0
1393,5,1,3,0,1,6,0.333,False,True,0
1394,5,3,2,0,1,6,1.500,False,False,0
1395,5,5,0,0,1,6,6.000,False,False,0
1396,5,4,1,0,1,6,4.000,False,True,0
1397,5,2,2,0,0,6,1.000,False,True,0
1398,5,1,4,0,1,6,0.250,False,True,0
1399,5,1,4,0,1,6,0.250,False,True,0
1400,5,2,4,0,1,6,0.500,False,False,0
1401,5,5,0,0,1,6,6.000,False,False,0
1402,5,3,1,0,1,6,3.000,False,True,0
1403,5,3,2,0,0,6,1.500,False,True,0
1404,5,3,2,0,1,6,1.500,False,True,0
1405,5,2,3,0,1,6,0.667,False,True,0
1406,5,3,2,0,1,6,1.500,False,False,0
1407,5,2,2,0,1,6,1.000,False,True,0
1408,5,1,4,0,0,6,0.250,False,True,0
1409,5,1,5,0,1,6,0.200,True,True,0
1410,5,2,4,0,1,6,0.500,False,False,0
1411,5,6,0,0,1,6,6.000,False,False,0
1412,5,2,0,0,0,6,6.000,False,True,0
1413,5,1,4,0,1,6,0.250,False,True,0
1414,5,0,4,1,1,6,0.000,False,True,0
1415,5,4,2,0,1,6,2.000,False,False,0
1416,5,5,0,0,1,6,6.000,False,False,0
1417,5,4,1,0,0,6,4.000,False,True,0
1418,5,2,2,0,1,6,1.000,False,True,0
1419,5,2,2,0,1,6,1.000,False,True,0
1420,5,3,3,0,1,6,1.000,False,True,0
1421,5,3,2,0,1,6,1.500,False,False,0
1422,5,2,1,0,0,6,2.000,False,False,0
1423,5,1,5,0,1,6,0.200,True,True,0
1424,5,2,4,0,1,6,0.500,False,False,0
1425,5,2,3,0,1,6,0.667,False,False,0
1426,5,4,2,0,1,6,2.000,False,False,0
1427,5,2,0,0,1,6,6.000,False,False,0
1428,5,1,3,1,1,6,0.333,False,True,0
1429,5,3,3,0,0,6,1.000,False,False,0
1430,5,1,4,0,1,6,0.250,False,True,0
1431,5,3,2,0,1,6,1.500,False,False,0
1432,5,1,2,0,1,6,0.500,False,True,0
1433,5,2,3,0,1,6,0.667,False,False,0
1434,5,1,5,0,1,6,0.200,True,True,0
1435,5,5,0,0,0,6,6.000,False,False,0
1436,5,3,2,0,1,6,1.500,False,True,0
1437,5,0,3,0,1,6,0.000,False,True,0
1438,5,1,4,1,1,6,0.250,True,False,0
1439,5,2,3,0,0,6,0.667,False,False,0
1440,5,2,4,0,1,6,0.500,False,True,0
1441,5,4,1,0,1,6,4.000,False,False,0
1442,5,4,0,0,1,6,6.000,False,False,0
1443,5,2,1,0,1,6,2.000,False,True,0
1444,5,0,5,0,0,6,0.000,False,True,0
1445,5,2,4,0,1,6,0.500,False,False,0
1446,5,4,2,0,1,6,2.000,False,False,0
1447,5,2,1,0,1,6,2.000,False,True,0
1448,5,4,2,0,1,6,2.000,False,True,0
1449,5,4,1,0,1,6,4.000,False,False,0
1450,5,2,2,0,0,6,1.000,False,True,0
1451,5,3,2,0,1,6,1.500,False,False,0
1452,5,3,2,0,1,6,1.500,False,True,0
1453,5,3,2,0,1,6,1.500,False,True,0
1454,5,3,1,0,1,6,3.000,False,False,0
1455,5,1,4,0,0,6,0.250,False,True,0
1456,5,1,4,0,1,6,0.250,False,True,0
1457,5,4,2,0,1,6,2.000,False,False,0
1458,5,4,0,0,1,6,6.000,False,False,0
1459,5,2,2,0,0,6,1.000,False,True,0
1460,5,1,4,0,1,6,0.250,False,True,0
1461,5,4,2,0,1,6,2.000,False,False,0
1462,5,5,1,0,1,6,5.000,False,False,0
1463,5,4,0,0,1,6,6.000,False,False,0
1464,5,2,1,1,0,6,2.000,False,True,0
1465,5,0,4,0,1,6,0.000,False,True,0
1466,5,1,5,0,1,6,0.200,True,False,0
1467,5,5,1,0,1,6,5.000,False,False,0
1468,5,4,1,0,1,6,4.000,False,True,0
1469,5,4,0,0,0,6,6.000,False,False,0
1470,5,1,3,0,1,6,0.333,False,True,0
1471,5,1,4,0,1,6,0.250,False,True,0
1472,5,1,5,0,1,6,0.200,True,True,0
1473,5,4,1,0,1,6,4.000,False,False,0
1474,5,3,0,0,1,6,6.000,False,False,0
1475,5,2,3,0,1,6,0.667,False,True,0
1476,5,3,3,0,0,6,1.000,False,False,0
1477,5,4,1,0,1,6,4.000,False,False,0
1478,5,3,1,0,1,6,3.000,False,True,0
1479,5,2,2,0,1,6,1.000,False,True,0
1480,5,3,2,0,1,6,1.500,False,False,0
1481,5,3,3,0,1,6,1.000,False,True,0
1482,5,2,2,0,1,6,1.000,False,True,0
1483,5,2,3,0,0,6,0.667,False,True,0
1484,5,3,2,0,1,6,1.500,False,False,0
1485,5,4,2,0,1,6,2.000,False,False,0
1486,5,6,0,0,1,6,6.000,False,False,0
1487,5,2,0,0,0,6,6.000,False,True,0
1488,5,1,4,0,1,6,0.250,False,True,0
1489,5,1,4,0,1,6,0.250,False,True,0
1490,5,5,1,0,1,6,5.000,False,False,0
1491,5,3,1,0,1,6,3.000,False,True,0
1492,5,3,1,0,0,6,3.000,False,True,0
1493,5,1,4,0,1,6,0.250,False,True,0
1494,5,2,3,0,1,6,0.667,False,False,0
1495,5,2,3,0,1,6,0.667,False,True,0
1496,5,2,3,0,1,6,0.667,False,True,0
1497,5,0,0,0,0,6,6.000,False,False,0
