0.00
100.0
105.0
50.7880172
37.800908
53.286888
77.440313
80.275131
87.334369
112.544189
116.392208
126.998659
139.229458
170.668195
173.740734
173.876591
205.734249
265.830980
267.887961
274.918287
277.221170
24.309833
30.499519
36.047063
42.853966
61.817286
63.312715
84.900192
102.265899
145.008077
157.610771
158.435049
171.977805
208.190303
210.163616
212.828705
231.074819
252.329436
259.277336
291.409059
3.498624
30.190399
51.141342
54.313843
68.014763
76.527766
109.770331
124.618956
151.424060
200.450756
209.058364
258.084155
265.466724
343.680664
344.680664
381.559962
412.164619
566.706619
601.098418
609.475147
627.786730
648.269658
649.269658
666.576168
760.758071
817.460292
826.220325
839.323115
839.337211
840.337211
913.386457
914.386457
948.979424
958.993986
966.517606
967.517606
968.517606
969.517606
970.517606
971.517606
