,nodeId,ls,lc,le,ltx,number of neighbors,QOS,arm,jammed evaluation,label (jammed or not)
0,2,2,5,0,0,7,0.400,True,False,0
1,2,4,3,0,0,7,1.333,True,False,0
2,2,5,0,0,0,7,7.000,False,False,0
3,2,4,2,0,0,7,2.000,False,True,0
4,2,2,3,0,0,7,0.667,False,True,0
5,2,1,4,0,0,7,0.250,False,True,0
6,2,3,4,0,0,7,0.750,False,False,0
7,2,4,3,0,0,7,1.333,False,False,0
8,2,4,0,0,0,7,7.000,False,False,0
9,2,2,3,0,0,7,0.667,False,True,0
10,2,1,4,0,0,7,0.250,False,True,0
11,2,4,3,0,0,7,1.333,True,False,0
12,2,3,2,0,0,7,1.500,False,False,0
13,2,4,2,0,0,7,2.000,False,False,0
14,2,4,3,0,0,7,1.333,True,True,0
15,2,3,3,0,0,7,1.000,False,True,0
16,2,3,1,1,0,7,3.000,False,False,0
17,2,4,1,0,0,7,4.000,False,False,0
18,2,3,3,0,0,7,1.000,True,True,0
19,2,2,4,0,0,7,0.500,True,True,0
20,2,3,3,0,0,7,1.000,True,False,0
21,2,4,2,0,0,7,2.000,False,False,0
22,2,2,2,1,0,7,1.000,False,True,0
23,2,4,3,0,0,7,1.333,True,False,0
24,2,3,2,0,0,7,1.500,False,False,0
25,2,4,2,0,0,7,2.000,False,False,0
26,2,4,2,0,0,7,2.000,False,True,0
27,2,5,2,0,0,7,2.500,False,False,0
28,2,4,1,0,0,7,4.000,False,False,0
29,2,3,3,0,0,7,1.000,False,True,0
30,2,4,1,0,0,7,4.000,False,False,0
31,2,3,2,0,0,7,1.500,False,True,0
32,2,4,3,0,0,7,1.333,True,True,0
33,2,4,1,0,0,7,4.000,False,False,0
34,2,5,2,0,0,7,2.500,False,True,0
35,2,3,1,1,0,7,3.000,False,False,0
36,2,4,2,0,0,7,2.000,False,True,0
37,2,3,2,0,0,7,1.500,False,True,0
38,2,3,4,0,0,7,0.750,True,True,0
39,2,5,1,0,0,7,5.000,False,False,0
40,2,4,0,0,0,7,7.000,False,False,0
41,2,3,3,0,0,7,1.000,False,True,0
42,2,1,4,0,0,7,0.250,False,True,0
43,2,5,2,0,0,7,2.500,False,False,0
44,2,4,0,0,0,7,7.000,False,False,0
45,2,3,2,1,0,7,1.500,False,True,0
46,2,2,3,0,0,7,0.667,False,True,0
47,2,3,2,1,0,7,1.500,False,False,0
48,2,2,4,0,0,7,0.500,False,True,0
49,2,1,3,1,0,7,0.333,False,True,0
50,2,4,3,0,0,7,1.333,False,False,0
51,2,5,2,0,0,7,2.500,False,False,0
52,2,6,0,0,0,7,7.000,False,False,0
53,2,4,0,0,0,7,7.000,False,True,0
54,2,3,4,0,0,7,0.750,True,True,0
55,2,2,2,1,0,7,1.000,False,False,0
56,2,4,2,0,0,7,2.000,False,False,0
57,2,3,2,0,0,7,1.500,False,True,0
58,2,2,3,0,0,7,0.667,False,True,0
59,2,3,4,0,0,7,0.750,True,False,0
60,2,5,1,1,0,7,5.000,False,False,0
61,2,4,0,0,0,7,7.000,False,False,0
62,2,3,4,0,0,7,0.750,False,True,0
63,2,2,2,0,0,7,1.000,False,False,0
64,2,2,4,0,0,7,0.500,False,True,0
65,2,5,2,0,0,7,2.500,False,False,0
66,2,5,0,0,0,7,7.000,False,False,0
67,2,4,1,0,0,7,4.000,False,True,0
68,2,3,3,0,0,7,1.000,False,True,0
69,2,3,2,0,0,7,1.500,False,False,0
70,2,5,2,0,0,7,2.500,False,False,0
71,2,5,0,0,0,7,7.000,False,False,0
72,2,3,2,0,0,7,1.500,False,True,0
73,2,1,4,0,0,7,0.250,False,True,0
74,2,4,3,0,0,7,1.333,True,False,0
75,2,2,3,0,0,7,0.667,False,True,0
76,2,3,3,0,0,7,1.000,False,False,0
77,2,2,4,0,0,7,0.500,False,True,0
78,2,4,1,0,0,7,4.000,False,False,0
79,2,5,2,0,0,7,2.500,True,True,0
80,2,3,2,0,0,7,1.500,False,True,0
81,2,5,1,0,0,7,5.000,False,False,0
82,2,5,2,0,0,7,2.500,True,True,0
83,2,4,1,0,0,7,4.000,False,False,0
84,2,3,2,0,0,7,1.500,False,True,0
85,2,4,2,0,0,7,2.000,False,False,0
86,2,3,2,0,0,7,1.500,False,True,0
87,2,3,3,0,0,7,1.000,False,True,0
88,2,3,2,1,0,7,1.500,False,False,0
89,2,4,2,1,0,7,2.000,True,False,0
90,2,5,1,0,0,7,5.000,False,False,0
91,2,5,0,0,0,7,7.000,False,False,0
92,2,4,2,0,0,7,2.000,False,True,0
93,2,4,1,0,0,7,4.000,False,False,0
94,2,3,2,1,0,7,1.500,False,True,0
95,2,4,2,1,0,7,2.000,True,False,0
96,2,3,1,1,0,7,3.000,False,False,0
97,2,4,2,0,0,7,2.000,False,True,0
98,2,2,2,0,0,7,1.000,False,True,0
99,2,2,3,1,0,7,0.667,False,True,0
100,2,3,3,1,0,7,1.000,True,False,0
101,2,4,1,1,0,7,4.000,False,False,0
102,2,5,0,0,0,7,7.000,False,False,0
103,2,4,2,0,0,7,2.000,False,True,0
104,2,1,3,0,0,7,0.333,False,True,0
105,2,1,6,0,0,7,0.167,True,True,0
106,2,4,2,1,0,7,2.000,False,False,0
107,2,6,0,0,0,7,7.000,False,False,0
108,2,5,0,0,0,7,7.000,False,True,0
109,2,2,2,0,0,7,1.000,False,True,0
110,2,3,3,0,0,7,1.000,False,True,0
111,2,3,4,0,0,7,0.750,False,True,0
112,2,5,1,1,0,7,5.000,False,False,0
113,2,4,0,0,0,7,7.000,False,False,0
114,2,2,3,0,0,7,0.667,False,True,0
115,2,2,3,1,0,7,0.667,False,True,0
116,2,4,2,0,0,7,2.000,False,False,0
117,2,4,1,1,0,7,4.000,False,False,0
118,2,4,1,0,0,7,4.000,False,True,0
119,2,5,1,0,0,7,5.000,False,False,0
120,2,4,1,0,0,7,4.000,False,True,0
121,2,2,3,0,0,7,0.667,False,True,0
122,2,1,5,0,0,7,0.200,False,True,0
123,2,4,2,0,0,7,2.000,False,False,0
124,2,3,3,0,0,7,1.000,False,True,0
125,2,4,2,0,0,7,2.000,False,False,0
126,2,5,1,0,0,7,5.000,False,False,0
127,2,5,1,0,0,7,5.000,False,True,0
128,2,4,1,0,0,7,4.000,False,True,0
129,2,2,2,0,0,7,1.000,False,True,0
130,2,2,3,1,0,7,0.667,False,True,0
131,2,5,2,0,0,7,2.500,False,False,0
132,2,3,2,0,0,7,1.500,False,True,0
133,2,3,1,1,0,7,3.000,False,False,0
134,2,3,3,0,0,7,1.000,False,True,0
135,2,4,3,0,0,7,1.333,False,False,0
136,2,4,1,0,0,7,4.000,False,False,0
137,2,4,2,0,0,7,2.000,False,True,0
138,2,3,2,0,0,7,1.500,False,True,0
139,2,3,3,0,0,7,1.000,False,True,0
140,2,4,2,0,0,7,2.000,False,False,0
141,2,5,2,0,0,7,2.500,False,False,0
142,2,2,2,0,0,7,1.000,False,True,0
143,2,2,5,0,0,7,0.400,True,True,0
144,2,1,4,0,0,7,0.250,False,True,0
145,2,4,2,0,0,7,2.000,False,False,0
146,2,5,2,0,0,7,2.500,False,False,0
147,2,5,0,0,0,7,7.000,False,False,0
148,2,4,1,0,0,7,4.000,False,True,0
149,2,1,4,0,0,7,0.250,False,True,0
150,2,5,2,0,0,7,2.500,False,False,0
151,2,5,0,0,0,7,7.000,False,False,0
152,2,3,1,0,0,7,3.000,False,True,0
153,2,1,5,0,0,7,0.200,False,True,0
154,2,1,5,0,0,7,0.200,False,True,0
155,2,6,1,0,0,7,6.000,False,False,0
156,2,6,0,0,0,7,7.000,False,False,0
157,2,3,1,0,0,7,3.000,False,True,0
158,2,1,4,0,0,7,0.250,False,True,0
159,2,4,2,0,0,7,2.000,False,False,0
160,2,3,2,0,0,7,1.500,False,True,0
161,2,4,2,0,0,7,2.000,False,False,0
162,2,3,3,0,0,7,1.000,False,True,0
163,2,1,4,0,0,7,0.250,False,True,0
164,2,1,5,0,0,7,0.200,False,True,0
165,2,3,4,0,0,7,0.750,True,False,0
166,2,6,1,0,0,7,6.000,False,False,0
167,2,4,0,0,0,7,7.000,False,False,0
168,2,3,2,1,0,7,1.500,False,True,0
169,2,1,3,1,0,7,0.333,False,True,0
170,2,1,4,1,0,7,0.250,False,True,0
171,2,5,2,0,0,7,2.500,False,False,0
172,2,5,2,0,0,7,2.500,False,True,0
173,2,4,1,0,0,7,4.000,False,False,0
174,2,3,2,1,0,7,1.500,False,True,0
175,2,2,2,0,0,7,1.000,False,True,0
176,2,4,3,0,0,7,1.333,True,False,0
177,2,4,2,0,0,7,2.000,False,False,0
178,2,3,3,0,0,7,1.000,False,True,0
179,2,4,1,0,0,7,4.000,False,False,0
180,2,4,2,0,0,7,2.000,False,True,0
181,2,2,3,0,0,7,0.667,False,True,0
182,2,2,4,0,0,7,0.500,False,True,0
183,2,3,3,0,0,7,1.000,False,False,0
184,2,5,1,0,0,7,5.000,False,False,0
185,2,4,1,0,0,7,4.000,False,True,0
186,2,3,3,0,0,7,1.000,False,True,0
187,2,3,3,0,0,7,1.000,False,True,0
188,2,3,3,0,0,7,1.000,False,True,0
189,2,3,3,0,0,7,1.000,False,True,0
190,2,2,4,0,0,7,0.500,False,True,0
191,2,3,2,0,0,7,1.500,False,False,0
192,2,4,3,0,0,7,1.333,False,True,0
193,2,3,1,1,0,7,3.000,False,False,0
194,2,5,1,0,0,7,5.000,False,False,0
195,2,3,3,0,0,7,1.000,False,True,0
196,2,4,1,0,0,7,4.000,False,False,0
197,2,3,2,0,0,7,1.500,False,True,0
198,2,3,3,0,0,7,1.000,False,True,0
199,2,4,2,0,0,7,2.000,False,False,0
200,2,4,2,0,0,7,2.000,False,True,0
201,2,3,3,0,0,7,1.000,False,True,0
202,2,1,3,1,0,7,0.333,False,True,0
203,2,4,3,0,0,7,1.333,False,False,0
204,2,6,1,0,0,7,6.000,False,False,0
205,2,3,0,0,0,7,7.000,False,False,0
206,2,3,3,0,0,7,1.000,False,True,0
207,2,2,4,0,0,7,0.500,False,True,0
208,2,3,4,0,0,7,0.750,True,False,0
209,2,3,3,0,0,7,1.000,False,False,0
210,2,6,1,0,0,7,6.000,False,False,0
211,2,3,1,0,0,7,3.000,False,True,0
212,2,3,3,0,0,7,1.000,False,True,0
213,2,3,3,0,0,7,1.000,False,True,0
214,2,3,2,0,0,7,1.500,False,False,0
215,2,3,3,0,0,7,1.000,False,True,0
216,2,2,2,1,0,7,1.000,False,True,0
217,2,1,5,0,0,7,0.200,False,True,0
218,2,3,3,0,0,7,1.000,False,False,0
219,2,4,3,0,0,7,1.333,False,False,0
220,2,4,1,0,0,7,4.000,False,False,0
221,2,5,1,0,0,7,5.000,False,False,0
222,2,5,2,0,0,7,2.500,False,True,0
223,2,1,2,0,0,7,0.500,False,True,0
224,2,2,5,0,0,7,0.400,True,True,0
225,2,3,3,0,0,7,1.000,False,False,0
226,2,5,1,1,0,7,5.000,False,False,0
227,2,6,0,0,0,7,7.000,False,False,0
228,2,3,0,0,0,7,7.000,False,True,0
229,2,1,4,0,0,7,0.250,False,True,0
230,2,2,5,0,0,7,0.400,True,False,0
231,2,3,4,0,0,7,0.750,True,False,0
232,2,5,0,0,0,7,7.000,False,False,0
233,2,3,2,0,0,7,1.500,False,True,0
234,2,3,3,0,0,7,1.000,False,True,0
235,2,2,3,0,0,7,0.667,False,True,0
236,2,3,4,0,0,7,0.750,False,False,0
237,2,5,2,0,0,7,2.500,False,False,0
238,2,3,2,0,0,7,1.500,False,True,0
239,2,2,3,0,0,7,0.667,False,True,0
240,2,2,3,1,0,7,0.667,False,True,0
241,2,3,3,0,0,7,1.000,False,False,0
242,2,6,1,0,0,7,6.000,False,False,0
243,2,5,0,0,0,7,7.000,False,False,0
244,2,4,1,1,0,7,4.000,False,True,0
245,2,1,3,0,0,7,0.333,False,True,0
246,2,4,3,0,0,7,1.333,False,False,0
247,2,4,3,0,0,7,1.333,False,True,1
248,2,4,3,1,0,7,1.333,True,True,1
249,2,4,3,0,0,7,1.333,False,True,1
250,2,2,5,0,0,7,0.400,True,True,1
251,2,4,6,0,0,7,0.667,True,False,1
252,2,4,3,0,0,7,1.333,False,False,1
253,2,4,5,0,0,7,0.800,True,True,1
254,2,2,5,0,0,7,0.400,False,True,1
255,2,3,7,0,0,7,0.429,True,True,1
256,2,2,7,0,0,7,0.286,True,True,1
257,2,1,6,1,0,7,0.167,True,True,1
258,2,2,6,2,0,7,0.333,True,False,1
259,2,4,7,2,0,7,0.571,True,False,1
260,2,2,6,2,0,7,0.333,True,True,1
261,2,1,5,0,0,7,0.200,False,True,1
262,2,2,7,1,0,7,0.286,True,False,1
263,2,2,7,3,0,7,0.286,True,True,1
264,2,2,7,1,0,7,0.286,True,True,1
265,2,1,7,0,0,7,0.143,True,True,1
266,2,2,7,1,0,7,0.286,True,False,1
267,2,3,9,1,0,7,0.333,True,False,1
268,2,2,6,0,0,7,0.333,True,True,1
269,2,2,8,0,0,7,0.250,True,True,1
270,2,0,5,0,0,7,0.000,False,True,1
271,2,1,9,0,0,7,0.111,True,False,1
272,2,1,7,0,0,7,0.143,True,False,1
273,2,1,8,1,0,7,0.125,True,True,1
274,2,1,8,1,0,7,0.125,True,True,1
275,2,1,8,0,0,7,0.125,True,True,1
276,2,0,8,1,0,7,0.000,True,True,1
277,2,0,10,1,0,7,0.000,True,True,1
278,2,0,9,0,0,7,0.000,True,True,1
279,2,1,7,0,0,7,0.143,True,False,1
280,2,0,7,0,0,7,0.000,True,True,1
281,2,0,11,0,0,7,0.000,True,True,1
282,2,0,12,0,0,7,0.000,True,True,1
283,2,1,4,0,0,7,0.250,False,False,1
284,2,0,10,1,0,7,0.000,True,True,1
285,2,0,6,1,0,7,0.000,True,True,1
286,2,0,7,1,0,7,0.000,True,True,1
287,2,1,10,0,0,7,0.100,True,False,1
288,2,1,7,0,0,7,0.143,True,False,1
289,2,1,9,1,0,7,0.111,True,True,1
290,2,2,6,0,0,7,0.333,True,False,1
291,2,1,8,0,0,7,0.125,True,True,1
292,2,1,8,0,0,7,0.125,True,True,1
293,2,3,8,1,0,7,0.375,True,False,1
294,2,1,6,0,0,7,0.167,False,True,1
295,2,1,5,1,0,7,0.200,False,False,1
296,2,1,6,0,0,7,0.167,False,True,1
297,2,1,9,0,0,7,0.111,True,True,1
298,2,4,8,0,0,7,0.500,True,False,1
299,2,4,6,2,0,7,0.667,True,False,1
300,2,1,4,1,0,7,0.250,False,True,1
301,2,2,6,0,0,7,0.333,False,False,1
302,2,2,7,0,0,6,0.286,True,True,1
303,2,2,6,2,0,6,0.333,True,False,1
304,2,4,6,1,0,5,0.667,True,False,1
305,2,3,5,1,0,6,0.600,True,True,1
306,2,2,6,1,0,6,0.333,True,True,1
307,2,2,8,1,0,6,0.250,True,True,1
308,2,2,5,1,0,6,0.400,True,False,1
309,2,4,6,0,0,6,0.667,True,False,1
310,2,7,7,0,0,7,1.000,True,False,1
311,2,4,5,1,0,7,0.800,True,True,1
312,2,3,5,0,0,7,0.600,False,True,1
313,2,2,6,0,0,7,0.333,False,True,1
314,2,3,6,0,0,7,0.500,True,False,1
315,2,4,5,0,0,7,0.800,True,False,1
316,2,3,6,0,0,7,0.500,True,True,1
317,2,2,6,0,0,7,0.333,False,True,1
318,2,4,1,1,0,7,4.000,False,False,1
319,2,3,1,1,0,7,3.000,False,True,1
320,2,3,2,0,0,7,1.500,False,True,1
321,2,3,4,0,0,7,0.750,False,True,1
322,2,4,2,1,0,7,2.000,False,False,1
323,2,4,0,0,0,7,7.000,False,False,1
324,2,3,2,0,0,7,1.500,False,True,1
325,2,4,2,0,0,7,2.000,False,False,1
326,2,4,2,0,0,7,2.000,False,True,1
327,2,3,2,1,0,7,1.500,False,True,1
328,2,4,1,0,0,7,4.000,False,False,0
329,2,4,3,0,0,7,1.333,False,True,0
330,2,4,1,0,0,7,4.000,False,False,0
331,2,2,2,0,0,7,1.000,False,True,0
332,2,3,4,0,0,7,0.750,False,True,0
333,2,4,2,0,0,7,2.000,False,False,0
334,2,5,1,0,0,7,5.000,False,False,0
335,2,5,1,0,0,7,5.000,False,True,0
336,2,4,1,0,0,7,4.000,False,True,0
337,2,1,3,0,0,7,0.333,False,True,0
338,2,1,6,0,0,7,0.167,False,True,0
339,2,6,1,0,0,7,6.000,False,False,0
340,2,4,0,0,0,7,7.000,False,False,0
341,2,5,2,0,0,7,2.500,False,True,0
342,2,6,0,0,0,7,7.000,False,False,0
343,2,4,0,0,0,7,7.000,False,True,0
344,2,3,4,0,0,7,0.750,False,True,0
345,2,4,1,1,0,7,4.000,False,False,0
346,2,3,2,0,0,7,1.500,False,True,0
347,2,5,1,0,0,7,5.000,False,False,0
348,2,2,3,0,0,7,0.667,False,True,0
349,2,3,4,0,0,7,0.750,False,False,0
350,2,6,0,0,0,7,7.000,False,False,0
351,2,2,2,0,0,7,1.000,False,True,0
352,2,3,3,0,0,7,1.000,False,True,0
353,2,2,3,0,0,7,0.667,False,True,0
354,2,4,3,0,0,7,1.333,False,False,0
355,2,4,1,1,0,7,4.000,False,False,0
356,2,4,2,1,0,7,2.000,False,True,0
357,2,4,1,0,0,7,4.000,False,False,0
358,2,3,2,0,0,7,1.500,False,True,0
359,2,3,2,0,0,7,1.500,False,True,0
360,2,2,4,0,0,7,0.500,False,True,0
361,2,2,3,1,0,7,0.667,False,False,0
362,2,1,5,0,0,7,0.200,False,True,0
363,2,4,2,0,0,7,2.000,False,False,0
364,2,4,2,0,0,7,2.000,False,True,0
365,2,4,3,0,0,7,1.333,False,True,0
366,2,2,2,0,0,7,1.000,False,True,0
367,2,2,4,0,0,7,0.500,False,True,0
368,2,2,4,0,0,7,0.500,False,True,0
369,2,6,1,0,0,7,6.000,False,False,0
370,2,5,0,0,0,7,7.000,False,False,0
371,2,1,3,0,0,7,0.333,False,True,0
372,2,1,5,0,0,7,0.200,False,True,0
373,2,3,4,0,0,7,0.750,False,False,0
374,2,5,1,0,0,7,5.000,False,False,0
375,2,7,0,0,0,7,7.000,False,False,0
376,2,6,0,0,0,7,7.000,False,True,0
377,2,4,0,0,0,7,7.000,False,True,0
378,2,2,2,1,0,7,1.000,False,True,0
379,2,2,3,0,0,7,0.667,False,True,0
380,2,4,3,0,0,7,1.333,False,False,0
381,2,6,1,0,0,7,6.000,False,False,0
382,2,3,0,0,0,7,7.000,False,False,0
383,2,3,4,0,0,7,0.750,False,True,0
384,2,3,3,0,0,7,1.000,False,False,0
385,2,4,2,0,0,7,2.000,False,False,0
386,2,3,2,0,0,7,1.500,False,True,0
387,2,4,1,0,0,7,4.000,False,False,0
388,2,2,4,0,0,7,0.500,False,True,0
389,2,5,1,0,0,7,5.000,False,False,0
390,2,4,2,0,0,7,2.000,False,True,0
391,2,6,0,0,0,7,7.000,False,False,0
392,2,3,1,0,0,7,3.000,False,True,0
393,2,4,2,0,0,7,2.000,False,True,0
394,2,2,2,1,0,7,1.000,False,True,0
395,2,3,3,0,0,7,1.000,False,True,0
396,2,4,3,0,0,7,1.333,False,False,0
397,2,4,1,0,0,7,4.000,False,False,0
398,2,5,2,0,0,7,2.500,False,True,0
399,2,4,0,0,0,7,7.000,False,False,0
400,2,2,3,1,0,7,0.667,False,True,0
401,2,0,5,0,0,7,0.000,False,True,0
402,2,5,2,0,0,7,2.500,False,False,0
403,2,5,0,0,0,7,7.000,False,False,0
404,2,4,1,1,0,7,4.000,False,True,0
405,2,3,2,0,0,7,1.500,False,True,0
406,2,3,2,0,0,7,1.500,False,True,0
407,2,4,2,0,0,7,2.000,False,False,0
408,2,3,3,0,0,7,1.000,False,True,0
409,2,4,1,1,0,7,4.000,False,False,0
410,2,2,3,0,0,7,0.667,False,True,0
411,2,1,4,0,0,7,0.250,False,True,0
412,2,3,4,0,0,7,0.750,False,False,0
413,2,4,1,0,0,7,4.000,False,False,0
414,2,4,2,0,0,7,2.000,False,True,0
415,2,4,3,0,0,7,1.333,False,True,0
416,2,1,3,0,0,7,0.333,False,True,0
417,2,3,4,0,0,7,0.750,False,False,0
418,2,5,1,0,0,7,5.000,False,False,0
419,2,3,1,0,0,7,3.000,False,True,0
420,2,4,3,0,0,7,1.333,False,True,0
421,2,2,3,0,0,7,0.667,False,True,0
422,2,4,2,0,0,7,2.000,False,False,0
423,2,2,3,0,0,7,0.667,False,True,0
424,2,3,4,0,0,7,0.750,False,False,0
425,2,4,2,0,0,7,2.000,False,False,0
426,2,6,1,0,0,7,6.000,False,False,0
427,2,2,0,0,0,7,7.000,False,False,0
428,2,3,4,0,0,7,0.750,False,True,0
429,2,4,2,0,0,7,2.000,False,False,0
430,2,7,0,0,0,7,7.000,False,False,0
431,2,5,0,0,0,7,7.000,False,True,0
432,2,4,1,0,0,7,4.000,False,True,0
433,2,5,2,0,0,7,2.500,False,True,0
434,2,4,0,0,0,7,7.000,False,False,0
435,2,2,3,0,0,7,0.667,False,True,0
436,2,3,4,0,0,7,0.750,False,False,0
437,2,3,1,1,0,7,3.000,False,False,0
438,2,3,2,0,0,7,1.500,False,True,0
439,2,3,3,0,0,7,1.000,False,True,0
440,2,2,3,0,0,7,0.667,False,True,0
441,2,1,4,0,0,7,0.250,False,True,0
442,2,2,4,0,0,7,0.500,False,False,0
443,2,5,2,0,0,7,2.500,False,False,0
444,2,5,1,0,0,7,5.000,False,False,0
445,2,5,0,0,0,7,7.000,False,False,0
446,2,4,1,0,0,7,4.000,False,True,0
447,2,1,3,1,0,7,0.333,False,True,0
448,2,4,3,0,0,7,1.333,False,False,0
449,2,6,1,0,0,7,6.000,False,False,0
450,2,5,0,0,0,7,7.000,False,False,0
451,2,4,2,0,0,7,2.000,False,True,0
452,2,3,2,0,0,7,1.500,False,True,0
453,2,4,2,0,0,7,2.000,False,False,0
454,2,3,2,0,0,7,1.500,False,True,0
455,2,5,2,0,0,7,2.500,False,False,0
456,2,4,1,0,0,7,4.000,False,False,0
457,2,2,2,1,0,7,1.000,False,True,0
458,2,1,5,0,0,7,0.200,False,True,0
459,2,3,3,0,0,7,1.000,False,False,0
460,2,3,4,0,0,7,0.750,False,True,0
461,2,4,2,0,0,7,2.000,False,False,0
462,2,5,0,0,0,7,7.000,False,False,0
463,2,3,2,1,0,7,1.500,False,True,0
464,2,2,3,0,0,7,0.667,False,True,0
465,2,3,3,0,0,7,1.000,False,False,0
466,2,5,2,0,0,7,2.500,False,False,0
467,2,3,2,0,0,7,1.500,False,True,0
468,2,3,3,0,0,7,1.000,False,True,0
469,2,3,3,0,0,7,1.000,False,True,0
470,2,3,3,0,0,7,1.000,False,True,0
471,2,4,1,1,0,7,4.000,False,False,0
472,2,3,2,0,0,7,1.500,False,True,0
473,2,4,2,0,0,7,2.000,False,False,0
474,2,3,2,1,0,7,1.500,False,True,0
475,2,0,4,0,0,7,0.000,False,True,0
476,2,3,4,0,0,7,0.750,False,False,0
477,2,5,2,0,0,7,2.500,False,False,0
478,2,4,2,0,0,7,2.000,False,True,0
479,2,3,1,0,0,7,3.000,False,False,0
480,2,4,3,0,0,7,1.333,False,True,0
481,2,4,0,0,0,7,7.000,False,False,0
482,2,4,2,0,0,7,2.000,False,True,0
483,2,2,3,0,0,7,0.667,False,True,0
484,2,4,3,0,0,7,1.333,False,False,0
485,2,2,1,1,0,7,2.000,False,False,0
486,2,3,3,0,0,7,1.000,False,True,0
487,2,4,2,0,0,7,2.000,False,False,0
488,2,6,1,0,0,7,6.000,False,False,0
489,2,7,0,0,0,7,7.000,False,False,0
490,2,3,0,0,0,7,7.000,False,True,0
491,2,2,3,0,0,7,0.667,False,True,0
492,2,3,4,0,0,7,0.750,False,False,0
493,2,5,1,0,0,7,5.000,False,False,0
494,2,6,0,0,0,7,7.000,False,False,0
495,2,4,1,0,0,7,4.000,False,True,0
496,2,3,2,1,0,7,1.500,False,True,0
497,2,2,2,0,0,7,1.000,False,True,0
498,2,1,5,0,0,7,0.200,False,True,0
499,2,2,5,0,0,7,0.400,False,False,0
500,2,7,0,0,0,7,7.000,False,False,0
501,2,3,0,0,0,7,7.000,False,True,0
502,2,2,3,0,0,7,0.667,False,True,0
503,2,2,4,0,0,7,0.500,False,True,0
504,2,4,3,0,0,7,1.333,False,False,0
505,2,6,0,0,0,7,7.000,False,False,0
506,2,4,1,0,0,7,4.000,False,True,0
507,2,2,2,0,0,7,1.000,False,True,0
508,2,1,5,0,0,7,0.200,False,True,0
509,2,3,4,0,0,7,0.750,False,False,0
510,2,1,4,0,0,7,0.250,False,True,0
511,2,5,2,0,0,7,2.500,False,False,0
512,2,4,1,0,0,7,4.000,False,False,0
513,2,4,3,0,0,7,1.333,False,True,0
514,2,3,2,0,0,7,1.500,False,False,0
515,2,3,3,0,0,7,1.000,False,True,0
516,2,1,4,0,0,7,0.250,False,True,0
517,2,4,2,0,0,7,2.000,False,False,0
518,2,4,2,0,0,7,2.000,False,True,0
519,2,3,3,0,0,7,1.000,False,True,0
520,2,3,3,0,0,7,1.000,False,True,0
521,2,3,2,0,0,7,1.500,False,False,0
522,2,2,4,0,0,7,0.500,False,True,0
523,2,4,3,0,0,7,1.333,False,False,0
524,2,5,0,0,0,7,7.000,False,False,0
525,2,5,1,1,0,7,5.000,False,True,0
526,2,0,1,1,0,7,0.000,False,True,0
527,2,3,4,0,0,7,0.750,False,False,0
528,2,4,3,0,0,7,1.333,False,False,0
529,2,3,2,0,0,7,1.500,False,False,0
530,2,5,2,0,0,7,2.500,False,False,0
531,2,4,2,0,0,7,2.000,False,True,0
532,2,4,0,0,0,7,7.000,False,False,0
533,2,2,4,0,0,7,0.500,False,True,0
534,2,2,3,0,0,7,0.667,False,False,0
535,2,3,4,0,0,7,0.750,False,False,0
536,2,3,3,0,0,7,1.000,False,False,0
537,2,5,0,0,0,7,7.000,False,False,0
538,2,4,3,0,0,7,1.333,False,True,0
539,2,4,1,0,0,7,4.000,False,False,0
540,2,2,3,0,0,7,0.667,False,True,0
541,2,4,3,0,0,7,1.333,False,False,0
542,2,3,2,0,0,7,1.500,False,False,0
543,2,2,2,1,0,7,1.000,False,True,0
544,2,2,4,0,0,7,0.500,False,True,0
545,2,3,4,0,0,7,0.750,False,False,0
546,2,6,1,0,0,7,6.000,False,False,0
547,2,5,0,0,0,7,7.000,False,False,0
548,2,3,1,0,0,7,3.000,False,True,0
549,2,3,3,0,0,7,1.000,False,True,0
550,2,1,3,1,0,7,0.333,False,True,0
551,2,3,4,0,0,7,0.750,False,False,0
552,2,4,1,1,0,7,4.000,False,False,0
553,2,3,1,0,0,7,3.000,False,True,0
554,2,2,4,0,0,7,0.500,False,True,0
555,2,3,3,0,0,7,1.000,False,False,0
556,2,5,2,0,0,7,2.500,False,False,0
557,2,3,0,0,0,7,7.000,False,False,0
558,2,2,3,0,0,7,0.667,False,True,0
559,2,3,4,0,0,7,0.750,False,False,0
560,2,4,3,0,0,7,1.333,False,False,0
561,2,5,0,0,0,7,7.000,False,False,0
562,2,4,1,0,0,7,4.000,False,True,0
563,2,1,3,1,0,7,0.333,False,True,0
564,2,1,6,0,0,7,0.167,True,True,0
565,2,3,3,0,0,7,1.000,False,False,0
566,2,4,3,0,0,7,1.333,False,False,0
567,2,5,2,0,0,7,2.500,False,False,0
568,2,4,0,0,0,7,7.000,False,False,0
569,2,3,2,0,0,7,1.500,False,True,0
570,2,2,5,0,0,7,0.400,True,True,0
571,2,2,3,0,0,7,0.667,False,False,0
572,2,3,3,0,0,7,1.000,False,False,0
573,2,4,3,0,0,7,1.333,False,False,0
574,2,3,1,0,0,7,3.000,False,False,0
575,2,3,3,0,0,7,1.000,False,True,0
576,2,2,4,0,0,7,0.500,False,True,0
577,2,6,0,0,0,7,7.000,False,False,0
578,2,5,1,0,0,7,5.000,False,True,0
579,2,3,1,0,0,7,3.000,False,True,0
580,2,2,5,0,0,7,0.400,True,True,1
581,2,3,5,0,0,7,0.600,True,False,1
582,2,4,5,0,0,7,0.800,True,False,1
583,2,5,1,0,0,7,5.000,False,False,1
584,2,3,4,0,0,7,0.750,False,True,1
585,2,2,7,0,0,7,0.286,True,True,1
586,2,3,5,0,0,7,0.600,True,False,1
587,2,5,5,0,0,7,1.000,True,False,1
588,2,3,4,0,0,7,0.750,False,True,1
589,2,2,5,0,0,7,0.400,False,True,1
590,2,2,7,0,0,7,0.286,True,True,1
591,2,1,6,1,0,7,0.167,True,True,1
592,2,3,6,2,0,7,0.500,True,False,1
593,2,4,6,1,0,7,0.667,True,False,1
594,2,3,5,1,0,7,0.600,True,True,1
595,2,1,5,1,0,7,0.200,False,True,1
596,2,2,8,0,0,7,0.250,True,False,1
597,2,3,7,2,0,7,0.429,True,False,1
598,2,2,7,1,0,7,0.286,True,True,1
599,2,3,8,1,0,7,0.375,True,False,1
600,2,1,7,0,0,7,0.143,True,True,1
601,2,2,10,1,0,7,0.200,True,False,1
602,2,2,5,0,0,7,0.400,False,False,1
603,2,1,7,1,0,7,0.143,True,True,1
604,2,1,5,1,0,7,0.200,False,False,1
605,2,1,9,0,0,7,0.111,True,True,1
606,2,1,8,0,0,7,0.125,True,True,1
607,2,0,10,1,0,7,0.000,True,True,1
608,2,1,9,0,0,7,0.111,True,False,1
609,2,0,10,0,0,7,0.000,True,True,1
610,2,1,6,1,0,7,0.167,True,False,1
611,2,1,8,0,0,7,0.125,True,True,1
612,2,0,11,0,0,7,0.000,True,True,1
613,2,0,8,0,0,7,0.000,True,True,1
614,2,1,7,0,0,7,0.143,True,False,1
615,2,0,8,0,0,7,0.000,True,True,1
616,2,0,8,0,0,7,0.000,True,True,1
617,2,0,9,1,0,7,0.000,True,True,1
618,2,1,9,1,0,7,0.111,True,False,1
619,2,0,10,0,0,7,0.000,True,True,1
620,2,1,5,0,0,7,0.200,False,False,1
621,2,1,10,0,0,7,0.100,True,True,1
622,2,2,7,1,0,7,0.286,True,False,1
623,2,2,9,0,0,7,0.222,True,True,1
624,2,1,7,1,0,7,0.143,True,True,1
625,2,1,6,2,0,7,0.167,True,True,1
626,2,2,6,0,0,7,0.333,True,False,1
627,2,2,9,0,0,7,0.222,True,True,1
628,2,3,7,2,0,7,0.429,True,False,1
629,2,1,7,2,0,7,0.143,True,True,1
630,2,1,4,1,0,7,0.250,False,False,1
631,2,0,7,1,0,7,0.000,True,True,1
632,2,3,7,1,0,7,0.429,True,False,1
633,2,4,7,1,0,7,0.571,True,False,1
634,2,2,4,1,0,7,0.500,False,True,1
635,2,4,6,0,0,7,0.667,True,False,1
636,2,2,5,1,0,7,0.400,True,True,1
637,2,2,6,2,0,6,0.333,True,True,1
638,2,4,7,0,0,6,0.571,True,False,1
639,2,4,5,0,0,6,0.800,True,False,1
640,2,3,6,2,0,6,0.500,True,True,1
641,2,3,5,1,0,6,0.600,True,False,1
642,2,5,6,0,0,7,0.833,True,False,1
643,2,4,6,0,0,7,0.667,True,True,1
644,2,1,4,1,0,7,0.250,False,True,1
645,2,2,7,1,0,7,0.286,True,False,1
646,2,2,7,0,0,7,0.286,True,True,1
647,2,4,6,0,0,7,0.667,True,False,1
648,2,5,7,0,0,7,0.714,True,False,1
649,2,5,5,0,0,7,1.000,True,False,1
650,2,1,5,0,0,7,0.200,False,True,1
651,2,2,4,0,0,7,0.500,False,False,1
652,2,3,4,0,0,7,0.750,False,False,1
653,2,6,0,0,0,7,7.000,False,False,1
654,2,6,0,0,0,7,7.000,False,True,1
655,2,1,1,1,0,7,1.000,False,True,1
656,2,1,5,0,0,7,0.200,False,True,1
657,2,3,4,0,0,7,0.750,False,False,1
658,2,4,2,0,0,7,2.000,False,False,1
659,2,4,1,0,0,7,4.000,False,False,1
660,2,2,3,0,0,7,0.667,False,True,0
661,2,2,5,0,0,7,0.400,False,True,0
662,2,6,0,0,0,7,7.000,False,False,0
663,2,6,0,0,0,7,7.000,False,True,0
664,2,2,1,0,0,7,2.000,False,True,0
665,2,3,4,0,0,7,0.750,False,True,0
666,2,4,2,0,0,7,2.000,False,False,0
667,2,4,3,0,0,7,1.333,False,True,0
668,2,3,1,0,0,7,3.000,False,False,0
669,2,3,3,0,0,7,1.000,False,True,0
670,2,4,3,0,0,7,1.333,False,False,0
671,2,3,1,1,0,7,3.000,False,False,0
672,2,3,2,0,0,7,1.500,False,True,0
673,2,4,3,0,0,7,1.333,False,True,0
674,2,3,1,0,0,7,3.000,False,False,0
675,2,3,3,0,0,7,1.000,False,True,0
676,2,7,0,0,0,7,7.000,False,False,0
677,2,4,0,0,0,7,7.000,False,True,0
678,2,2,2,1,0,7,1.000,False,True,0
679,2,1,5,0,0,7,0.200,False,True,0
680,2,6,0,0,0,7,7.000,False,False,0
681,2,6,1,0,0,7,6.000,False,True,0
682,2,3,1,0,0,7,3.000,False,True,0
683,2,3,2,1,0,7,1.500,False,True,0
684,2,2,3,0,0,7,0.667,False,True,0
685,2,4,3,0,0,7,1.333,False,False,0
686,2,4,2,0,0,7,2.000,False,False,0
687,2,3,1,0,0,7,3.000,False,False,0
688,2,3,4,0,0,7,0.750,False,True,0
689,2,7,0,0,0,7,7.000,False,False,0
690,2,4,0,0,0,7,7.000,False,True,0
691,2,3,2,0,0,7,1.500,False,True,0
692,2,1,4,0,0,7,0.250,False,True,0
693,2,1,5,0,0,7,0.200,False,True,0
694,2,6,1,0,0,7,6.000,False,False,0
695,2,3,0,0,0,7,7.000,False,False,0
696,2,2,4,0,0,7,0.500,False,True,0
697,2,2,3,1,0,7,0.667,False,False,0
698,2,2,5,0,0,7,0.400,False,True,0
699,2,3,2,1,0,7,1.500,False,False,0
700,2,7,0,0,0,7,7.000,False,False,0
701,2,3,0,0,0,7,7.000,False,True,0
702,2,3,3,0,0,7,1.000,False,True,0
703,2,3,3,0,0,7,1.000,False,True,0
704,2,4,1,0,0,7,4.000,False,False,0
705,2,3,2,0,0,7,1.500,False,True,0
706,2,3,3,0,0,7,1.000,False,True,0
707,2,2,3,0,0,7,0.667,False,True,0
708,2,3,4,0,0,7,0.750,False,False,0
709,2,4,2,1,0,7,2.000,False,False,0
710,2,5,0,0,0,7,7.000,False,False,0
711,2,2,2,0,0,7,1.000,False,True,0
712,2,3,3,0,0,7,1.000,False,True,0
713,2,1,4,0,0,7,0.250,False,True,0
714,2,2,5,0,0,7,0.400,False,False,0
715,2,4,3,0,0,7,1.333,False,False,0
716,2,6,0,0,0,7,7.000,False,False,0
717,2,6,0,0,0,7,7.000,False,True,0
718,2,1,1,0,0,7,1.000,False,True,0
719,2,1,6,0,0,7,0.167,True,True,0
720,2,1,6,0,0,7,0.167,True,True,0
721,2,4,3,0,0,7,1.333,False,False,0
722,2,5,1,1,0,7,5.000,False,False,0
723,2,5,0,0,0,7,7.000,False,False,0
724,2,4,1,0,0,7,4.000,False,True,0
725,2,2,3,0,0,7,0.667,False,True,0
726,2,3,4,0,0,7,0.750,False,False,0
727,2,3,2,0,0,7,1.500,False,False,0
728,2,4,2,0,0,7,2.000,False,False,0
729,2,1,3,0,0,7,0.333,False,True,0
730,2,3,4,0,0,7,0.750,False,False,0
731,2,4,2,0,0,7,2.000,False,False,0
732,2,5,0,0,0,7,7.000,False,False,0
733,2,4,2,0,0,7,2.000,False,True,0
734,2,1,3,0,0,7,0.333,False,True,0
735,2,4,3,0,0,7,1.333,False,False,0
736,2,4,2,0,0,7,2.000,False,False,0
737,2,5,1,0,0,7,5.000,False,False,0
738,2,3,1,1,0,7,3.000,False,True,0
739,2,3,3,1,0,7,1.000,False,True,0
740,2,1,2,1,0,7,0.500,False,True,0
741,2,4,3,0,0,7,1.333,False,False,0
742,2,4,2,0,0,7,2.000,False,False,0
743,2,5,1,0,0,7,5.000,False,False,0
744,2,1,1,1,0,7,1.000,False,True,0
745,2,4,3,0,0,7,1.333,False,False,0
746,2,3,2,1,0,7,1.500,False,False,0
747,2,5,1,1,0,7,5.000,False,False,0
748,2,4,0,0,0,7,7.000,False,False,0
749,2,4,2,0,0,7,2.000,False,True,0
750,2,2,3,0,0,7,0.667,False,True,0
751,2,3,4,0,0,7,0.750,False,False,0
752,2,4,2,0,0,7,2.000,False,False,0
753,2,1,1,1,0,7,1.000,False,True,0
754,2,3,4,0,0,7,0.750,False,True,0
755,2,2,3,1,0,7,0.667,False,True,0
756,2,3,3,0,0,7,1.000,False,False,0
757,2,5,2,0,0,7,2.500,False,False,0
758,2,3,2,0,0,7,1.500,False,True,0
759,2,2,3,0,0,7,0.667,False,True,0
760,2,3,2,1,0,7,1.500,False,False,0
761,2,5,2,0,0,7,2.500,False,False,0
762,2,5,0,0,0,7,7.000,False,False,0
763,2,3,1,0,0,7,3.000,False,True,0
764,2,1,4,0,0,7,0.250,False,True,0
765,2,4,3,0,0,7,1.333,False,False,0
766,2,5,1,0,0,7,5.000,False,False,0
767,2,3,1,0,0,7,3.000,False,True,0
768,2,2,3,0,0,7,0.667,False,True,0
769,2,1,5,0,0,7,0.200,False,True,0
770,2,3,4,0,0,7,0.750,False,False,0
771,2,7,0,0,0,7,7.000,False,False,0
772,2,6,0,0,0,7,7.000,False,True,0
773,2,5,0,0,0,7,7.000,False,True,0
774,2,1,2,0,0,7,0.500,False,True,0
775,2,1,6,0,0,7,0.167,True,True,0
776,2,3,4,0,0,7,0.750,False,False,0
777,2,3,3,0,0,7,1.000,False,False,0
778,2,2,2,1,0,7,1.000,False,True,0
779,2,5,2,0,0,7,2.500,False,False,0
780,2,1,2,0,0,7,0.500,False,True,0
781,2,2,5,0,0,7,0.400,True,True,0
782,2,5,2,0,0,7,2.500,False,False,0
783,2,3,2,0,0,7,1.500,False,True,0
784,2,4,2,0,0,7,2.000,False,False,0
785,2,4,2,0,0,7,2.000,False,True,0
786,2,3,3,0,0,7,1.000,False,True,0
787,2,2,3,0,0,7,0.667,False,True,0
788,2,4,3,0,0,7,1.333,False,False,0
789,2,4,2,0,0,7,2.000,False,False,0
790,2,3,1,0,0,7,3.000,False,False,0
791,2,4,3,0,0,7,1.333,False,True,0
792,2,2,2,1,0,7,1.000,False,True,0
793,2,5,2,0,0,7,2.500,False,False,0
794,2,4,1,0,0,7,4.000,False,False,0
795,2,1,3,0,0,7,0.333,False,True,0
796,2,4,3,0,0,7,1.333,False,False,0
797,2,4,2,0,0,7,2.000,False,False,0
798,2,5,0,0,0,7,7.000,False,False,0
799,2,2,3,0,0,7,0.667,False,True,0
800,2,1,4,0,0,7,0.250,False,True,0
801,2,3,4,0,0,7,0.750,False,False,0
802,2,4,3,0,0,7,1.333,False,False,0
803,2,6,0,0,0,7,7.000,False,False,0
804,2,4,0,0,0,7,7.000,False,True,0
805,2,0,3,1,0,7,0.000,False,True,0
806,2,3,4,0,0,7,0.750,False,False,0
807,2,5,2,0,0,7,2.500,False,False,0
808,2,5,0,0,0,7,7.000,False,False,0
809,2,1,2,0,0,7,0.500,False,True,0
810,2,1,5,0,0,7,0.200,False,True,0
811,2,3,4,0,0,7,0.750,False,False,0
812,2,5,2,0,0,7,2.500,False,False,0
813,2,5,1,0,0,7,5.000,False,False,0
814,2,5,0,0,0,7,7.000,False,False,0
815,2,2,2,1,0,7,1.000,False,True,0
816,2,3,2,0,0,7,1.500,False,False,0
817,2,4,3,0,0,7,1.333,False,True,0
818,2,2,1,1,0,7,2.000,False,False,0
819,2,1,3,1,0,7,0.333,False,True,0
820,2,3,3,0,0,7,1.000,False,False,0
821,2,4,3,0,0,7,1.333,False,False,0
822,2,3,2,0,0,7,1.500,False,False,0
823,2,3,2,0,0,7,1.500,False,True,0
824,2,1,3,1,0,7,0.333,False,True,0
825,2,2,4,0,0,7,0.500,False,False,0
826,2,4,3,0,0,7,1.333,False,False,0
827,2,5,2,0,0,7,2.500,False,False,0
828,2,4,0,0,0,7,7.000,False,False,0
829,2,2,2,0,0,7,1.000,False,True,0
830,2,3,4,0,0,7,0.750,False,True,0
831,2,3,3,0,0,7,1.000,False,False,0
832,2,4,3,0,0,7,1.333,False,False,0
833,2,3,1,0,0,7,3.000,False,False,0
834,2,1,5,0,0,7,0.200,False,True,0
835,2,4,3,0,0,7,1.333,False,False,0
836,2,4,1,1,0,7,4.000,False,False,0
837,2,5,0,0,0,7,7.000,False,False,0
838,2,5,2,0,0,7,2.500,False,True,0
839,2,3,1,1,0,7,3.000,False,False,0
840,2,2,3,0,0,7,0.667,False,True,0
841,2,0,5,0,0,7,0.000,False,True,0
842,2,3,4,0,0,7,0.750,False,False,0
843,2,5,2,0,0,7,2.500,False,False,0
844,2,4,2,0,0,7,2.000,False,True,0
845,2,4,1,0,0,7,4.000,False,False,0
846,2,3,3,0,0,7,1.000,False,True,0
847,2,5,1,0,0,7,5.000,False,False,0
848,2,4,2,0,0,7,2.000,False,True,0
849,2,6,0,0,0,7,7.000,False,False,0
850,2,4,2,0,0,7,2.000,False,True,0
851,2,2,1,0,0,7,2.000,False,True,0
852,2,1,5,0,0,7,0.200,False,True,0
853,2,3,4,0,0,7,0.750,False,False,0
854,2,7,0,0,0,7,7.000,False,False,0
855,2,6,0,0,0,7,7.000,False,True,0
856,2,3,0,0,0,7,7.000,False,True,0
857,2,2,4,0,0,7,0.500,False,True,0
858,2,4,2,0,0,7,2.000,False,False,0
859,2,3,2,0,0,7,1.500,False,True,0
860,2,4,2,0,0,7,2.000,False,False,0
861,2,3,2,0,0,7,1.500,False,True,0
862,2,2,3,0,0,7,0.667,False,True,0
863,2,3,4,0,0,7,0.750,False,False,0
864,2,6,1,0,0,7,6.000,False,False,0
865,2,6,0,0,0,7,7.000,False,False,0
866,2,3,0,0,0,7,7.000,False,True,0
867,2,3,3,0,0,7,1.000,False,True,0
868,2,2,4,0,0,7,0.500,False,True,0
869,2,4,3,0,0,7,1.333,False,False,0
870,2,7,0,0,0,7,7.000,False,False,0
871,2,3,2,0,0,7,1.500,False,True,0
872,2,4,1,0,0,7,4.000,False,False,0
873,2,0,3,1,0,7,0.000,False,True,0
874,2,2,5,0,0,7,0.400,True,False,0
875,2,6,1,0,0,7,6.000,False,False,0
876,2,6,0,0,0,7,7.000,False,False,0
877,2,6,0,0,0,7,7.000,False,True,0
878,2,2,1,0,0,7,2.000,False,True,0
879,2,2,4,0,0,7,0.500,False,True,0
880,2,2,5,0,0,7,0.400,True,True,0
881,2,5,1,0,0,7,5.000,False,False,0
882,2,6,0,0,0,7,7.000,False,False,0
883,2,6,0,0,0,7,7.000,False,True,0
884,2,2,1,0,0,7,2.000,False,True,0
885,2,2,4,0,0,7,0.500,False,True,0
886,2,2,5,0,0,7,0.400,True,True,0
887,2,3,2,1,0,7,1.500,False,False,0
888,2,6,0,0,0,7,7.000,False,False,0
889,2,4,0,0,0,7,7.000,False,True,0
890,2,4,3,0,0,7,1.333,False,True,0
891,2,4,3,0,0,7,1.333,False,True,0
892,2,4,0,0,0,7,7.000,False,False,0
893,2,3,3,0,0,7,1.000,False,True,0
894,2,3,3,0,0,7,1.000,False,True,0
895,2,4,2,0,0,7,2.000,False,False,0
896,2,5,1,0,0,7,5.000,False,False,0
897,2,5,1,0,0,7,5.000,False,True,0
898,2,3,1,0,0,7,3.000,False,True,0
899,2,2,4,0,0,7,0.500,False,True,0
900,2,2,4,0,0,7,0.500,False,True,0
901,2,5,2,0,0,7,2.500,False,False,0
902,2,4,2,0,0,7,2.000,False,True,0
903,2,4,2,0,0,7,2.000,False,True,0
904,2,5,0,0,0,7,7.000,False,False,0
905,2,2,2,0,0,7,1.000,False,True,0
906,2,4,3,0,0,7,1.333,False,False,0
907,2,3,3,0,0,7,1.000,False,True,0
908,2,5,0,0,0,7,7.000,False,False,0
909,2,3,2,1,0,7,1.500,False,True,0
910,2,1,3,0,0,7,0.333,False,True,0
911,2,3,4,0,0,7,0.750,False,False,0
912,2,3,3,0,0,7,1.000,False,False,0
913,2,4,1,0,0,7,4.000,False,False,0
914,2,5,2,0,0,7,2.500,False,True,0
915,2,3,2,0,0,7,1.500,False,True,0
916,2,3,2,0,0,7,1.500,False,True,0
917,2,3,4,0,0,7,0.750,False,True,0
918,2,3,3,0,0,7,1.000,False,False,0
919,2,3,2,0,0,7,1.500,False,False,0
920,2,2,4,0,0,7,0.500,False,True,0
921,2,4,2,1,0,7,2.000,False,False,0
922,2,6,0,0,0,7,7.000,False,False,0
923,2,3,2,0,0,7,1.500,False,True,0
924,2,3,2,0,0,7,1.500,False,True,0
925,2,1,4,0,0,7,0.250,False,True,0
926,2,4,3,0,0,7,1.333,False,False,0
927,2,4,3,0,0,7,1.333,False,True,0
928,2,4,2,0,0,7,2.000,False,False,0
929,2,4,2,0,0,7,2.000,False,True,0
930,2,5,0,0,0,7,7.000,False,False,0
931,2,2,2,0,0,7,1.000,False,True,0
932,2,3,4,0,0,7,0.750,False,True,0
933,2,4,2,0,0,7,2.000,False,False,0
934,2,4,2,0,0,7,2.000,False,True,0
935,2,4,2,0,0,7,2.000,False,True,0
936,2,3,3,0,0,7,1.000,False,True,0
937,2,2,3,1,0,7,0.667,False,True,0
938,2,2,3,0,0,7,0.667,False,True,0
939,2,5,1,0,0,7,5.000,False,False,0
940,2,5,1,0,0,7,5.000,False,True,0
941,2,3,1,1,0,7,3.000,False,True,0
942,2,3,2,0,0,7,1.500,False,True,0
943,2,5,2,0,0,7,2.500,False,False,0
944,2,7,0,0,0,7,7.000,False,False,0
945,2,3,0,0,0,7,7.000,False,True,0
946,2,3,3,0,0,7,1.000,False,True,0
947,2,2,3,0,0,7,0.667,False,True,0
948,2,2,3,1,0,7,0.667,False,True,0
949,2,1,5,0,0,7,0.200,False,True,0
950,2,2,4,0,0,7,0.500,False,False,0
951,2,6,1,0,0,7,6.000,False,False,0
952,2,5,0,0,0,7,7.000,False,False,0
953,2,3,2,0,0,7,1.500,False,True,0
954,2,3,2,1,0,7,1.500,False,True,0
955,2,4,2,1,0,7,2.000,False,False,0
956,2,3,1,0,0,7,3.000,False,False,0
957,2,1,4,0,0,7,0.250,False,True,0
958,2,3,3,1,0,7,1.000,False,False,0
959,2,4,1,0,0,7,4.000,False,False,0
960,2,4,2,0,0,7,2.000,False,True,0
961,2,4,2,0,0,7,2.000,False,True,0
962,2,2,2,0,0,7,1.000,False,True,0
963,2,3,3,1,0,7,1.000,False,True,0
964,2,4,2,0,0,7,2.000,False,False,0
965,2,3,2,0,0,7,1.500,False,True,0
966,2,4,2,0,0,7,2.000,False,False,0
967,2,4,1,0,0,7,4.000,False,False,0
968,2,4,2,0,0,7,2.000,False,True,0
969,2,4,1,1,0,7,4.000,False,False,0
970,2,4,2,0,0,7,2.000,False,True,0
971,2,4,1,0,0,7,4.000,False,False,0
972,2,2,3,0,0,7,0.667,False,True,0
973,2,4,2,1,0,7,2.000,False,False,0
974,2,3,2,1,0,7,1.500,False,True,0
975,2,3,2,1,0,7,1.500,False,True,0
976,2,3,2,0,0,7,1.500,False,True,0
977,2,3,2,0,0,7,1.500,False,True,0
978,2,1,4,0,0,7,0.250,False,True,0
979,2,1,5,0,0,7,0.200,False,True,0
980,2,4,3,0,0,7,1.333,False,False,0
981,2,4,2,0,0,7,2.000,False,False,0
982,2,6,0,0,0,7,7.000,False,False,0
983,2,2,2,0,0,7,1.000,False,True,0
984,2,3,3,0,0,7,1.000,False,True,0
985,2,2,3,0,0,7,0.667,False,True,0
986,2,3,4,0,0,7,0.750,False,False,0
987,2,5,1,0,0,7,5.000,False,False,0
988,2,4,2,0,0,7,2.000,False,True,0
989,2,2,3,0,0,7,0.667,False,True,0
990,2,4,2,0,0,7,2.000,False,False,0
991,2,5,2,0,0,7,2.500,False,False,0
992,2,3,2,0,0,7,1.500,False,True,0
993,2,4,3,0,0,7,1.333,False,True,0
994,2,3,0,0,0,7,7.000,False,False,0
995,2,1,4,0,0,7,0.250,False,True,0
996,2,1,6,0,0,7,0.167,True,True,0
997,2,5,2,0,0,7,2.500,False,False,0
998,2,4,1,1,0,7,4.000,False,False,0
999,2,4,0,0,0,7,7.000,False,False,0
1000,2,2,3,0,0,7,0.667,False,True,0
1001,2,2,4,0,0,7,0.500,False,True,0
1002,2,3,3,0,0,7,1.000,False,False,0
1003,2,3,3,0,0,7,1.000,False,True,0
1004,2,3,1,0,0,7,3.000,False,False,0
1005,2,3,4,0,0,7,0.750,False,True,0
1006,2,4,2,0,0,7,2.000,False,False,0
1007,2,5,1,0,0,7,5.000,False,False,0
1008,2,6,0,0,0,7,7.000,False,False,0
1009,2,5,1,0,0,7,5.000,False,True,0
1010,2,1,2,0,0,7,0.500,False,True,0
1011,2,1,6,0,0,7,0.167,True,True,0
1012,2,4,2,0,0,7,2.000,False,False,0
1013,2,4,2,0,0,7,2.000,False,True,0
1014,2,3,2,0,0,7,1.500,False,True,0
1015,2,4,3,0,0,7,1.333,False,True,0
1016,2,3,2,0,0,7,1.500,False,False,0
1017,2,3,3,0,0,7,1.000,False,True,0
1018,2,3,2,0,0,7,1.500,False,False,0
1019,2,4,2,1,0,7,2.000,False,False,0
1020,2,2,2,1,0,7,1.000,False,True,0
1021,2,3,3,0,0,7,1.000,False,True,0
1022,2,3,2,0,0,7,1.500,False,False,0
1023,2,6,1,0,0,7,6.000,False,False,0
1024,2,3,0,0,0,7,7.000,False,False,0
1025,2,1,4,0,0,7,0.250,False,True,0
1026,2,3,3,1,0,7,1.000,False,False,0
1027,2,5,2,0,0,7,2.500,False,False,0
1028,2,4,0,0,0,7,7.000,False,False,0
1029,2,4,2,0,0,7,2.000,False,True,0
1030,2,2,3,0,0,7,0.667,False,True,0
1031,2,3,2,1,0,7,1.500,False,False,0
1032,2,6,1,0,0,7,6.000,False,False,0
1033,2,6,0,0,0,7,7.000,False,False,0
1034,2,5,0,0,0,7,7.000,False,True,0
1035,2,2,2,0,0,7,1.000,False,True,0
1036,2,1,5,0,0,7,0.200,False,True,0
1037,2,1,5,0,0,7,0.200,False,True,0
1038,2,5,2,0,0,7,2.500,False,False,0
1039,2,4,2,0,0,7,2.000,False,True,0
1040,2,4,1,0,0,7,4.000,False,False,0
1041,2,2,3,0,0,7,0.667,False,True,0
1042,2,4,2,0,0,7,2.000,False,False,0
1043,2,4,2,0,0,7,2.000,False,True,0
1044,2,4,2,0,0,7,2.000,False,True,0
1045,2,5,2,0,0,7,2.500,False,False,0
1046,2,4,0,0,0,7,7.000,False,False,0
1047,2,3,3,0,0,7,1.000,False,True,0
1048,2,3,3,0,0,7,1.000,False,True,0
1049,2,2,3,0,0,7,0.667,False,True,0
1050,2,4,2,0,0,7,2.000,False,False,0
1051,2,3,2,0,0,7,1.500,False,True,0
1052,2,3,3,0,0,7,1.000,False,True,0
1053,2,4,3,0,0,7,1.333,False,False,0
1054,2,6,0,0,0,7,7.000,False,False,0
1055,2,3,0,0,0,7,7.000,False,True,0
1056,2,3,4,0,0,7,0.750,False,True,0
1057,2,2,3,0,0,7,0.667,False,True,0
1058,2,4,3,0,0,7,1.333,False,False,0
1059,2,7,0,0,0,7,7.000,False,False,0
1060,2,3,0,0,0,7,7.000,False,True,0
1061,2,2,3,0,0,7,0.667,False,True,0
1062,2,4,3,0,0,7,1.333,False,False,0
1063,2,4,2,0,0,7,2.000,False,False,0
1064,2,6,0,0,0,7,7.000,False,False,0
1065,2,4,1,0,0,7,4.000,False,True,0
1066,2,4,2,0,0,7,2.000,False,True,0
1067,2,2,2,1,0,7,1.000,False,True,0
1068,2,6,1,0,0,7,6.000,False,False,0
1069,2,4,0,0,0,7,7.000,False,False,0
1070,2,3,2,0,0,7,1.500,False,True,0
1071,2,2,4,0,0,7,0.500,False,True,0
1072,2,4,3,0,0,7,1.333,False,False,0
1073,2,2,2,1,0,7,1.000,False,True,0
1074,2,6,1,0,0,7,6.000,False,False,0
1075,2,5,1,0,0,7,5.000,False,True,0
1076,2,3,2,0,0,7,1.500,False,True,0
1077,2,4,3,0,0,7,1.333,False,True,0
1078,2,2,3,0,0,7,0.667,False,True,0
1079,2,2,3,1,0,7,0.667,False,True,0
1080,2,6,1,0,0,7,6.000,False,False,0
1081,2,3,1,0,0,7,3.000,False,True,0
1082,2,4,2,0,0,7,2.000,False,True,0
1083,2,4,2,0,0,7,2.000,False,True,0
1084,2,2,3,0,0,7,0.667,False,True,0
1085,2,2,3,1,0,7,0.667,False,True,0
1086,2,5,2,0,0,7,2.500,False,False,0
1087,2,5,0,0,0,7,7.000,False,False,0
1088,2,4,2,0,0,7,2.000,False,True,0
1089,2,2,2,0,0,7,1.000,False,True,0
1090,2,3,4,0,0,7,0.750,False,True,0
1091,2,6,1,0,0,7,6.000,False,False,0
1092,2,5,0,0,0,7,7.000,False,False,0
1093,2,1,2,1,0,7,0.500,False,True,0
1094,2,2,4,0,0,7,0.500,False,True,0
1095,2,1,5,0,0,7,0.200,False,True,0
1096,2,2,4,1,0,7,0.500,False,False,0
1097,2,6,0,0,0,7,7.000,False,False,0
1098,2,5,1,0,0,7,5.000,False,True,0
1099,2,4,1,0,0,7,4.000,False,True,0
1100,2,1,3,0,0,7,0.333,False,True,0
1101,2,2,4,1,0,7,0.500,False,False,0
1102,2,5,1,0,0,7,5.000,False,False,0
1103,2,4,1,0,0,7,4.000,False,True,0
1104,2,4,1,1,0,7,4.000,False,True,0
1105,2,3,1,1,0,7,3.000,False,True,0
1106,2,4,2,0,0,7,2.000,False,True,0
1107,2,4,1,1,0,7,4.000,False,False,0
1108,2,2,1,0,0,7,2.000,False,True,0
1109,2,2,4,0,0,7,0.500,False,True,0
1110,2,2,4,0,0,7,0.500,False,True,0
1111,2,4,3,0,0,7,1.333,False,False,0
1112,2,4,2,0,0,7,2.000,False,False,0
1113,2,4,2,0,0,7,2.000,False,True,0
1114,2,3,1,0,0,7,3.000,False,False,0
1115,2,3,4,0,0,7,0.750,False,True,0
1116,2,1,4,0,0,7,0.250,False,True,0
1117,2,2,5,0,0,7,0.400,True,False,0
1118,2,4,2,0,0,7,2.000,False,False,0
1119,2,4,0,0,0,7,7.000,False,False,0
1120,2,3,2,0,0,7,1.500,False,True,0
1121,2,3,4,0,0,7,0.750,False,True,0
1122,2,5,1,0,0,7,5.000,False,False,0
1123,2,4,2,0,0,7,2.000,False,True,0
1124,2,2,3,0,0,7,0.667,False,True,0
1125,2,4,2,0,0,7,2.000,False,False,0
1126,2,5,2,0,0,7,2.500,False,False,0
1127,2,5,0,0,0,7,7.000,False,False,0
1128,2,4,1,0,0,7,4.000,False,True,0
1129,2,3,4,0,0,7,0.750,False,True,0
1130,2,2,3,0,0,7,0.667,False,True,0
1131,2,5,1,0,0,7,5.000,False,False,0
1132,2,5,2,0,0,7,2.500,False,True,0
1133,2,4,0,0,0,7,7.000,False,False,0
1134,2,3,3,0,0,7,1.000,False,True,0
1135,2,2,4,0,0,7,0.500,False,True,0
1136,2,3,3,0,0,7,1.000,False,False,0
1137,2,4,2,0,0,7,2.000,False,False,0
1138,2,3,1,0,0,7,3.000,False,False,0
1139,2,2,4,0,0,7,0.500,False,True,0
1140,2,4,3,0,0,7,1.333,False,False,0
1141,2,4,2,0,0,7,2.000,False,False,0
1142,2,3,3,0,0,7,1.000,False,True,0
1143,2,3,2,0,0,7,1.500,False,False,0
1144,2,3,2,1,0,7,1.500,False,True,0
1145,2,4,1,1,0,7,4.000,False,False,0
1146,2,3,2,0,0,7,1.500,False,True,0
1147,2,5,2,0,0,7,2.500,False,False,0
1148,2,4,2,0,0,7,2.000,False,True,0
1149,2,3,2,0,0,7,1.500,False,True,0
1150,2,4,2,0,0,7,2.000,False,False,0
1151,2,5,0,0,0,7,7.000,False,False,0
1152,2,3,2,0,0,7,1.500,False,True,0
1153,2,4,2,0,0,7,2.000,False,False,0
1154,2,4,2,0,0,7,2.000,False,True,0
1155,2,3,2,1,0,7,1.500,False,True,0
1156,2,5,0,0,0,7,7.000,False,False,0
1157,2,3,2,0,0,7,1.500,False,True,0
1158,2,3,3,0,0,7,1.000,False,True,0
1159,2,5,2,0,0,7,2.500,False,False,0
1160,2,4,2,0,0,7,2.000,False,True,0
1161,2,3,1,0,0,7,3.000,False,False,0
1162,2,3,3,0,0,7,1.000,False,True,0
1163,2,5,1,1,0,7,5.000,False,False,0
1164,2,5,0,0,0,7,7.000,False,False,0
1165,2,4,2,0,0,7,2.000,False,True,0
1166,2,6,0,0,0,7,7.000,False,False,0
1167,2,4,2,0,0,7,2.000,False,True,0
1168,2,4,1,0,0,7,4.000,False,False,0
1169,2,3,2,0,0,7,1.500,False,True,0
1170,2,4,3,0,0,7,1.333,False,True,0
1171,2,3,2,0,0,7,1.500,False,False,0
1172,2,6,1,0,0,7,6.000,False,False,0
1173,2,3,1,0,0,7,3.000,False,True,0
1174,2,2,3,0,0,7,0.667,False,True,0
1175,2,2,3,0,0,7,0.667,False,True,0
1176,2,3,4,0,0,7,0.750,False,False,0
1177,2,5,1,0,0,7,5.000,False,False,0
1178,2,5,0,0,0,7,7.000,False,False,0
1179,2,3,1,0,0,7,3.000,False,True,0
1180,2,3,4,0,0,7,0.750,False,True,0
1181,2,3,3,0,0,7,1.000,False,False,0
1182,2,6,1,0,0,7,6.000,False,False,0
1183,2,5,1,0,0,7,5.000,False,True,0
1184,2,3,1,1,0,7,3.000,False,True,0
1185,2,3,1,0,0,7,3.000,False,True,0
1186,2,3,4,0,0,7,0.750,False,True,0
1187,2,1,4,0,0,7,0.250,False,True,0
1188,2,5,1,1,0,7,5.000,False,False,0
1189,2,4,0,0,0,7,7.000,False,False,0
1190,2,2,3,0,0,7,0.667,False,True,0
1191,2,2,5,0,0,7,0.400,True,True,0
1192,2,5,2,0,0,7,2.500,False,False,0
1193,2,6,0,0,0,7,7.000,False,False,0
1194,2,3,0,0,0,7,7.000,False,True,0
1195,2,1,5,0,0,7,0.200,False,True,0
1196,2,1,5,0,0,7,0.200,False,True,0
1197,2,4,2,0,0,7,2.000,False,False,0
1198,2,3,2,0,0,7,1.500,False,True,0
1199,2,4,3,0,0,7,1.333,False,True,0
1200,2,3,1,0,0,7,3.000,False,False,0
1201,2,2,4,0,0,7,0.500,False,True,0
1202,2,2,4,0,0,7,0.500,False,True,0
1203,2,6,1,0,0,7,6.000,False,False,0
1204,2,4,1,0,0,7,4.000,False,True,0
1205,2,4,2,0,0,7,2.000,False,True,0
1206,2,3,3,0,0,7,1.000,False,True,0
1207,2,3,3,0,0,7,1.000,False,True,0
1208,2,3,2,0,0,7,1.500,False,False,0
1209,2,5,2,0,0,7,2.500,False,False,0
1210,2,4,2,0,0,7,2.000,False,True,0
1211,2,4,1,0,0,7,4.000,False,False,0
1212,2,2,4,0,0,7,0.500,False,True,0
1213,2,2,4,0,0,7,0.500,False,True,0
1214,2,5,1,0,0,7,5.000,False,False,0
1215,2,4,1,0,0,7,4.000,False,True,0
1216,2,4,3,0,0,7,1.333,False,True,0
1217,2,3,1,0,0,7,3.000,False,False,0
1218,2,3,4,0,0,7,0.750,False,True,0
1219,2,2,3,0,0,7,0.667,False,True,0
1220,2,4,2,0,0,7,2.000,False,False,0
1221,2,4,2,0,0,7,2.000,False,True,0
1222,2,4,3,0,0,7,1.333,False,True,0
1223,2,3,1,0,0,7,3.000,False,False,0
1224,2,2,4,0,0,7,0.500,False,True,0
1225,2,3,3,0,0,7,1.000,False,False,0
1226,2,4,1,0,0,7,4.000,False,False,0
1227,2,3,2,1,0,7,1.500,False,True,0
1228,2,3,2,1,0,7,1.500,False,True,0
1229,2,3,1,1,0,7,3.000,False,False,0
1230,2,6,1,0,0,7,6.000,False,False,0
1231,2,5,0,0,0,7,7.000,False,False,0
1232,2,3,2,0,0,7,1.500,False,True,0
1233,2,2,3,0,0,7,0.667,False,True,0
1234,2,1,5,0,0,7,0.200,False,True,0
1235,2,3,4,0,0,7,0.750,False,False,0
1236,2,5,1,0,0,7,5.000,False,False,0
1237,2,5,0,0,0,7,7.000,False,False,0
1238,2,1,3,0,0,7,0.333,False,True,0
1239,2,2,4,0,0,7,0.500,False,False,0
1240,2,5,2,0,0,7,2.500,False,False,0
1241,2,4,1,0,0,7,4.000,False,False,0
1242,2,2,2,1,0,7,1.000,False,True,0
1243,2,2,5,0,0,7,0.400,True,True,0
1244,2,2,5,0,0,7,0.400,True,True,0
1245,2,3,2,0,0,7,1.500,False,False,0
1246,2,5,1,0,0,7,5.000,False,False,0
1247,2,1,2,0,0,7,0.500,False,True,0
1248,2,2,5,0,0,7,0.400,True,True,0
1249,2,3,2,1,0,7,1.500,False,False,0
1250,2,6,0,0,0,7,7.000,False,False,0
1251,2,4,1,0,0,7,4.000,False,True,0
1252,2,2,3,0,0,7,0.667,False,True,0
1253,2,4,3,0,0,7,1.333,False,False,0
1254,2,5,1,0,0,7,5.000,False,False,0
1255,2,5,0,0,0,7,7.000,False,False,0
1256,2,3,1,0,0,7,3.000,False,True,0
1257,2,3,3,0,0,7,1.000,False,True,0
1258,2,3,3,0,0,7,1.000,False,True,0
1259,2,2,4,0,0,7,0.500,False,True,0
1260,2,3,2,1,0,7,1.500,False,False,0
1261,2,4,1,0,0,7,4.000,False,False,0
1262,2,4,2,0,0,7,2.000,False,True,0
1263,2,2,2,0,0,7,1.000,False,True,0
1264,2,2,5,0,0,7,0.400,True,True,0
1265,2,1,5,0,0,7,0.200,False,True,0
1266,2,6,1,0,0,7,6.000,False,False,0
1267,2,3,0,0,0,7,7.000,False,False,0
1268,2,4,3,0,0,7,1.333,False,True,0
1269,2,3,3,0,0,7,1.000,False,True,0
1270,2,4,3,0,0,7,1.333,False,False,0
1271,2,6,0,0,0,7,7.000,False,False,0
1272,2,0,1,1,0,7,0.000,False,True,0
1273,2,1,6,0,0,7,0.167,True,False,0
1274,2,3,4,0,0,7,0.750,False,False,0
1275,2,5,1,0,0,7,5.000,False,False,0
1276,2,4,1,0,0,7,4.000,False,True,0
1277,2,3,3,0,0,7,1.000,False,True,0
1278,2,2,3,0,0,7,0.667,False,True,0
1279,2,4,3,0,0,7,1.333,False,False,0
1280,2,3,2,1,0,7,1.500,False,False,0
1281,2,3,2,0,0,7,1.500,False,True,0
1282,2,2,3,0,0,7,0.667,False,True,0
1283,2,2,3,0,0,7,0.667,False,True,0
1284,2,3,4,0,0,7,0.750,False,False,0
1285,2,7,0,0,0,7,7.000,False,False,0
1286,2,5,0,0,0,7,7.000,False,True,0
1287,2,5,1,0,0,7,5.000,False,True,0
1288,2,1,2,1,0,7,0.500,False,True,0
1289,2,0,6,0,0,7,0.000,True,True,0
1290,2,3,4,0,0,7,0.750,False,False,0
1291,2,4,1,0,0,7,4.000,False,False,0
1292,2,3,1,1,0,7,3.000,False,True,0
1293,2,2,4,0,0,7,0.500,False,True,0
1294,2,2,3,0,0,7,0.667,False,False,0
1295,2,4,3,0,0,7,1.333,False,False,0
1296,2,6,1,0,0,7,6.000,False,False,0
1297,2,4,0,0,0,7,7.000,False,False,0
1298,2,3,3,0,0,7,1.000,False,True,0
1299,2,1,4,0,0,7,0.250,False,True,0
1300,2,4,2,0,0,7,2.000,False,False,0
1301,2,3,3,0,0,7,1.000,False,True,0
1302,2,4,1,0,0,7,4.000,False,False,0
1303,2,4,3,0,0,7,1.333,False,True,0
1304,2,4,2,0,0,7,2.000,False,False,0
1305,2,4,1,0,0,7,4.000,False,False,0
1306,2,4,2,0,0,7,2.000,False,True,0
1307,2,0,4,0,0,7,0.000,False,True,0
1308,2,4,3,0,0,7,1.333,False,False,0
1309,2,3,2,0,0,7,1.500,False,False,0
1310,2,2,4,0,0,7,0.500,False,True,0
1311,2,4,2,0,0,7,2.000,False,False,0
1312,2,5,1,0,0,7,5.000,False,False,0
1313,2,4,1,0,0,7,4.000,False,True,0
1314,2,4,2,0,0,7,2.000,False,True,0
1315,2,4,1,0,0,7,4.000,False,False,0
1316,2,4,2,0,0,7,2.000,False,True,0
1317,2,2,4,0,0,7,0.500,False,True,0
1318,2,6,1,0,0,7,6.000,False,False,0
1319,2,3,1,0,0,7,3.000,False,True,0
1320,2,2,3,0,0,7,0.667,False,True,0
1321,2,2,4,0,0,7,0.500,False,True,0
1322,2,5,2,0,0,7,2.500,False,False,0
1323,2,4,1,0,0,7,4.000,False,False,0
1324,2,3,1,1,0,7,3.000,False,True,0
1325,2,3,3,0,0,7,1.000,False,True,0
1326,2,5,1,0,0,7,5.000,False,False,0
1327,2,4,2,0,0,7,2.000,False,True,0
1328,2,2,2,0,0,7,1.000,False,True,0
1329,2,3,4,0,0,7,0.750,False,True,0
1330,2,5,2,0,0,7,2.500,False,False,0
1331,2,6,0,0,0,7,7.000,False,False,0
1332,2,4,0,0,0,7,7.000,False,True,0
1333,2,3,3,0,0,7,1.000,False,True,0
1334,2,3,2,0,0,7,1.500,False,False,0
1335,2,2,3,0,0,7,0.667,False,True,0
1336,2,3,3,0,0,7,1.000,False,False,0
1337,2,4,2,1,0,7,2.000,False,False,0
1338,2,1,2,1,0,7,0.500,False,True,0
1339,2,3,4,0,0,7,0.750,False,False,0
1340,2,2,3,0,0,7,0.667,False,True,0
1341,2,5,2,0,0,7,2.500,False,False,0
1342,2,2,2,0,0,7,1.000,False,True,0
1343,2,3,3,0,0,7,1.000,False,True,0
1344,2,3,2,1,0,7,1.500,False,False,0
1345,2,3,3,0,0,7,1.000,False,True,0
1346,2,4,1,1,0,7,4.000,False,False,0
1347,2,4,0,0,0,7,7.000,False,False,0
1348,2,3,2,1,0,7,1.500,False,True,0
1349,2,0,3,1,0,7,0.000,False,True,0
1350,2,3,4,0,0,7,0.750,False,False,0
1351,2,3,3,0,0,7,1.000,False,False,0
1352,2,3,2,0,0,7,1.500,False,False,0
1353,2,2,4,0,0,7,0.500,False,True,0
1354,2,2,3,0,0,7,0.667,False,False,0
1355,2,3,3,0,0,7,1.000,False,False,0
1356,2,3,4,0,0,7,0.750,False,True,0
1357,2,2,2,1,0,7,1.000,False,False,0
1358,2,3,2,0,0,7,1.500,False,False,0
1359,2,4,3,0,0,7,1.333,False,True,0
1360,2,2,2,0,0,7,1.000,False,True,0
1361,2,3,3,0,0,7,1.000,False,True,0
1362,2,2,4,0,0,7,0.500,False,True,0
1363,2,4,2,1,0,7,2.000,False,False,0
1364,2,3,2,0,0,7,1.500,False,True,0
1365,2,3,2,0,0,7,1.500,False,True,0
1366,2,4,3,0,0,7,1.333,False,True,0
1367,2,4,1,0,0,7,4.000,False,False,0
1368,2,3,3,0,0,7,1.000,False,True,0
1369,2,5,1,0,0,7,5.000,False,False,0
1370,2,3,2,0,0,7,1.500,False,True,0
1371,2,4,3,0,0,7,1.333,False,True,0
1372,2,5,1,0,0,7,5.000,False,False,0
1373,2,4,0,0,0,7,7.000,False,False,0
1374,2,1,4,0,0,7,0.250,False,True,0
1375,2,1,5,0,0,7,0.200,False,True,0
1376,2,6,1,0,0,7,6.000,False,False,0
1377,2,6,1,0,0,7,6.000,False,True,0
1378,2,3,0,0,0,7,7.000,False,False,0
1379,2,3,3,0,0,7,1.000,False,True,0
1380,2,3,3,0,0,7,1.000,False,True,0
1381,2,3,3,0,0,7,1.000,False,True,0
1382,2,5,0,0,0,7,7.000,False,False,0
1383,2,4,2,0,0,7,2.000,False,True,0
1384,2,4,2,0,0,7,2.000,False,True,0
1385,2,3,3,0,0,7,1.000,False,True,0
1386,2,3,3,0,0,7,1.000,False,True,0
1387,2,3,2,0,0,7,1.500,False,False,0
1388,2,4,2,0,0,7,2.000,False,False,0
1389,2,4,2,0,0,7,2.000,False,True,0
1390,2,7,0,0,0,7,7.000,False,False,0
1391,2,3,0,0,0,7,7.000,False,True,0
1392,2,2,5,0,0,7,0.400,True,True,0
1393,2,1,3,1,0,7,0.333,False,True,0
1394,2,4,2,0,0,7,2.000,False,False,0
1395,2,6,0,0,0,7,7.000,False,False,0
1396,2,4,1,1,0,7,4.000,False,True,0
1397,2,2,2,0,0,7,1.000,False,True,0
1398,2,1,5,0,0,7,0.200,False,True,0
1399,2,2,4,0,0,7,0.500,False,False,0
1400,2,3,4,0,0,7,0.750,False,False,0
1401,2,6,0,0,0,7,7.000,False,False,0
1402,2,3,2,0,0,7,1.500,False,True,0
1403,2,3,2,0,0,7,1.500,False,True,0
1404,2,3,2,1,0,7,1.500,False,True,0
1405,2,2,3,1,0,7,0.667,False,True,0
1406,2,4,2,0,0,7,2.000,False,False,0
1407,2,3,2,0,0,7,1.500,False,True,0
1408,2,2,3,0,0,7,0.667,False,True,0
1409,2,2,5,0,0,7,0.400,True,True,0
1410,2,2,5,0,0,7,0.400,True,True,0
1411,2,7,0,0,0,7,7.000,False,False,0
1412,2,2,0,0,0,7,7.000,False,True,0
1413,2,2,4,0,0,7,0.500,False,True,0
1414,2,2,4,0,0,7,0.500,False,True,0
1415,2,5,2,0,0,7,2.500,False,False,0
1416,2,6,0,0,0,7,7.000,False,False,0
1417,2,3,2,0,0,7,1.500,False,True,0
1418,2,2,2,1,0,7,1.000,False,True,0
1419,2,3,2,0,0,7,1.500,False,False,0
1420,2,5,2,0,0,7,2.500,False,False,0
1421,2,5,1,0,0,7,5.000,False,False,0
1422,2,2,1,0,0,7,2.000,False,True,0
1423,2,2,5,0,0,7,0.400,True,True,0
1424,2,3,4,0,0,7,0.750,False,False,0
1425,2,3,3,0,0,7,1.000,False,False,0
1426,2,4,3,0,0,7,1.333,False,False,0
1427,2,3,0,0,0,7,7.000,False,False,0
1428,2,3,3,0,0,7,1.000,False,True,0
1429,2,3,3,0,0,7,1.000,False,True,0
1430,2,2,4,0,0,7,0.500,False,True,0
1431,2,3,2,1,0,7,1.500,False,False,0
1432,2,1,3,0,0,7,0.333,False,True,0
1433,2,3,3,0,0,7,1.000,False,False,0
1434,2,3,4,0,0,7,0.750,False,True,0
1435,2,5,0,0,0,7,7.000,False,False,0
1436,2,3,2,1,0,7,1.500,False,True,0
1437,2,0,4,0,0,7,0.000,False,True,0
1438,2,3,4,0,0,7,0.750,False,False,0
1439,2,2,3,0,0,7,0.667,False,True,0
1440,2,3,4,0,0,7,0.750,False,False,0
1441,2,4,1,1,0,7,4.000,False,False,0
1442,2,5,0,0,0,7,7.000,False,False,0
1443,2,2,2,0,0,7,1.000,False,True,0
1444,2,1,4,0,0,7,0.250,False,True,0
1445,2,2,5,0,0,7,0.400,True,False,0
1446,2,4,2,1,0,7,2.000,False,False,0
1447,2,3,1,0,0,7,3.000,False,False,0
1448,2,4,3,0,0,7,1.333,False,True,0
1449,2,5,1,0,0,7,5.000,False,False,0
1450,2,3,1,0,0,7,3.000,False,True,0
1451,2,4,2,0,0,7,2.000,False,True,0
1452,2,4,2,0,0,7,2.000,False,True,0
1453,2,4,2,0,0,7,2.000,False,True,0
1454,2,4,1,0,0,7,4.000,False,False,0
1455,2,2,3,0,0,7,0.667,False,True,0
1456,2,1,5,0,0,7,0.200,False,True,0
1457,2,5,2,0,0,7,2.500,False,False,0
1458,2,5,0,0,0,7,7.000,False,False,0
1459,2,2,2,0,0,7,1.000,False,True,0
1460,2,1,5,0,0,7,0.200,False,True,0
1461,2,4,2,1,0,7,2.000,False,False,0
1462,2,5,1,1,0,7,5.000,False,False,0
1463,2,5,0,0,0,7,7.000,False,False,0
1464,2,3,1,0,0,7,3.000,False,True,0
1465,2,1,4,0,0,7,0.250,False,True,0
1466,2,1,6,0,0,7,0.167,True,True,0
1467,2,6,1,0,0,7,6.000,False,False,0
1468,2,4,2,0,0,7,2.000,False,True,0
1469,2,4,0,0,0,7,7.000,False,False,0
1470,2,2,3,0,0,7,0.667,False,True,0
1471,2,2,4,0,0,7,0.500,False,True,0
1472,2,2,5,0,0,7,0.400,True,True,0
1473,2,5,1,0,0,7,5.000,False,False,0
1474,2,4,0,0,0,7,7.000,False,False,0
1475,2,3,3,0,0,7,1.000,False,True,0
1476,2,2,4,0,0,7,0.500,False,True,0
1477,2,5,1,0,0,7,5.000,False,False,0
1478,2,3,1,1,0,7,3.000,False,True,0
1479,2,3,2,0,0,7,1.500,False,True,0
1480,2,3,3,0,0,7,1.000,False,True,0
1481,2,3,4,0,0,7,0.750,False,True,0
1482,2,2,3,0,0,7,0.667,False,True,0
1483,2,3,2,0,0,7,1.500,False,False,0
1484,2,3,2,1,0,7,1.500,False,True,0
1485,2,5,2,0,0,7,2.500,False,False,0
1486,2,7,0,0,0,7,7.000,False,False,0
1487,2,2,0,0,0,7,7.000,False,True,0
1488,2,2,4,0,0,7,0.500,False,True,0
1489,2,2,4,0,0,7,0.500,False,True,0
1490,2,6,1,0,0,7,6.000,False,False,0
1491,2,4,1,0,0,7,4.000,False,True,0
1492,2,2,1,1,0,7,2.000,False,True,0
1493,2,2,4,0,0,7,0.500,False,True,0
1494,2,2,4,0,0,7,0.500,False,True,0
1495,2,2,3,1,0,7,0.667,False,False,0
1496,2,3,3,0,0,7,1.000,False,False,0
1497,2,0,0,0,0,7,7.000,False,False,0
