0;1;8;0;0;0;8
1;1;4;0;0;0;8
2;1;2;3;0;0;8
3;1;2;5;0;0;8
4;1;6;2;0;0;8
5;1;6;0;0;0;8
6;1;5;2;0;0;8
7;1;2;3;0;0;8
8;1;2;4;0;0;8
9;1;3;5;0;0;8
10;1;4;4;0;0;8
11;1;5;0;0;0;8
12;1;2;3;0;0;8
13;1;2;5;0;0;8
14;1;5;3;0;0;8
15;1;5;1;0;0;8
16;1;6;1;0;0;8
17;1;4;3;0;0;8
18;1;5;2;0;0;8
19;1;4;1;0;0;8
20;1;4;2;0;0;8
21;1;3;4;0;0;8
22;1;3;4;0;0;8
23;1;4;3;0;0;8
24;1;3;2;1;0;8
25;1;3;3;0;0;8
26;1;4;4;0;0;8
27;1;3;3;0;0;8
28;1;4;2;1;0;8
29;1;4;3;0;0;8
30;1;4;3;0;0;8
31;1;4;2;0;0;8
32;1;4;3;0;0;8
33;1;4;1;1;0;8
34;1;2;2;1;0;8
35;1;4;4;0;0;8
36;1;4;2;0;0;8
37;1;4;3;0;0;8
38;1;3;2;0;0;8
39;1;3;4;0;0;8
40;1;4;3;0;0;8
41;1;5;3;0;0;8
42;1;6;0;0;0;8
43;1;4;1;0;0;8
44;1;2;5;0;0;8
45;1;1;5;0;0;8
46;1;5;2;0;0;8
47;1;3;2;0;0;8
48;1;4;3;0;0;8
49;1;2;5;0;0;8
50;1;4;2;0;0;8
51;1;4;3;0;0;8
52;1;3;3;0;0;8
53;1;3;4;0;0;8
54;1;3;4;0;0;8
55;1;5;2;0;0;8
56;1;5;1;0;0;8
57;1;5;3;0;0;8
58;1;3;1;1;0;8
59;1;5;2;0;0;8
60;1;2;3;0;0;8
61;1;3;4;0;0;8
62;1;5;3;0;0;8
63;1;7;0;0;0;8
64;1;5;0;0;0;8
65;1;5;3;0;0;8
66;1;2;2;0;0;8
67;1;3;5;0;0;8
68;1;4;3;0;0;8
69;1;6;0;0;0;8
70;1;4;2;0;0;8
71;1;3;4;0;0;8
72;1;3;4;0;0;8
73;1;6;1;0;0;8
74;1;6;0;0;0;8
75;1;3;1;1;0;8
76;1;2;4;0;0;8
77;1;4;3;1;0;8
78;1;2;3;1;0;8
79;1;5;2;0;0;8
80;1;4;3;0;0;8
81;1;4;1;0;0;8
82;1;4;3;0;0;8
83;1;3;4;0;0;8
84;1;6;1;0;0;8
85;1;5;1;1;0;8
86;1;5;1;0;0;8
87;1;3;3;0;0;8
88;1;3;3;0;0;8
89;1;3;3;1;0;8
90;1;4;3;0;0;8
91;1;4;2;0;0;8
92;1;4;4;0;0;8
93;1;6;1;0;0;8
94;1;5;1;0;0;8
95;1;4;2;0;0;8
96;1;4;2;0;0;8
97;1;5;3;0;0;8
98;1;4;1;1;0;8
99;1;4;2;0;0;8
100;1;4;2;1;0;8
101;1;1;3;1;0;8
102;1;4;4;0;0;8
103;1;4;3;0;0;8
104;1;6;1;0;0;8
105;1;4;2;0;0;8
106;1;3;3;0;0;8
107;1;3;3;0;0;8
108;1;2;5;1;0;8
109;1;5;2;0;0;8
110;1;7;0;0;0;8
111;1;6;1;0;0;8
112;1;3;2;0;0;8
113;1;2;3;0;0;8
114;1;3;5;0;0;8
115;1;6;2;0;0;8
116;1;6;0;0;0;8
117;1;1;3;0;0;8
118;1;3;4;0;0;8
119;1;4;3;0;0;8
120;1;4;3;0;0;8
121;1;6;1;0;0;8
122;1;6;0;0;0;8
123;1;4;1;0;0;8
124;1;2;4;0;0;8
125;1;2;5;0;0;8
126;1;5;3;0;0;8
127;1;4;3;0;0;8
128;1;4;2;0;0;8
129;1;4;2;0;0;8
130;1;5;2;0;0;8
131;1;4;3;0;0;8
132;1;2;3;0;0;8
133;1;3;4;0;0;8
134;1;5;3;0;0;8
135;1;3;3;0;0;8
136;1;4;1;0;0;8
137;1;3;4;0;0;8
138;1;4;4;0;0;8
139;1;4;2;0;0;8
140;1;5;3;0;0;8
141;1;3;2;0;0;8
142;1;3;4;0;0;8
143;1;3;3;1;0;8
144;1;6;2;0;0;8
145;1;2;2;0;0;8
146;1;4;4;0;0;8
147;1;3;4;0;0;8
148;1;6;1;0;0;8
149;1;6;1;0;0;8
150;1;5;0;0;0;8
151;1;3;3;0;0;8
152;1;2;4;0;0;8
153;1;5;2;1;0;8
154;1;5;0;0;0;8
155;1;3;2;0;0;8
156;1;3;4;0;0;8
157;1;3;4;0;0;8
158;1;6;1;0;0;8
159;1;4;1;1;0;8
160;1;4;2;0;0;8
161;1;3;3;0;0;8
162;1;6;1;0;0;8
163;1;2;3;0;0;8
164;1;3;3;1;0;8
165;1;3;3;0;0;8
166;1;2;4;0;0;8
167;1;2;5;0;0;8
168;1;3;5;0;0;8
169;1;8;0;0;0;8
170;1;4;0;0;0;8
171;1;4;3;0;0;8
172;1;2;4;0;0;8
173;1;3;4;0;0;8
174;1;5;2;0;0;8
175;1;5;2;1;0;8
176;1;4;1;1;0;8
177;1;5;2;0;0;8
178;1;3;1;0;0;8
179;1;4;4;0;0;8
180;1;4;3;0;0;8
181;1;5;2;0;0;8
182;1;5;1;0;0;8
183;1;3;3;0;0;8
184;1;2;4;0;0;8
185;1;3;4;0;0;8
186;1;4;3;0;0;8
187;1;5;1;1;0;8
188;1;4;1;0;0;8
189;1;3;4;0;0;8
190;1;2;4;0;0;8
191;1;5;3;0;0;8
192;1;4;2;0;0;8
193;1;3;4;0;0;8
194;1;2;4;0;0;8
195;1;4;4;0;0;8
196;1;4;3;0;0;8
197;1;6;0;0;0;8
198;1;5;2;0;0;8
199;1;3;1;1;0;8
200;1;3;3;0;0;8
201;1;4;4;0;0;8
202;1;4;1;0;0;8
203;1;4;3;0;0;8
204;1;3;4;0;0;8
205;1;3;3;0;0;8
206;1;5;3;0;0;8
207;1;7;1;0;0;8
208;1;3;1;0;0;8
209;1;4;3;0;0;8
210;1;3;4;0;0;8
211;1;4;3;0;0;8
212;1;5;2;0;0;8
213;1;5;2;0;0;8
214;1;2;3;0;0;8
215;1;2;5;0;0;8
216;1;4;4;0;0;8
217;1;4;1;0;0;8
218;1;3;3;0;0;8
219;1;3;4;0;0;8
220;1;2;5;0;0;8
221;1;3;4;0;0;8
222;1;4;3;0;0;8
223;1;5;1;0;0;8
224;1;5;2;0;0;8
225;1;6;2;0;0;8
226;1;3;2;0;0;8
227;1;1;5;0;0;8
228;1;2;5;0;0;8
229;1;4;4;0;0;8
230;1;6;1;0;0;8
231;1;2;1;0;0;8
232;1;2;5;0;0;8
233;1;2;5;0;0;8
234;1;4;4;0;0;8
235;1;4;2;0;0;8
236;1;5;2;0;0;8
237;1;4;2;0;0;8
238;1;2;3;0;0;8
239;1;5;3;0;0;8
240;1;6;2;0;0;8
241;1;4;2;0;0;8
242;1;3;3;0;0;8
243;1;4;3;0;0;8
244;1;4;3;0;0;8
245;1;6;1;1;0;8
246;1;5;0;0;0;8
247;1;5;2;0;0;8
248;1;2;3;0;0;8
249;1;5;2;1;0;8
250;1;3;3;1;0;8
251;1;5;4;0;0;8
252;1;5;4;0;0;8
253;1;3;3;0;0;8
254;1;5;5;0;0;8
255;1;5;5;0;0;8
256;1;3;4;1;0;8
257;1;1;6;0;0;8
258;1;4;7;0;0;8
259;1;4;7;0;0;8
260;1;3;8;0;0;8
261;1;1;5;1;0;8
262;1;2;9;2;0;8
263;1;2;8;0;0;8
264;1;3;6;0;0;8
265;1;2;8;1;0;8
266;1;3;10;0;0;8
267;1;2;7;0;0;8
268;1;2;7;0;0;8
269;1;2;9;0;0;8
270;1;2;11;0;0;8
271;1;3;7;1;0;8
272;1;1;8;1;0;8
273;1;1;5;0;0;8
274;1;2;10;0;0;8
275;1;1;7;0;0;8
276;1;1;9;1;0;8
277;1;1;11;1;0;8
278;1;1;8;0;0;8
279;1;0;9;1;0;8
280;1;0;11;1;0;8
281;1;0;10;0;0;8
282;1;1;9;0;0;8
283;1;0;9;0;0;8
284;1;1;12;0;0;8
285;1;0;14;0;0;8
286;1;1;3;1;0;8
287;1;0;9;0;0;8
288;1;0;8;1;0;8
289;1;1;9;1;0;8
290;1;0;9;0;0;8
291;1;1;10;0;0;8
292;1;1;11;0;0;8
293;1;2;8;1;0;8
294;1;2;9;1;0;8
295;1;0;7;0;0;8
296;1;2;9;1;0;8
297;1;2;7;1;0;8
298;1;0;6;1;0;8
299;1;2;7;0;0;8
300;1;3;8;0;0;8
301;1;2;7;2;0;8
302;1;3;9;2;0;8
303;1;2;5;1;0;8
304;1;2;9;0;0;8
305;1;1;8;1;0;8
306;1;3;8;0;0;8
307;1;3;7;3;0;7
308;1;3;5;1;0;6
309;1;2;6;1;0;6
310;1;3;8;1;0;6
311;1;3;7;0;0;5
312;1;4;6;0;0;6
313;1;5;8;1;0;7
314;1;6;6;0;0;7
315;1;4;6;1;0;7
316;1;3;7;0;0;7
317;1;3;8;0;0;7
318;1;4;5;0;0;8
319;1;3;7;0;0;8
320;1;4;6;0;0;8
321;1;4;2;0;0;8
322;1;5;2;0;0;8
323;1;3;2;0;0;8
324;1;5;3;0;0;8
325;1;6;2;0;0;8
326;1;4;1;0;0;8
327;1;3;3;0;0;8
328;1;4;3;0;0;8
329;1;4;2;0;0;8
330;1;4;3;0;0;8
331;1;4;2;0;0;8
332;1;3;4;0;0;8
333;1;4;2;0;0;8
334;1;3;2;0;0;8
335;1;3;5;0;0;8
336;1;4;3;0;0;8
337;1;5;1;1;0;8
338;1;6;1;0;0;8
339;1;4;1;0;0;8
340;1;1;4;0;0;8
341;1;2;6;0;0;8
342;1;6;2;0;0;8
343;1;5;0;0;0;8
344;1;3;3;0;0;8
345;1;5;2;0;0;8
346;1;5;1;0;0;8
347;1;5;3;0;0;8
348;1;4;2;0;0;8
349;1;3;2;0;0;8
350;1;5;2;0;0;8
351;1;3;3;0;0;8
352;1;5;3;0;0;8
353;1;7;0;0;0;8
354;1;3;1;0;0;8
355;1;2;5;0;0;8
356;1;1;5;0;0;8
357;1;5;3;0;0;8
358;1;6;1;0;0;8
359;1;6;2;0;0;8
360;1;5;0;0;0;8
361;1;2;3;1;0;8
362;1;2;4;0;0;8
363;1;3;4;0;0;8
364;1;4;3;0;0;8
365;1;3;4;0;0;8
366;1;4;3;0;0;8
367;1;3;2;1;0;8
368;1;3;5;0;0;8
369;1;3;2;0;0;8
370;1;3;4;0;0;8
371;1;3;3;0;0;8
372;1;6;2;0;0;8
373;1;5;1;0;0;8
374;1;2;3;0;0;8
375;1;2;6;0;0;8
376;1;3;4;0;0;8
377;1;6;1;0;0;8
378;1;7;1;0;0;8
379;1;5;1;0;0;8
380;1;5;1;0;0;8
381;1;4;1;1;0;8
382;1;1;3;0;0;8
383;1;3;5;0;0;8
384;1;5;3;0;0;8
385;1;5;0;0;0;8
386;1;5;3;0;0;8
387;1;4;2;0;0;8
388;1;4;3;0;0;8
389;1;3;3;0;0;8
390;1;5;1;1;0;8
391;1;3;3;0;0;8
392;1;5;2;0;0;8
393;1;4;3;0;0;8
394;1;6;0;0;0;8
395;1;4;2;0;0;8
396;1;5;2;0;0;8
397;1;3;2;0;0;8
398;1;4;3;0;0;8
399;1;2;4;1;0;8
400;1;3;4;0;0;8
401;1;6;2;0;0;8
402;1;3;1;0;0;8
403;1;3;4;0;0;8
404;1;1;5;1;0;8
405;1;6;2;0;0;8
406;1;5;0;0;0;8
407;1;5;2;0;0;8
408;1;3;2;0;0;8
409;1;3;4;0;0;8
410;1;3;4;0;0;8
411;1;2;4;0;0;8
412;1;5;2;0;0;8
413;1;2;3;0;0;8
414;1;1;6;0;0;8
415;1;4;4;0;0;8
416;1;5;0;0;0;8
417;1;3;3;0;0;8
418;1;3;5;0;0;8
419;1;3;3;0;0;8
420;1;4;3;1;0;8
421;1;7;0;0;0;8
422;1;3;0;0;0;8
423;1;3;5;0;0;8
424;1;3;3;0;0;8
425;1;4;2;1;0;8
426;1;3;4;0;0;8
427;1;3;3;0;0;8
428;1;5;2;0;0;8
429;1;7;1;0;0;8
430;1;3;0;0;0;8
431;1;1;6;0;0;8
432;1;4;4;0;0;8
433;1;8;0;0;0;8
434;1;6;0;0;0;8
435;1;4;1;0;0;8
436;1;3;4;0;0;8
437;1;4;2;0;0;8
438;1;3;3;0;0;8
439;1;5;3;0;0;8
440;1;6;0;0;0;8
441;1;2;3;0;0;8
442;1;5;2;0;0;8
443;1;3;3;0;0;8
444;1;2;3;1;0;8
445;1;1;5;0;0;8
446;1;4;4;0;0;8
447;1;6;1;0;0;8
448;1;6;0;0;0;8
449;1;4;1;1;0;8
450;1;4;2;0;0;8
451;1;3;4;0;0;8
452;1;7;1;0;0;8
453;1;5;1;0;0;8
454;1;5;2;0;0;8
455;1;3;2;0;0;8
456;1;4;3;0;0;8
457;1;1;3;1;0;8
458;1;4;4;0;0;8
459;1;4;3;0;0;8
460;1;4;2;0;0;8
461;1;3;4;0;0;8
462;1;1;4;0;0;8
463;1;2;6;0;0;8
464;1;3;4;0;0;8
465;1;7;0;0;0;8
466;1;4;2;0;0;8
467;1;4;2;0;0;8
468;1;2;3;1;0;8
469;1;4;4;0;0;8
470;1;4;2;0;0;8
471;1;2;4;0;0;8
472;1;4;3;0;0;8
473;1;5;2;0;0;8
474;1;5;2;0;0;8
475;1;3;2;1;0;8
476;1;3;3;0;0;8
477;1;4;3;0;0;8
478;1;1;4;0;0;8
479;1;2;6;0;0;8
480;1;5;3;0;0;8
481;1;4;2;1;0;8
482;1;4;1;0;0;8
483;1;4;3;0;0;8
484;1;4;1;0;0;8
485;1;4;3;0;0;8
486;1;3;3;0;0;8
487;1;4;3;0;0;8
488;1;2;2;0;0;8
489;1;3;5;0;0;8
490;1;4;3;0;0;8
491;1;7;1;0;0;8
492;1;6;1;0;0;8
493;1;3;1;0;0;8
494;1;1;5;0;0;8
495;1;4;4;0;0;8
496;1;4;2;0;0;8
497;1;5;2;0;0;8
498;1;4;2;0;0;8
499;1;4;3;0;0;8
500;1;1;2;1;0;8
501;1;1;6;0;0;8
502;1;2;6;0;0;8
503;1;7;1;0;0;8
504;1;5;0;0;0;8
505;1;1;2;1;0;8
506;1;2;5;0;0;8
507;1;3;5;0;0;8
508;1;6;1;0;0;8
509;1;5;1;1;0;8
510;1;2;1;0;0;8
511;1;1;6;0;0;8
512;1;4;4;0;0;8
513;1;3;4;0;0;8
514;1;7;1;0;0;8
515;1;6;0;0;0;8
516;1;4;3;0;0;8
517;1;3;2;0;0;8
518;1;4;3;0;0;8
519;1;3;4;0;0;8
520;1;6;1;0;0;8
521;1;5;1;0;0;8
522;1;4;2;0;0;8
523;1;3;4;0;0;8
524;1;3;3;0;0;8
525;1;2;6;0;0;8
526;1;5;3;0;0;8
527;1;5;0;0;0;8
528;1;6;2;0;0;8
529;1;2;2;0;0;8
530;1;3;4;0;0;8
531;1;4;4;0;0;8
532;1;2;3;0;0;8
533;1;5;3;0;0;8
534;1;4;2;0;0;8
535;1;5;1;0;0;8
536;1;4;3;0;0;8
537;1;2;4;0;0;8
538;1;3;4;0;0;8
539;1;4;3;0;0;8
540;1;4;1;0;0;8
541;1;4;3;1;0;8
542;1;4;2;0;0;8
543;1;3;3;0;0;8
544;1;6;2;0;0;8
545;1;3;2;0;0;8
546;1;3;3;0;0;8
547;1;4;4;0;0;8
548;1;2;5;0;0;8
549;1;7;1;0;0;8
550;1;4;1;0;0;8
551;1;2;2;1;0;8
552;1;3;5;0;0;8
553;1;2;3;0;0;8
554;1;6;2;0;0;8
555;1;5;2;0;0;8
556;1;2;1;1;0;8
557;1;1;6;0;0;8
558;1;4;3;0;0;8
559;1;6;2;0;0;8
560;1;4;0;0;0;8
561;1;2;3;1;0;8
562;1;3;5;0;0;8
563;1;5;2;0;0;8
564;1;5;1;0;0;8
565;1;4;1;1;0;8
566;1;3;3;0;0;8
567;1;2;5;1;0;8
568;1;4;2;0;0;8
569;1;5;3;0;0;8
570;1;5;2;0;0;8
571;1;6;0;0;0;8
572;1;4;1;0;0;8
573;1;4;4;0;0;8
574;1;2;3;0;0;8
575;1;3;5;0;0;8
576;1;4;2;1;0;8
577;1;3;2;0;0;8
578;1;4;3;0;0;8
579;1;4;2;0;0;8
580;1;5;1;0;0;8
581;1;4;3;0;0;8
582;1;4;2;0;0;8
583;1;4;3;0;0;8
584;1;4;3;0;0;8
585;1;3;3;1;0;8
586;1;4;2;0;0;8
587;1;3;3;0;0;8
588;1;4;3;0;0;8
589;1;4;2;0;0;8
590;1;5;2;0;0;8
591;1;4;2;0;0;8
592;1;3;3;0;0;8
593;1;3;5;0;0;8
594;1;2;4;0;0;8
595;1;5;2;0;0;8
596;1;4;2;0;0;8
597;1;3;4;0;0;8
598;1;2;4;0;0;8
599;1;4;4;0;0;8
600;1;6;1;0;0;8
601;1;6;0;0;0;8
602;1;3;3;0;0;8
603;1;2;4;0;0;8
604;1;5;3;0;0;8
605;1;3;2;1;0;8
606;1;5;2;0;0;8
607;1;3;1;1;0;8
608;1;3;4;0;0;8
609;1;2;5;0;0;8
610;1;5;2;0;0;8
611;1;6;1;0;0;8
612;1;7;0;0;0;8
613;1;2;2;0;0;8
614;1;2;5;0;0;8
615;1;4;3;0;0;8
616;1;3;3;0;0;8
617;1;5;2;0;0;8
618;1;2;3;1;0;8
619;1;2;3;1;0;8
620;1;3;4;0;0;8
621;1;5;2;0;0;8
622;1;4;3;0;0;8
623;1;2;2;0;0;8
624;1;4;4;0;0;8
625;1;4;2;0;0;8
626;1;5;2;0;0;8
627;1;3;3;0;0;8
628;1;4;3;0;0;8
629;1;4;2;0;0;8
630;1;3;4;0;0;8
631;1;6;1;0;0;8
632;1;5;0;0;0;8
633;1;2;3;0;0;8
634;1;2;5;0;0;8
635;1;4;4;0;0;8
636;1;5;2;1;0;8
637;1;5;0;0;0;8
638;1;5;3;0;0;8
639;1;2;1;1;0;8
640;1;4;3;0;0;8
641;1;4;4;0;0;8
642;1;4;2;0;0;8
643;1;5;2;0;0;8
644;1;4;1;1;0;8
645;1;5;1;1;0;8
646;1;2;2;1;0;8
647;1;2;4;0;0;8
648;1;3;5;0;0;8
649;1;4;3;0;0;8
650;1;5;2;0;0;8
651;1;4;3;0;0;8
652;1;2;3;0;0;8
653;1;3;3;0;0;8
654;1;2;4;0;0;8
655;1;3;5;0;0;8
656;1;5;1;1;0;8
657;1;4;2;1;0;8
658;1;2;2;0;0;8
659;1;3;4;0;0;8
660;1;4;4;0;0;8
661;1;4;2;0;0;8
662;1;2;2;1;0;8
663;1;3;4;0;0;8
664;1;4;4;0;0;8
665;1;6;1;0;0;8
666;1;5;1;0;0;8
667;1;2;3;0;0;8
668;1;3;5;0;0;8
669;1;4;2;1;0;8
670;1;4;2;1;0;8
671;1;3;2;0;0;8
672;1;3;4;0;0;8
673;1;5;3;0;0;8
674;1;5;1;0;0;8
675;1;3;2;1;0;8
676;1;5;3;0;0;8
677;1;4;1;1;0;8
678;1;3;2;0;0;8
679;1;5;3;0;0;8
680;1;3;2;0;0;8
681;1;3;3;0;0;8
682;1;1;5;0;0;8
683;1;6;1;0;0;8
684;1;6;1;1;0;8
685;1;5;0;0;0;8
686;1;3;3;0;0;8
687;1;3;3;0;0;8
688;1;5;3;0;0;8
689;1;5;2;0;0;8
690;1;3;2;0;0;8
691;1;4;4;0;0;8
692;1;7;0;0;0;8
693;1;6;0;0;0;8
694;1;2;2;1;0;8
695;1;3;3;0;0;8
696;1;2;5;0;0;8
697;1;7;1;0;0;8
698;1;3;0;0;0;8
699;1;3;4;0;0;8
700;1;3;4;0;0;8
701;1;4;4;0;0;8
702;1;4;3;0;0;8
703;1;8;0;0;0;8
704;1;3;0;0;0;8
705;1;3;4;0;0;8
706;1;4;3;0;0;8
707;1;4;3;0;0;8
708;1;2;4;0;0;8
709;1;5;2;0;0;8
710;1;4;2;0;0;8
711;1;3;4;0;0;8
712;1;4;3;0;0;8
713;1;6;1;0;0;8
714;1;5;0;0;0;8
715;1;3;3;0;0;8
716;1;0;5;0;0;8
717;1;2;6;0;0;8
718;1;4;4;0;0;8
719;1;6;1;0;0;8
720;1;6;1;0;0;8
721;1;2;1;1;0;8
722;1;1;6;0;0;8
723;1;2;6;0;0;8
724;1;4;3;0;0;8
725;1;7;1;0;0;8
726;1;6;0;0;0;8
727;1;3;2;0;0;8
728;1;1;5;0;0;8
729;1;2;6;0;0;8
730;1;4;3;0;0;8
731;1;4;2;0;0;8
732;1;1;2;1;0;8
733;1;2;6;0;0;8
734;1;3;4;0;0;8
735;1;7;0;0;0;8
736;1;4;1;0;0;8
737;1;1;4;0;0;8
738;1;2;6;0;0;8
739;1;5;2;1;0;8
740;1;7;0;0;0;8
741;1;5;0;0;0;8
742;1;4;3;0;0;8
743;1;1;4;0;0;8
744;1;4;4;0;0;8
745;1;5;2;0;0;8
746;1;5;2;0;0;8
747;1;3;1;0;0;8
748;1;3;4;0;0;8
749;1;3;3;0;0;8
750;1;5;3;0;0;8
751;1;4;2;0;0;8
752;1;4;2;1;0;8
753;1;3;3;0;0;8
754;1;2;5;0;0;8
755;1;5;1;0;0;8
756;1;2;3;0;0;8
757;1;3;5;0;0;8
758;1;2;5;0;0;8
759;1;4;2;1;0;8
760;1;6;2;0;0;8
761;1;2;2;0;0;8
762;1;1;5;0;0;8
763;1;5;3;0;0;8
764;1;7;1;0;0;8
765;1;5;0;0;0;8
766;1;3;2;0;0;8
767;1;1;5;0;0;8
768;1;5;3;0;0;8
769;1;5;1;0;0;8
770;1;4;1;0;0;8
771;1;2;4;0;0;8
772;1;1;6;0;0;8
773;1;3;5;0;0;8
774;1;6;1;0;0;8
775;1;7;0;0;0;8
776;1;5;1;0;0;8
777;1;2;2;1;0;8
778;1;1;6;0;0;8
779;1;3;5;0;0;8
780;1;3;3;0;0;8
781;1;4;2;0;0;8
782;1;5;2;1;0;8
783;1;2;2;1;0;8
784;1;2;4;0;0;8
785;1;5;3;0;0;8
786;1;4;2;0;0;8
787;1;4;3;0;0;8
788;1;3;3;0;0;8
789;1;4;4;0;0;8
790;1;3;2;0;0;8
791;1;4;4;0;0;8
792;1;6;2;0;0;8
793;1;4;0;0;0;8
794;1;4;4;0;0;8
795;1;2;3;0;0;8
796;1;4;4;0;0;8
797;1;5;1;1;0;8
798;1;2;2;0;0;8
799;1;4;3;0;0;8
800;1;4;3;0;0;8
801;1;4;2;0;0;8
802;1;2;3;0;0;8
803;1;1;6;0;0;8
804;1;3;5;0;0;8
805;1;6;2;0;0;8
806;1;7;0;0;0;8
807;1;4;0;0;0;8
808;1;1;4;0;0;8
809;1;3;5;0;0;8
810;1;5;3;0;0;8
811;1;7;0;0;0;8
812;1;3;0;0;0;8
813;1;0;6;0;0;8
814;1;2;6;0;0;8
815;1;4;4;0;0;8
816;1;6;1;0;0;8
817;1;7;0;0;0;8
818;1;4;2;0;0;8
819;1;3;1;0;0;8
820;1;3;5;0;0;8
821;1;3;3;0;0;8
822;1;3;3;0;0;8
823;1;4;2;1;0;8
824;1;5;2;0;0;8
825;1;2;3;0;0;8
826;1;3;4;0;0;8
827;1;3;3;0;0;8
828;1;2;5;0;0;8
829;1;4;3;0;0;8
830;1;6;2;0;0;8
831;1;5;0;0;0;8
832;1;2;3;0;0;8
833;1;3;5;0;0;8
834;1;3;2;1;0;8
835;1;4;4;0;0;8
836;1;4;2;0;0;8
837;1;2;4;0;0;8
838;1;4;4;0;0;8
839;1;5;2;0;0;8
840;1;6;0;0;0;8
841;1;6;1;0;0;8
842;1;5;1;0;0;8
843;1;3;2;0;0;8
844;1;3;3;0;0;8
845;1;2;6;0;0;8
846;1;5;2;0;0;8
847;1;4;3;0;0;8
848;1;3;3;0;0;8
849;1;3;4;0;0;8
850;1;5;2;0;0;8
851;1;5;2;0;0;8
852;1;7;0;0;0;8
853;1;6;1;0;0;8
854;1;2;1;0;0;8
855;1;1;6;0;0;8
856;1;5;3;0;0;8
857;1;6;1;0;0;8
858;1;6;1;0;0;8
859;1;4;1;0;0;8
860;1;2;4;0;0;8
861;1;5;2;0;0;8
862;1;5;2;0;0;8
863;1;5;1;0;0;8
864;1;4;2;0;0;8
865;1;1;4;0;0;8
866;1;4;4;0;0;8
867;1;6;2;0;0;8
868;1;7;0;0;0;8
869;1;4;0;0;0;8
870;1;3;4;0;0;8
871;1;1;5;0;0;8
872;1;2;6;0;0;8
873;1;7;0;0;0;8
874;1;4;2;0;0;8
875;1;5;1;0;0;8
876;1;2;3;0;0;8
877;1;1;6;0;0;8
878;1;6;2;0;0;8
879;1;8;0;0;0;8
880;1;6;0;0;0;8
881;1;2;1;1;0;8
882;1;0;6;0;0;8
883;1;3;5;0;0;8
884;1;6;2;0;0;8
885;1;7;0;0;0;8
886;1;7;0;0;0;8
887;1;2;1;0;0;8
888;1;2;5;0;0;8
889;1;2;6;0;0;8
890;1;4;3;0;0;8
891;1;5;0;0;0;8
892;1;4;2;0;0;8
893;1;4;4;0;0;8
894;1;6;2;0;0;8
895;1;5;0;0;0;8
896;1;2;3;1;0;8
897;1;2;5;0;0;8
898;1;4;3;0;0;8
899;1;6;1;0;0;8
900;1;6;1;0;0;8
901;1;3;2;0;0;8
902;1;2;5;0;0;8
903;1;2;6;0;0;8
904;1;4;1;1;0;8
905;1;4;3;0;0;8
906;1;4;3;0;0;8
907;1;5;0;0;0;8
908;1;1;3;1;0;8
909;1;4;4;0;0;8
910;1;3;4;0;0;8
911;1;4;2;0;0;8
912;1;3;3;0;0;8
913;1;3;3;0;0;8
914;1;4;4;0;0;8
915;1;3;3;0;0;8
916;1;3;2;1;0;8
917;1;5;3;0;0;8
918;1;3;3;0;0;8
919;1;4;2;0;0;8
920;1;4;4;0;0;8
921;1;4;2;1;0;8
922;1;4;1;0;0;8
923;1;1;5;0;0;8
924;1;4;4;0;0;8
925;1;6;1;0;0;8
926;1;3;2;0;0;8
927;1;3;3;1;0;8
928;1;0;5;0;0;8
929;1;4;4;0;0;8
930;1;5;3;0;0;8
931;1;4;2;0;0;8
932;1;5;2;0;0;8
933;1;6;1;0;0;8
934;1;3;1;0;0;8
935;1;4;4;0;0;8
936;1;5;2;0;0;8
937;1;3;3;0;0;8
938;1;3;4;0;0;8
939;1;2;5;0;0;8
940;1;4;3;0;0;8
941;1;5;0;0;0;8
942;1;4;2;1;0;8
943;1;3;2;1;0;8
944;1;4;3;0;0;8
945;1;4;2;0;0;8
946;1;5;3;0;0;8
947;1;7;0;0;0;8
948;1;3;1;0;0;8
949;1;3;4;0;0;8
950;1;4;2;0;0;8
951;1;3;4;0;0;8
952;1;2;5;0;0;8
953;1;1;5;0;0;8
954;1;6;2;0;0;8
955;1;4;2;0;0;8
956;1;4;2;0;0;8
957;1;4;3;0;0;8
958;1;4;3;0;0;8
959;1;2;2;0;0;8
960;1;1;6;0;0;8
961;1;4;4;0;0;8
962;1;5;1;0;0;8
963;1;6;1;0;0;8
964;1;5;2;0;0;8
965;1;1;2;1;0;8
966;1;4;4;0;0;8
967;1;4;3;0;0;8
968;1;4;2;0;0;8
969;1;4;3;0;0;8
970;1;4;1;1;0;8
971;1;5;2;0;0;8
972;1;6;1;0;0;8
973;1;4;2;0;0;8
974;1;5;2;0;0;8
975;1;4;2;0;0;8
976;1;5;3;0;0;8
977;1;4;2;0;0;8
978;1;4;3;0;0;8
979;1;3;4;0;0;8
980;1;3;2;1;0;8
981;1;2;3;0;0;8
982;1;3;4;0;0;8
983;1;5;3;0;0;8
984;1;5;1;0;0;8
985;1;6;1;0;0;8
986;1;2;2;0;0;8
987;1;2;5;0;0;8
988;1;3;4;0;0;8
989;1;4;4;0;0;8
990;1;7;0;0;0;8
991;1;4;2;0;0;8
992;1;3;3;0;0;8
993;1;5;2;0;0;8
994;1;6;2;0;0;8
995;1;5;1;0;0;8
996;1;4;3;0;0;8
997;1;4;1;0;0;8
998;1;2;4;0;0;8
999;1;2;5;0;0;8
1000;1;5;2;0;0;8
1001;1;6;1;0;0;8
1002;1;4;1;0;0;8
1003;1;2;4;0;0;8
1004;1;4;4;0;0;8
1005;1;3;2;0;0;8
1006;1;3;4;0;0;8
1007;1;3;2;1;0;8
1008;1;3;5;0;0;8
1009;1;5;1;0;0;8
1010;1;6;1;0;0;8
1011;1;5;1;0;0;8
1012;1;4;2;1;0;8
1013;1;0;3;1;0;8
1014;1;3;5;0;0;8
1015;1;5;2;0;0;8
1016;1;4;2;0;0;8
1017;1;2;4;0;0;8
1018;1;3;5;0;0;8
1019;1;4;2;0;0;8
1020;1;5;2;0;0;8
1021;1;3;2;0;0;8
1022;1;4;4;0;0;8
1023;1;3;4;0;0;8
1024;1;3;3;1;0;8
1025;1;3;2;1;0;8
1026;1;5;2;0;0;8
1027;1;4;1;0;0;8
1028;1;2;4;0;0;8
1029;1;3;3;1;0;8
1030;1;5;3;0;0;8
1031;1;5;1;0;0;8
1032;1;5;1;0;0;8
1033;1;3;3;0;0;8
1034;1;4;3;0;0;8
1035;1;4;1;1;0;8
1036;1;6;1;0;0;8
1037;1;4;2;0;0;8
1038;1;2;4;0;0;8
1039;1;3;4;0;0;8
1040;1;3;4;0;0;8
1041;1;6;1;0;0;8
1042;1;3;2;1;0;8
1043;1;4;2;0;0;8
1044;1;3;3;0;0;8
1045;1;4;4;0;0;8
1046;1;4;2;0;0;8
1047;1;5;2;0;0;8
1048;1;5;2;0;0;8
1049;1;5;1;0;0;8
1050;1;5;1;0;0;8
1051;1;5;2;0;0;8
1052;1;3;3;0;0;8
1053;1;3;3;0;0;8
1054;1;3;4;0;0;8
1055;1;3;4;0;0;8
1056;1;6;2;0;0;8
1057;1;6;0;0;0;8
1058;1;3;1;0;0;8
1059;1;3;5;0;0;8
1060;1;2;4;0;0;8
1061;1;3;3;1;0;8
1062;1;6;2;0;0;8
1063;1;5;0;0;0;8
1064;1;3;2;1;0;8
1065;1;4;2;1;0;8
1066;1;6;1;0;0;8
1067;1;5;1;0;0;8
1068;1;3;2;1;0;8
1069;1;2;3;1;0;8
1070;1;3;4;0;0;8
1071;1;7;1;0;0;8
1072;1;4;0;0;0;8
1073;1;1;3;1;0;8
1074;1;2;6;0;0;8
1075;1;4;4;0;0;8
1076;1;4;2;0;0;8
1077;1;7;1;0;0;8
1078;1;6;1;0;0;8
1079;1;1;3;0;0;8
1080;1;3;5;0;0;8
1081;1;1;5;0;0;8
1082;1;3;5;0;0;8
1083;1;8;0;0;0;8
1084;1;4;0;0;0;8
1085;1;3;3;0;0;8
1086;1;3;4;0;0;8
1087;1;2;4;0;0;8
1088;1;3;5;0;0;8
1089;1;6;2;0;0;8
1090;1;6;0;0;0;8
1091;1;5;1;0;0;8
1092;1;1;3;1;0;8
1093;1;0;7;0;0;8
1094;1;5;3;0;0;8
1095;1;7;0;0;0;8
1096;1;3;2;0;0;8
1097;1;1;3;1;0;8
1098;1;1;6;0;0;8
1099;1;4;4;0;0;8
1100;1;7;0;0;0;8
1101;1;4;2;0;0;8
1102;1;5;2;0;0;8
1103;1;1;3;0;0;8
1104;1;3;5;0;0;8
1105;1;5;2;0;0;8
1106;1;4;2;0;0;8
1107;1;6;1;1;0;8
1108;1;5;0;0;0;8
1109;1;3;3;0;0;8
1110;1;5;2;0;0;8
1111;1;3;2;0;0;8
1112;1;2;4;0;0;8
1113;1;2;5;0;0;8
1114;1;5;3;0;0;8
1115;1;4;2;0;0;8
1116;1;5;2;0;0;8
1117;1;4;2;0;0;8
1118;1;3;4;0;0;8
1119;1;1;5;0;0;8
1120;1;4;4;0;0;8
1121;1;6;2;0;0;8
1122;1;4;0;0;0;8
1123;1;3;3;0;0;8
1124;1;2;5;0;0;8
1125;1;6;2;0;0;8
1126;1;5;2;0;0;8
1127;1;3;2;0;0;8
1128;1;3;3;0;0;8
1129;1;4;4;0;0;8
1130;1;7;0;0;0;8
1131;1;6;0;0;0;8
1132;1;4;3;0;0;8
1133;1;3;2;0;0;8
1134;1;3;4;0;0;8
1135;1;4;4;0;0;8
1136;1;6;0;0;0;8
1137;1;3;2;0;0;8
1138;1;3;4;0;0;8
1139;1;3;4;0;0;8
1140;1;5;3;0;0;8
1141;1;5;0;0;0;8
1142;1;2;3;1;0;8
1143;1;3;4;0;0;8
1144;1;3;4;0;0;8
1145;1;2;5;0;0;8
1146;1;4;3;0;0;8
1147;1;5;1;1;0;8
1148;1;3;2;0;0;8
1149;1;2;4;0;0;8
1150;1;4;4;0;0;8
1151;1;3;4;0;0;8
1152;1;4;3;0;0;8
1153;1;5;2;0;0;8
1154;1;6;0;0;0;8
1155;1;4;3;0;0;8
1156;1;4;1;0;0;8
1157;1;4;3;0;0;8
1158;1;5;2;0;0;8
1159;1;6;0;0;0;8
1160;1;4;3;0;0;8
1161;1;4;3;0;0;8
1162;1;4;1;1;0;8
1163;1;4;3;0;0;8
1164;1;4;1;0;0;8
1165;1;3;4;0;0;8
1166;1;6;2;0;0;8
1167;1;6;0;0;0;8
1168;1;6;1;0;0;8
1169;1;5;2;0;0;8
1170;1;5;2;0;0;8
1171;1;3;1;0;0;8
1172;1;3;4;0;0;8
1173;1;4;4;0;0;8
1174;1;4;2;0;0;8
1175;1;7;1;0;0;8
1176;1;4;1;0;0;8
1177;1;3;2;0;0;8
1178;1;2;4;0;0;8
1179;1;4;4;0;0;8
1180;1;4;2;0;0;8
1181;1;5;1;0;0;8
1182;1;5;1;0;0;8
1183;1;3;3;1;0;8
1184;1;2;3;1;0;8
1185;1;5;3;0;0;8
1186;1;6;1;0;0;8
1187;1;5;1;0;0;8
1188;1;3;1;0;0;8
1189;1;1;6;0;0;8
1190;1;3;4;0;0;8
1191;1;7;1;0;0;8
1192;1;5;0;0;0;8
1193;1;3;3;0;0;8
1194;1;2;5;0;0;8
1195;1;4;3;1;0;8
1196;1;5;1;1;0;8
1197;1;4;0;0;0;8
1198;1;3;4;0;0;8
1199;1;1;5;0;0;8
1200;1;4;3;1;0;8
1201;1;3;2;1;0;8
1202;1;5;3;0;0;8
1203;1;4;1;0;0;8
1204;1;2;4;0;0;8
1205;1;3;4;0;0;8
1206;1;6;2;0;0;8
1207;1;4;2;0;0;8
1208;1;4;3;0;0;8
1209;1;2;4;0;0;8
1210;1;2;5;0;0;8
1211;1;3;3;0;0;8
1212;1;6;2;0;0;8
1213;1;6;1;0;0;8
1214;1;6;0;0;0;8
1215;1;3;3;0;0;8
1216;1;1;4;1;0;8
1217;1;5;2;0;0;8
1218;1;5;2;0;0;8
1219;1;5;3;0;0;8
1220;1;2;2;0;0;8
1221;1;3;5;0;0;8
1222;1;4;3;0;0;8
1223;1;5;1;1;0;8
1224;1;6;1;0;0;8
1225;1;3;3;0;0;8
1226;1;2;3;0;0;8
1227;1;4;4;0;0;8
1228;1;5;2;0;0;8
1229;1;6;0;0;0;8
1230;1;5;1;0;0;8
1231;1;4;3;0;0;8
1232;1;4;2;0;0;8
1233;1;7;1;0;0;8
1234;1;6;0;0;0;8
1235;1;3;2;0;0;8
1236;1;1;5;0;0;8
1237;1;0;7;0;0;8
1238;1;4;4;0;0;8
1239;1;4;2;0;0;8
1240;1;4;2;0;0;8
1241;1;2;4;0;0;8
1242;1;2;5;0;0;8
1243;1;6;1;0;0;8
1244;1;5;1;0;0;8
1245;1;3;3;0;0;8
1246;1;3;5;0;0;8
1247;1;2;5;0;0;8
1248;1;4;2;0;0;8
1249;1;5;1;1;0;8
1250;1;1;2;1;0;8
1251;1;1;5;1;0;8
1252;1;5;3;0;0;8
1253;1;7;0;0;0;8
1254;1;4;0;0;0;8
1255;1;2;4;0;0;8
1256;1;3;5;0;0;8
1257;1;5;2;0;0;8
1258;1;7;0;0;0;8
1259;1;3;0;0;0;8
1260;1;2;5;0;0;8
1261;1;3;4;0;0;8
1262;1;3;4;0;0;8
1263;1;6;2;0;0;8
1264;1;5;0;0;0;8
1265;1;4;2;1;0;8
1266;1;2;2;0;0;8
1267;1;2;6;0;0;8
1268;1;4;4;0;0;8
1269;1;6;1;0;0;8
1270;1;4;0;0;0;8
1271;1;3;5;0;0;8
1272;1;1;5;0;0;8
1273;1;4;4;0;0;8
1274;1;6;1;0;0;8
1275;1;2;2;0;0;8
1276;1;1;6;0;0;8
1277;1;2;6;0;0;8
1278;1;3;4;0;0;8
1279;1;5;1;0;0;8
1280;1;4;3;0;0;8
1281;1;3;3;0;0;8
1282;1;4;3;0;0;8
1283;1;4;3;0;0;8
1284;1;5;2;0;0;8
1285;1;3;2;0;0;8
1286;1;2;4;0;0;8
1287;1;2;5;0;0;8
1288;1;6;2;0;0;8
1289;1;6;1;0;0;8
1290;1;5;1;0;0;8
1291;1;2;3;0;0;8
1292;1;2;5;0;0;8
1293;1;4;4;0;0;8
1294;1;6;0;0;0;8
1295;1;3;2;0;0;8
1296;1;2;4;0;0;8
1297;1;2;5;0;0;8
1298;1;4;4;0;0;8
1299;1;7;1;0;0;8
1300;1;5;0;0;0;8
1301;1;2;4;0;0;8
1302;1;3;3;0;0;8
1303;1;4;3;0;0;8
1304;1;5;2;0;0;8
1305;1;3;1;0;0;8
1306;1;3;5;0;0;8
1307;1;3;4;0;0;8
1308;1;4;3;0;0;8
1309;1;6;1;0;0;8
1310;1;2;3;0;0;8
1311;1;3;4;0;0;8
1312;1;2;4;0;0;8
1313;1;4;3;0;0;8
1314;1;5;2;0;0;8
1315;1;4;2;0;0;8
1316;1;3;3;0;0;8
1317;1;5;3;0;0;8
1318;1;6;0;0;0;8
1319;1;5;1;1;0;8
1320;1;4;3;0;0;8
1321;1;6;0;0;0;8
1322;1;3;2;0;0;8
1323;1;1;5;0;0;8
1324;1;3;5;0;0;8
1325;1;6;1;0;0;8
1326;1;4;2;0;0;8
1327;1;3;2;0;0;8
1328;1;3;4;0;0;8
1329;1;5;2;0;0;8
1330;1;4;3;0;0;8
1331;1;3;2;0;0;8
1332;1;2;5;0;0;8
1333;1;5;3;0;0;8
1334;1;7;0;0;0;8
1335;1;5;0;0;0;8
1336;1;3;3;0;0;8
1337;1;3;3;1;0;8
1338;1;3;2;0;0;8
1339;1;3;4;0;0;8
1340;1;4;3;0;0;8
1341;1;4;2;0;0;8
1342;1;6;2;0;0;8
1343;1;3;2;0;0;8
1344;1;4;3;0;0;8
1345;1;1;4;0;0;8
1346;1;3;5;0;0;8
1347;1;5;2;0;0;8
1348;1;4;2;0;0;8
1349;1;4;2;0;0;8
1350;1;2;3;0;0;8
1351;1;5;3;0;0;8
1352;1;2;3;0;0;8
1353;1;3;3;1;0;8
1354;1;4;2;1;0;8
1355;1;2;3;1;0;8
1356;1;2;4;0;0;8
1357;1;4;3;0;0;8
1358;1;4;3;0;0;8
1359;1;4;4;0;0;8
1360;1;4;2;0;0;8
1361;1;2;3;0;0;8
1362;1;2;5;0;0;8
1363;1;3;3;0;0;8
1364;1;4;2;0;0;8
1365;1;4;3;0;0;8
1366;1;4;3;0;0;8
1367;1;3;3;0;0;8
1368;1;4;3;0;0;8
1369;1;4;3;0;0;8
1370;1;3;2;1;0;8
1371;1;1;5;0;0;8
1372;1;6;2;0;0;8
1373;1;4;2;0;0;8
1374;1;4;3;0;0;8
1375;1;4;3;0;0;8
1376;1;5;1;0;0;8
1377;1;3;3;0;0;8
1378;1;0;6;0;0;8
1379;1;6;2;0;0;8
1380;1;7;1;0;0;8
1381;1;3;0;0;0;8
1382;1;3;4;0;0;8
1383;1;4;3;0;0;8
1384;1;4;3;0;0;8
1385;1;6;0;0;0;8
1386;1;5;3;0;0;8
1387;1;5;1;0;0;8
1388;1;3;3;0;0;8
1389;1;3;4;0;0;8
1390;1;3;3;0;0;8
1391;1;4;3;0;0;8
1392;1;5;2;0;0;8
1393;1;7;0;0;0;8
1394;1;4;1;0;0;8
1395;1;4;4;0;0;8
1396;1;2;3;0;0;8
1397;1;3;3;1;0;8
1398;1;6;1;0;0;8
1399;1;5;2;0;0;8
1400;1;3;2;0;0;8
1401;1;2;4;1;0;8
1402;1;3;4;0;0;8
1403;1;2;5;0;0;8
1404;1;5;1;0;0;8
1405;1;5;2;0;0;8
1406;1;6;0;0;0;8
1407;1;2;3;0;0;8
1408;1;2;5;0;0;8
1409;1;3;4;0;0;8
1410;1;3;4;0;0;8
1411;1;3;3;0;0;8
1412;1;3;5;0;0;8
1413;1;4;4;0;0;8
1414;1;7;0;0;0;8
1415;1;2;0;0;0;8
1416;1;2;6;0;0;8
1417;1;2;5;0;0;8
1418;1;5;3;0;0;8
1419;1;7;0;0;0;8
1420;1;3;2;0;0;8
1421;1;3;3;0;0;8
1422;1;2;4;0;0;8
1423;1;5;3;0;0;8
1424;1;4;1;1;0;8
1425;1;2;2;0;0;8
1426;1;2;6;0;0;8
1427;1;3;5;0;0;8
1428;1;4;2;0;0;8
1429;1;4;4;0;0;8
1430;1;4;1;0;0;8
1431;1;4;3;0;0;8
1432;1;4;3;0;0;8
1433;1;1;4;0;0;8
1434;1;3;4;0;0;8
1435;1;3;3;0;0;8
1436;1;5;2;0;0;8
1437;1;2;4;0;0;8
1438;1;4;2;0;0;8
1439;1;3;4;0;0;8
1440;1;1;5;0;0;8
1441;1;3;5;0;0;8
1442;1;2;3;1;0;8
1443;1;4;4;0;0;8
1444;1;4;2;0;0;8
1445;1;4;1;0;0;8
1446;1;3;3;0;0;8
1447;1;1;5;0;0;8
1448;1;2;5;0;0;8
1449;1;5;3;0;0;8
1450;1;2;3;0;0;8
1451;1;6;2;0;0;8
1452;1;5;1;0;0;8
1453;1;2;3;0;0;8
1454;1;4;2;1;0;8
1455;1;3;2;1;0;8
1456;1;3;4;0;0;8
1457;1;5;1;0;0;8
1458;1;3;3;0;0;8
1459;1;1;5;0;0;8
1460;1;4;3;0;0;8
1461;1;4;2;1;0;8
1462;1;3;2;0;0;8
1463;1;3;4;0;0;8
1464;1;4;1;1;0;8
1465;1;5;3;0;0;8
1466;1;4;2;0;0;8
1467;1;3;2;1;0;8
1468;1;2;3;1;0;8
1469;1;2;5;0;0;8
1470;1;3;4;0;0;8
1471;1;4;3;0;0;8
1472;1;3;2;0;0;8
1473;1;2;5;0;0;8
1474;1;2;4;0;0;8
1475;1;3;5;0;0;8
1476;1;6;1;0;0;8
1477;1;5;0;0;0;8
1478;1;2;3;1;0;8
1479;1;3;4;0;0;8
1480;1;5;2;0;0;8
1481;1;4;2;0;0;8
1482;1;3;2;1;0;8
1483;1;4;3;0;0;8
1484;1;4;3;0;0;8
1485;1;4;2;0;0;8
1486;1;3;3;0;0;8
1487;1;4;3;0;0;8
1488;1;5;2;1;0;8
1489;1;7;0;0;0;8
1490;1;3;0;0;0;8
1491;1;2;5;0;0;8
1492;1;2;5;0;0;8
1493;1;5;2;0;0;8
1494;1;4;2;0;0;8
1495;1;3;2;0;0;8
1496;1;2;5;0;0;8
1497;1;4;3;0;0;8
1498;1;3;3;0;0;8
1499;1;4;3;0;0;8
