,nodeId,ls,lc,le,ltx,number of neighbors,QOS,arm,jammed evaluation,label (jammed or not)
0,7,1,5,0,1,6,0.200,True,False,0
1,7,3,2,1,1,6,1.500,False,False,0
2,7,5,0,0,0,6,6.000,False,False,0
3,7,4,1,0,1,6,4.000,False,True,0
4,7,2,2,0,1,6,1.000,False,True,0
5,7,1,3,0,1,6,0.333,False,True,0
6,7,2,4,0,1,6,0.500,True,False,0
7,7,2,4,0,1,6,0.500,True,True,0
8,7,4,0,0,0,6,6.000,False,False,0
9,7,2,2,0,1,6,1.000,False,True,0
10,7,1,3,0,1,6,0.333,False,True,0
11,7,3,3,0,1,6,1.000,False,False,0
12,7,1,3,0,1,6,0.333,False,True,0
13,7,3,2,0,1,6,1.500,False,False,0
14,7,2,4,0,1,6,0.500,True,True,0
15,7,3,3,0,0,6,1.000,True,False,0
16,7,3,1,0,1,6,3.000,False,False,0
17,7,3,1,0,1,6,3.000,False,True,0
18,7,2,3,0,1,6,0.667,False,True,0
19,7,1,3,1,1,6,0.333,False,True,0
20,7,2,4,0,0,6,0.500,False,False,0
21,7,3,2,0,1,6,1.500,False,False,0
22,7,2,2,0,1,6,1.000,False,True,0
23,7,3,3,0,1,6,1.000,False,True,0
24,7,2,2,0,1,6,1.000,False,True,0
25,7,3,2,0,1,6,1.500,False,False,0
26,7,3,3,0,0,6,1.000,False,True,0
27,7,4,2,0,1,6,2.000,False,False,0
28,7,3,1,0,1,6,3.000,False,False,0
29,7,3,2,0,1,6,1.500,False,True,0
30,7,3,1,0,1,6,3.000,False,False,0
31,7,3,2,0,0,6,1.500,False,True,0
32,7,3,3,0,1,6,1.000,True,True,0
33,7,3,1,0,1,6,3.000,False,False,0
34,7,3,3,0,1,6,1.000,False,True,0
35,7,2,2,0,1,6,1.000,False,True,0
36,7,3,2,0,1,6,1.500,False,False,0
37,7,1,3,0,1,6,0.333,False,True,0
38,7,2,3,1,1,6,0.667,True,False,0
39,7,5,1,0,0,6,5.000,False,False,0
40,7,3,0,0,1,6,6.000,False,False,0
41,7,2,3,0,1,6,0.667,False,True,0
42,7,0,4,0,1,6,0.000,False,True,0
43,7,4,2,0,1,6,2.000,False,False,0
44,7,4,0,0,0,6,6.000,False,False,0
45,7,3,2,0,1,6,1.500,False,True,0
46,7,1,3,0,1,6,0.333,False,True,0
47,7,2,3,0,1,6,0.667,False,False,0
48,7,1,3,1,1,6,0.333,False,True,0
49,7,1,3,1,0,6,0.333,False,True,0
50,7,3,3,0,1,6,1.000,False,False,0
51,7,4,2,0,1,6,2.000,False,False,0
52,7,5,0,0,1,6,6.000,False,False,0
53,7,4,0,0,0,6,6.000,False,True,0
54,7,3,3,0,1,6,1.000,True,True,0
55,7,2,2,0,1,6,1.000,False,True,0
56,7,3,2,0,1,6,1.500,False,False,0
57,7,2,2,0,1,6,1.000,False,True,0
58,7,1,4,0,0,6,0.250,False,True,0
59,7,3,3,0,1,6,1.000,True,False,0
60,7,5,1,0,1,6,5.000,False,False,0
61,7,3,0,0,1,6,6.000,False,False,0
62,7,2,3,1,1,6,0.667,True,True,0
63,7,3,1,0,0,6,3.000,False,False,0
64,7,1,4,0,1,6,0.250,False,True,0
65,7,4,2,0,1,6,2.000,False,False,0
66,7,4,0,0,1,6,6.000,False,False,0
67,7,3,1,0,1,6,3.000,False,True,0
68,7,3,3,0,0,6,1.000,False,True,0
69,7,2,2,0,1,6,1.000,False,True,0
70,7,4,2,0,1,6,2.000,False,False,0
71,7,4,0,0,1,6,6.000,False,False,0
72,7,3,2,0,0,6,1.500,False,True,0
73,7,1,3,0,1,6,0.333,False,True,0
74,7,3,3,0,1,6,1.000,False,False,0
75,7,1,3,0,1,6,0.333,False,True,0
76,7,2,2,1,1,6,1.000,False,False,0
77,7,2,3,1,0,6,0.667,True,True,0
78,7,3,1,0,1,6,3.000,False,False,0
79,7,4,2,0,1,6,2.000,False,True,0
80,7,2,2,0,1,6,1.000,False,True,0
81,7,4,1,0,1,6,4.000,False,False,0
82,7,4,2,0,1,6,2.000,False,True,0
83,7,2,1,1,1,6,2.000,False,True,0
84,7,3,2,0,0,6,1.500,False,True,0
85,7,3,2,0,1,6,1.500,False,True,0
86,7,1,3,0,1,6,0.333,False,True,0
87,7,1,4,0,1,6,0.250,False,True,0
88,7,3,3,0,0,6,1.000,False,False,0
89,7,4,2,0,1,6,2.000,False,False,0
90,7,3,2,0,1,6,1.500,False,True,0
91,7,4,0,0,1,6,6.000,False,False,0
92,7,2,3,0,1,6,0.667,False,True,0
93,7,4,1,0,0,6,4.000,False,False,0
94,7,3,2,0,1,6,1.500,False,True,0
95,7,4,2,0,1,6,2.000,False,False,0
96,7,3,1,0,1,6,3.000,False,False,0
97,7,3,2,0,1,6,1.500,False,True,0
98,7,1,3,0,0,6,0.333,False,True,0
99,7,2,3,0,1,6,0.667,False,False,0
100,7,3,3,0,1,6,1.000,False,False,0
101,7,4,1,0,1,6,4.000,False,False,0
102,7,4,0,0,1,6,6.000,False,False,0
103,7,3,2,0,1,6,1.500,False,True,0
104,7,1,3,0,0,6,0.333,False,True,0
105,7,1,5,0,1,6,0.200,True,True,0
106,7,4,2,0,1,6,2.000,False,False,0
107,7,5,0,0,1,6,6.000,False,False,0
108,7,4,0,0,1,6,6.000,False,True,0
109,7,0,3,0,1,6,0.000,False,True,0
110,7,3,3,0,0,6,1.000,False,False,0
111,7,3,3,0,1,6,1.000,False,True,0
112,7,4,2,0,1,6,2.000,False,False,0
113,7,3,0,0,1,6,6.000,False,False,0
114,7,2,3,0,0,6,0.667,False,True,0
115,7,2,3,0,1,6,0.667,False,True,0
116,7,4,1,0,1,6,4.000,False,False,0
117,7,3,2,0,1,6,1.500,False,True,0
118,7,3,1,0,1,6,3.000,False,False,0
119,7,4,1,0,1,6,4.000,False,False,0
120,7,4,1,0,0,6,4.000,False,True,0
121,7,2,2,0,1,6,1.000,False,True,0
122,7,1,4,0,1,6,0.250,False,True,0
123,7,3,2,0,1,6,1.500,False,False,0
124,7,2,3,0,1,6,0.667,False,True,0
125,7,4,1,0,1,6,4.000,False,False,0
126,7,4,1,0,1,6,4.000,False,True,0
127,7,4,1,0,1,6,4.000,False,True,0
128,7,4,1,0,0,6,4.000,False,True,0
129,7,1,2,0,1,6,0.500,False,True,0
130,7,2,3,0,1,6,0.667,False,False,0
131,7,3,3,0,1,6,1.000,False,False,0
132,7,2,3,0,0,6,0.667,False,True,0
133,7,3,1,0,1,6,3.000,False,False,0
134,7,2,3,0,1,6,0.667,False,True,0
135,7,3,3,0,1,6,1.000,False,False,0
136,7,3,1,0,1,6,3.000,False,False,0
137,7,3,2,0,1,6,1.500,False,True,0
138,7,2,2,0,1,6,1.000,False,True,0
139,7,1,4,0,1,6,0.250,False,True,0
140,7,4,2,0,0,6,2.000,False,False,0
141,7,5,1,0,1,6,5.000,False,False,0
142,7,2,1,0,1,6,2.000,False,True,0
143,7,2,4,0,1,6,0.500,True,True,0
144,7,1,3,0,1,6,0.333,False,True,0
145,7,3,2,0,1,6,1.500,False,False,0
146,7,4,2,0,1,6,2.000,False,False,0
147,7,4,0,0,1,6,6.000,False,False,0
148,7,4,1,0,0,6,4.000,False,True,0
149,7,1,3,0,1,6,0.333,False,True,0
150,7,4,2,0,1,6,2.000,False,False,0
151,7,4,0,0,1,6,6.000,False,False,0
152,7,3,1,0,0,6,3.000,False,True,0
153,7,1,4,0,1,6,0.250,False,True,0
154,7,1,4,0,1,6,0.250,False,True,0
155,7,5,1,0,1,6,5.000,False,False,0
156,7,5,0,0,1,6,6.000,False,False,0
157,7,2,1,0,1,6,2.000,False,True,0
158,7,1,4,0,0,6,0.250,False,True,0
159,7,3,2,0,1,6,1.500,False,False,0
160,7,2,2,0,1,6,1.000,False,True,0
161,7,3,2,0,1,6,1.500,False,False,0
162,7,3,3,0,0,6,1.000,True,True,0
163,7,1,3,0,1,6,0.333,False,True,0
164,7,1,4,0,1,6,0.250,True,True,0
165,7,1,4,1,1,6,0.250,True,True,0
166,7,5,1,0,1,6,5.000,True,False,0
167,7,4,0,0,0,6,6.000,False,False,0
168,7,3,2,0,1,6,1.500,False,True,0
169,7,1,3,0,1,6,0.333,False,True,0
170,7,1,4,0,1,6,0.250,True,True,0
171,7,4,2,0,1,6,2.000,False,False,0
172,7,4,2,0,1,6,2.000,False,True,0
173,7,3,1,0,1,6,3.000,False,False,0
174,7,3,3,0,0,6,1.000,True,True,0
175,7,1,2,0,1,6,0.500,False,True,0
176,7,3,3,0,1,6,1.000,True,False,0
177,7,3,2,0,1,6,1.500,False,False,0
178,7,3,2,0,1,6,1.500,False,True,0
179,7,2,1,1,1,6,2.000,False,False,0
180,7,2,3,0,1,6,0.667,False,True,0
181,7,2,3,0,0,6,0.667,False,True,0
182,7,2,3,0,1,6,0.667,False,True,0
183,7,3,2,0,1,6,1.500,False,False,0
184,7,4,1,0,1,6,4.000,False,False,0
185,7,3,1,0,1,6,3.000,False,True,0
186,7,3,3,0,0,6,1.000,True,True,0
187,7,2,3,0,1,6,0.667,False,True,0
188,7,3,2,0,1,6,1.500,False,False,0
189,7,3,2,0,1,6,1.500,False,True,0
190,7,2,3,0,1,6,0.667,False,True,0
191,7,2,2,0,1,6,1.000,False,False,0
192,7,3,3,0,1,6,1.000,True,True,0
193,7,2,1,1,1,6,2.000,False,False,0
194,7,5,1,0,0,6,5.000,False,False,0
195,7,3,2,0,1,6,1.500,False,True,0
196,7,3,1,0,1,6,3.000,False,False,0
197,7,2,2,0,1,6,1.000,False,True,0
198,7,2,3,0,1,6,0.667,False,True,0
199,7,3,2,0,1,6,1.500,False,False,0
200,7,3,3,0,0,6,1.000,True,True,0
201,7,2,3,0,1,6,0.667,False,True,0
202,7,1,3,0,1,6,0.333,False,True,0
203,7,4,2,0,1,6,2.000,False,False,0
204,7,4,2,0,1,6,2.000,False,True,0
205,7,3,0,0,0,6,6.000,False,False,0
206,7,2,3,0,1,6,0.667,False,True,0
207,7,1,4,0,1,6,0.250,True,True,0
208,7,2,3,1,1,6,0.667,True,False,0
209,7,2,2,1,1,6,1.000,False,False,0
210,7,5,1,0,1,6,5.000,False,False,0
211,7,3,1,0,0,6,3.000,False,True,0
212,7,2,3,0,1,6,0.667,False,True,0
213,7,2,3,0,1,6,0.667,False,True,0
214,7,2,2,0,1,6,1.000,False,False,0
215,7,3,3,0,0,6,1.000,False,True,0
216,7,2,2,0,1,6,1.000,False,True,0
217,7,1,4,0,1,6,0.250,False,True,0
218,7,2,3,0,1,6,0.667,False,False,0
219,7,3,3,0,1,6,1.000,True,False,0
220,7,4,1,0,0,6,4.000,False,False,0
221,7,4,1,0,1,6,4.000,False,True,0
222,7,5,1,0,1,6,5.000,False,False,0
223,7,1,1,0,1,6,1.000,False,True,0
224,7,1,5,0,1,6,0.200,True,True,0
225,7,1,4,0,1,6,0.250,False,False,0
226,7,4,1,1,1,6,4.000,False,False,0
227,7,6,0,0,0,6,6.000,False,False,0
228,7,2,0,0,1,6,6.000,False,True,0
229,7,0,4,0,1,6,0.000,False,True,0
230,7,0,6,0,1,6,0.000,True,True,0
231,7,2,3,1,1,6,0.667,False,False,0
232,7,4,0,0,1,6,6.000,False,False,0
233,7,2,3,0,0,6,0.667,False,True,0
234,7,2,3,0,1,6,0.667,False,True,0
235,7,1,3,0,1,6,0.333,False,True,0
236,7,3,3,0,1,6,1.000,False,False,0
237,7,5,1,0,1,6,5.000,False,False,0
238,7,3,1,0,1,6,3.000,False,True,0
239,7,2,3,0,0,6,0.667,False,True,0
240,7,2,3,0,1,6,0.667,False,True,0
241,7,2,3,0,1,6,0.667,False,True,0
242,7,5,1,0,1,6,5.000,False,False,0
243,7,4,0,0,1,6,6.000,False,False,0
244,7,3,2,0,1,6,1.500,False,True,0
245,7,1,3,0,0,6,0.333,False,True,0
246,7,3,3,0,1,6,1.000,False,False,0
247,7,3,2,0,1,6,1.500,False,False,1
248,7,4,2,0,1,6,2.000,False,False,1
249,7,3,1,0,1,6,3.000,False,False,1
250,7,2,2,0,1,6,1.000,False,True,1
251,7,3,3,0,1,6,1.000,False,True,1
252,7,3,3,0,1,6,1.000,False,True,1
253,7,3,5,0,1,6,0.600,True,True,1
254,7,2,5,0,0,6,0.400,True,True,1
255,7,3,6,0,1,6,0.500,True,False,1
256,7,2,6,0,1,6,0.333,True,True,1
257,7,1,6,0,1,6,0.167,True,True,1
258,7,3,6,0,1,6,0.500,True,False,1
259,7,5,7,0,1,6,0.714,True,False,1
260,7,4,5,0,1,6,0.800,True,False,1
261,7,2,4,0,0,6,0.500,False,True,1
262,7,2,7,0,1,6,0.286,True,True,1
263,7,5,6,0,1,6,0.833,True,False,1
264,7,4,5,0,1,6,0.800,True,True,1
265,7,3,5,0,0,6,0.600,True,True,1
266,7,3,6,0,1,6,0.500,True,True,1
267,7,5,7,0,1,6,0.714,True,False,1
268,7,3,4,0,1,6,0.750,False,False,1
269,7,3,6,1,0,6,0.500,True,True,1
270,7,0,4,0,1,6,0.000,False,True,1
271,7,1,7,1,1,6,0.143,True,False,1
272,7,2,6,0,0,6,0.333,True,False,1
273,7,2,6,1,1,6,0.333,True,True,1
274,7,2,6,1,1,6,0.333,True,True,1
275,7,3,5,0,1,6,0.600,True,False,1
276,7,1,6,1,1,6,0.167,True,True,1
277,7,3,6,2,0,6,0.500,True,False,1
278,7,1,6,1,1,6,0.167,True,True,1
279,7,1,5,1,1,6,0.200,False,False,1
280,7,1,5,0,1,6,0.200,False,True,1
281,7,2,8,0,1,6,0.250,True,False,1
282,7,1,8,2,1,6,0.125,True,True,1
283,7,1,4,0,0,6,0.250,False,False,1
284,7,1,9,0,1,6,0.111,True,True,1
285,7,0,5,1,1,6,0.000,False,True,1
286,7,0,7,0,1,6,0.000,True,True,1
287,7,0,10,0,1,6,0.000,True,True,1
288,7,0,8,0,0,6,0.000,True,True,1
289,7,0,10,0,1,6,0.000,True,True,1
290,7,0,7,0,1,6,0.000,True,True,1
291,7,0,8,0,1,6,0.000,True,True,1
292,7,0,7,1,1,6,0.000,True,True,1
293,7,2,10,0,0,6,0.200,True,False,1
294,7,1,5,0,1,6,0.200,False,True,1
295,7,0,5,1,1,6,0.000,False,True,1
296,7,0,7,0,0,6,0.000,True,True,1
297,7,1,8,0,1,6,0.125,True,False,1
298,7,3,8,0,1,6,0.375,True,False,1
299,7,3,7,1,1,6,0.429,True,False,1
300,7,2,3,0,1,6,0.667,False,False,1
301,7,0,6,1,1,6,0.000,False,True,1
302,7,0,8,0,1,6,0.000,True,True,1
303,7,4,6,0,0,6,0.667,True,False,1
304,7,3,6,1,1,6,0.500,True,True,1
305,7,3,5,0,1,6,0.600,False,False,1
306,7,3,5,0,1,6,0.600,False,True,1
307,7,2,8,0,1,6,0.250,True,True,1
308,7,2,6,0,0,6,0.333,False,False,1
309,7,3,6,0,1,6,0.500,True,False,1
310,7,6,7,0,1,6,0.857,True,False,1
311,7,4,5,0,1,6,0.800,False,True,1
312,7,2,5,1,0,6,0.400,False,True,1
313,7,2,5,0,1,6,0.400,False,True,1
314,7,1,7,0,1,6,0.143,False,True,1
315,7,4,5,0,0,6,0.800,False,False,1
316,7,2,6,0,1,6,0.333,False,True,1
317,7,2,6,0,1,6,0.333,False,True,1
318,7,3,6,0,1,6,0.500,False,False,1
319,7,2,6,0,1,6,0.333,False,True,1
320,7,2,6,0,0,6,0.333,False,True,1
321,7,2,7,0,1,6,0.286,True,True,1
322,7,4,5,0,1,6,0.800,False,False,1
323,7,3,2,0,1,6,1.500,False,False,1
324,7,3,4,0,0,6,0.750,False,True,1
325,7,3,3,0,1,6,1.000,False,False,1
326,7,3,2,0,1,6,1.500,False,False,1
327,7,3,2,0,1,6,1.500,False,True,1
328,7,3,1,0,1,6,3.000,False,False,0
329,7,3,3,0,1,6,1.000,False,True,0
330,7,4,1,0,0,6,4.000,False,False,0
331,7,2,1,0,1,6,2.000,False,True,0
332,7,2,4,0,1,6,0.500,False,True,0
333,7,3,2,0,1,6,1.500,False,False,0
334,7,4,1,0,1,6,4.000,False,False,0
335,7,5,1,0,0,6,5.000,False,False,0
336,7,3,1,0,1,6,3.000,False,True,0
337,7,0,3,0,1,6,0.000,False,True,0
338,7,0,6,0,1,6,0.000,False,True,0
339,7,5,1,0,1,6,5.000,False,False,0
340,7,3,0,0,1,6,6.000,False,False,0
341,7,4,2,0,1,6,2.000,False,True,0
342,7,5,0,0,1,6,6.000,False,False,0
343,7,4,0,0,0,6,6.000,False,True,0
344,7,3,3,0,1,6,1.000,False,True,0
345,7,4,1,0,1,6,4.000,False,False,0
346,7,2,2,0,1,6,1.000,False,True,0
347,7,4,1,0,1,6,4.000,False,False,0
348,7,3,2,0,0,6,1.500,False,True,0
349,7,3,3,0,1,6,1.000,False,True,0
350,7,5,0,0,1,6,6.000,False,False,0
351,7,2,1,0,1,6,2.000,False,True,0
352,7,2,3,0,1,6,0.667,False,True,0
353,7,2,3,0,0,6,0.667,False,True,0
354,7,3,3,0,1,6,1.000,False,False,0
355,7,4,1,0,1,6,4.000,False,False,0
356,7,4,2,0,1,6,2.000,False,True,0
357,7,2,2,0,1,6,1.000,False,True,0
358,7,2,2,0,1,6,1.000,False,True,0
359,7,3,2,0,0,6,1.500,False,False,0
360,7,1,4,0,1,6,0.250,False,True,0
361,7,2,3,0,1,6,0.667,False,False,0
362,7,1,4,0,1,6,0.250,False,True,0
363,7,2,3,0,1,6,0.667,False,False,0
364,7,4,2,0,0,6,2.000,False,False,0
365,7,3,3,0,1,6,1.000,False,True,0
366,7,1,2,0,1,6,0.500,False,True,0
367,7,1,4,0,1,6,0.250,False,True,0
368,7,2,3,0,1,6,0.667,False,False,0
369,7,5,1,0,1,6,5.000,False,False,0
370,7,5,0,0,0,6,6.000,False,False,0
371,7,1,2,0,1,6,0.500,False,True,0
372,7,0,5,0,1,6,0.000,False,True,0
373,7,2,4,0,1,6,0.500,False,False,0
374,7,4,1,0,1,6,4.000,False,False,0
375,7,6,0,0,1,6,6.000,False,False,0
376,7,5,0,0,1,6,6.000,False,True,0
377,7,4,0,0,0,6,6.000,False,True,0
378,7,2,2,0,1,6,1.000,False,True,0
379,7,1,3,0,1,6,0.333,False,True,0
380,7,3,3,0,1,6,1.000,False,False,0
381,7,5,1,0,1,6,5.000,False,False,0
382,7,3,0,0,0,6,6.000,False,False,0
383,7,3,3,0,1,6,1.000,False,True,0
384,7,3,2,0,1,6,1.500,False,False,0
385,7,3,2,0,1,6,1.500,False,True,0
386,7,2,2,0,1,6,1.000,False,True,0
387,7,3,1,0,1,6,3.000,False,False,0
388,7,1,4,0,1,6,0.250,False,True,0
389,7,5,1,0,0,6,5.000,False,False,0
390,7,3,2,0,1,6,1.500,False,True,0
391,7,5,0,0,1,6,6.000,False,False,0
392,7,3,1,0,0,6,3.000,False,True,0
393,7,3,2,0,1,6,1.500,False,True,0
394,7,2,2,0,1,6,1.000,False,True,0
395,7,3,2,0,1,6,1.500,False,False,0
396,7,3,3,0,1,6,1.000,False,True,0
397,7,3,1,0,1,6,3.000,False,False,0
398,7,3,3,0,1,6,1.000,False,True,0
399,7,4,0,0,0,6,6.000,False,False,0
400,7,2,3,0,1,6,0.667,False,True,0
401,7,0,4,0,1,6,0.000,False,True,0
402,7,3,3,0,1,6,1.000,False,False,0
403,7,4,0,0,1,6,6.000,False,False,0
404,7,4,2,0,0,6,2.000,False,True,0
405,7,3,1,0,1,6,3.000,False,False,0
406,7,2,2,0,1,6,1.000,False,True,0
407,7,2,3,0,1,6,0.667,False,True,0
408,7,2,3,0,1,6,0.667,False,True,0
409,7,3,2,0,1,6,1.500,False,False,0
410,7,2,3,0,0,6,0.667,False,True,0
411,7,0,4,0,1,6,0.000,False,True,0
412,7,1,4,1,1,6,0.250,False,False,0
413,7,3,1,1,0,6,3.000,False,False,0
414,7,3,2,0,1,6,1.500,False,True,0
415,7,3,3,0,1,6,1.000,False,True,0
416,7,1,2,0,1,6,0.500,False,True,0
417,7,2,4,0,1,6,0.500,False,True,0
418,7,3,2,0,1,6,1.500,False,False,0
419,7,2,1,1,0,6,2.000,False,False,0
420,7,3,3,0,1,6,1.000,False,True,0
421,7,2,2,0,1,6,1.000,False,True,0
422,7,3,2,0,1,6,1.500,False,False,0
423,7,1,3,0,1,6,0.333,False,True,0
424,7,1,4,1,1,6,0.250,False,True,0
425,7,4,1,0,1,6,4.000,False,False,0
426,7,5,1,0,1,6,5.000,False,False,0
427,7,2,0,0,0,6,6.000,False,False,0
428,7,2,4,0,1,6,0.500,False,True,0
429,7,3,2,0,1,6,1.500,False,False,0
430,7,6,0,0,1,6,6.000,False,False,0
431,7,4,0,0,1,6,6.000,False,True,0
432,7,4,1,0,0,6,4.000,False,True,0
433,7,4,2,0,1,6,2.000,False,True,0
434,7,3,0,0,1,6,6.000,False,False,0
435,7,2,2,1,0,6,1.000,False,True,0
436,7,3,3,0,1,6,1.000,False,True,0
437,7,3,1,0,1,6,3.000,False,False,0
438,7,2,2,0,1,6,1.000,False,True,0
439,7,3,2,0,1,6,1.500,False,False,0
440,7,1,3,0,1,6,0.333,False,True,0
441,7,1,3,1,0,6,0.333,False,True,0
442,7,1,4,0,1,6,0.250,False,True,0
443,7,4,2,0,1,6,2.000,False,False,0
444,7,4,1,0,1,6,4.000,False,False,0
445,7,5,0,0,0,6,6.000,False,False,0
446,7,3,1,0,1,6,3.000,False,True,0
447,7,1,3,0,1,6,0.333,False,True,0
448,7,3,3,0,1,6,1.000,False,False,0
449,7,5,1,0,1,6,5.000,False,False,0
450,7,4,0,0,1,6,6.000,False,False,0
451,7,5,1,0,0,6,5.000,False,True,0
452,7,3,1,0,1,6,3.000,False,True,0
453,7,2,3,0,1,6,0.667,False,True,0
454,7,2,3,0,0,6,0.667,False,True,0
455,7,4,2,0,1,6,2.000,False,False,0
456,7,3,1,0,1,6,3.000,False,False,0
457,7,1,3,0,1,6,0.333,False,True,0
458,7,1,5,0,0,6,0.200,False,True,0
459,7,2,3,0,1,6,0.667,False,False,0
460,7,2,4,0,1,6,0.500,False,True,0
461,7,3,2,0,1,6,1.500,False,False,0
462,7,4,0,0,1,6,6.000,False,False,0
463,7,2,3,0,1,6,0.667,False,True,0
464,7,2,2,1,0,6,1.000,False,False,0
465,7,2,3,0,1,6,0.667,False,True,0
466,7,4,2,0,1,6,2.000,False,False,0
467,7,2,2,0,1,6,1.000,False,True,0
468,7,2,3,0,1,6,0.667,False,True,0
469,7,3,2,0,1,6,1.500,False,False,0
470,7,3,2,1,0,6,1.500,False,True,0
471,7,4,1,0,1,6,4.000,False,False,0
472,7,2,2,0,1,6,1.000,False,True,0
473,7,3,2,0,1,6,1.500,False,False,0
474,7,3,2,0,1,6,1.500,False,True,0
475,7,0,4,0,0,6,0.000,False,True,0
476,7,2,4,0,1,6,0.500,False,False,0
477,7,4,2,0,1,6,2.000,False,False,0
478,7,3,2,0,1,6,1.500,False,True,0
479,7,2,1,0,1,6,2.000,False,False,0
480,7,4,2,0,1,6,2.000,False,True,0
481,7,4,0,0,0,6,6.000,False,False,0
482,7,3,2,0,1,6,1.500,False,True,0
483,7,1,3,0,1,6,0.333,False,True,0
484,7,2,4,0,1,6,0.500,False,False,0
485,7,2,2,0,0,6,1.000,False,False,0
486,7,2,3,0,1,6,0.667,False,True,0
487,7,3,2,0,1,6,1.500,False,False,0
488,7,4,1,1,1,6,4.000,False,False,0
489,7,6,0,0,1,6,6.000,False,False,0
490,7,3,0,0,0,6,6.000,False,True,0
491,7,1,3,0,1,6,0.333,False,True,0
492,7,1,5,0,1,6,0.200,False,True,0
493,7,4,1,0,1,6,4.000,False,False,0
494,7,5,0,0,1,6,6.000,False,False,0
495,7,4,1,0,0,6,4.000,False,True,0
496,7,3,2,0,1,6,1.500,False,True,0
497,7,1,2,0,1,6,0.500,False,True,0
498,7,0,5,0,1,6,0.000,False,True,0
499,7,1,5,0,1,6,0.200,False,False,0
500,7,6,0,0,1,6,6.000,False,False,0
501,7,2,0,0,1,6,6.000,False,True,0
502,7,0,3,1,1,6,0.000,False,True,0
503,7,1,4,1,0,6,0.250,False,False,0
504,7,3,3,0,1,6,1.000,False,False,0
505,7,5,0,0,1,6,6.000,False,False,0
506,7,3,1,0,1,6,3.000,False,True,0
507,7,0,3,0,1,6,0.000,False,True,0
508,7,0,6,0,0,6,0.000,False,True,0
509,7,3,3,0,1,6,1.000,False,False,0
510,7,1,3,0,1,6,0.333,False,True,0
511,7,4,2,0,1,6,2.000,False,False,0
512,7,3,1,0,1,6,3.000,False,False,0
513,7,3,3,0,1,6,1.000,False,True,0
514,7,2,2,0,1,6,1.000,False,True,0
515,7,4,2,0,0,6,2.000,False,False,0
516,7,1,3,0,1,6,0.333,False,True,0
517,7,3,2,0,1,6,1.500,False,False,0
518,7,3,2,0,1,6,1.500,False,True,0
519,7,3,3,0,0,6,1.000,False,True,0
520,7,3,2,0,1,6,1.500,False,False,0
521,7,1,3,0,1,6,0.333,False,True,0
522,7,0,5,0,1,6,0.000,False,True,0
523,7,3,3,0,1,6,1.000,False,False,0
524,7,5,0,0,0,6,6.000,False,False,0
525,7,5,1,0,1,6,5.000,False,True,0
526,7,0,1,0,1,6,0.000,False,True,0
527,7,1,5,0,1,6,0.200,False,False,0
528,7,3,3,0,1,6,1.000,False,False,0
529,7,3,2,0,0,6,1.500,False,False,0
530,7,4,2,0,1,6,2.000,False,False,0
531,7,4,1,0,1,6,4.000,False,False,0
532,7,3,0,0,1,6,6.000,False,False,0
533,7,1,3,1,1,6,0.333,False,True,0
534,7,1,3,1,0,6,0.333,False,True,0
535,7,2,4,0,1,6,0.500,False,False,0
536,7,2,3,0,1,6,0.667,False,False,0
537,7,4,0,0,1,6,6.000,False,False,0
538,7,4,2,0,1,6,2.000,False,True,0
539,7,4,1,0,0,6,4.000,False,False,0
540,7,2,2,0,1,6,1.000,False,True,0
541,7,3,3,0,1,6,1.000,False,True,0
542,7,2,2,0,1,6,1.000,False,True,0
543,7,2,2,0,1,6,1.000,False,True,0
544,7,2,3,0,1,6,0.667,False,True,0
545,7,3,3,0,1,6,1.000,False,False,0
546,7,5,1,0,1,6,5.000,False,False,0
547,7,4,0,0,1,6,6.000,False,False,0
548,7,3,1,0,0,6,3.000,False,True,0
549,7,2,3,0,1,6,0.667,False,True,0
550,7,1,3,0,1,6,0.333,False,True,0
551,7,3,3,0,1,6,1.000,False,False,0
552,7,3,2,0,1,6,1.500,False,False,0
553,7,3,1,0,0,6,3.000,False,False,0
554,7,1,4,0,1,6,0.250,False,True,0
555,7,2,3,0,1,6,0.667,False,False,0
556,7,5,1,0,1,6,5.000,False,False,0
557,7,2,0,0,1,6,6.000,False,False,0
558,7,0,3,1,1,6,0.000,False,True,0
559,7,1,5,0,1,6,0.200,False,False,0
560,7,2,4,0,1,6,0.500,False,False,0
561,7,5,0,0,0,6,6.000,False,False,0
562,7,3,1,0,1,6,3.000,False,True,0
563,7,1,3,0,1,6,0.333,False,True,0
564,7,1,5,0,1,6,0.200,False,True,0
565,7,2,3,0,1,6,0.667,False,False,0
566,7,2,4,0,1,6,0.500,False,True,0
567,7,3,3,0,1,6,1.000,False,False,0
568,7,4,0,0,0,6,6.000,False,False,0
569,7,2,2,0,1,6,1.000,False,True,0
570,7,2,4,0,1,6,0.500,False,True,0
571,7,2,2,0,1,6,1.000,False,False,0
572,7,2,3,0,1,6,0.667,False,True,0
573,7,2,3,1,1,6,0.667,False,True,0
574,7,3,1,0,0,6,3.000,False,False,0
575,7,2,3,0,1,6,0.667,False,True,0
576,7,1,3,1,1,6,0.333,False,True,0
577,7,5,0,0,1,6,6.000,False,False,0
578,7,4,1,0,1,6,4.000,False,True,0
579,7,3,1,0,0,6,3.000,False,True,0
580,7,2,3,0,1,6,0.667,False,True,1
581,7,2,3,1,1,6,0.667,False,True,1
582,7,4,2,0,1,6,2.000,False,False,1
583,7,4,0,0,1,6,6.000,False,False,1
584,7,3,1,0,0,6,3.000,False,True,1
585,7,2,5,0,1,6,0.400,True,True,1
586,7,2,4,1,1,6,0.500,False,False,1
587,7,4,5,0,1,6,0.800,True,False,1
588,7,3,4,0,0,6,0.750,False,True,1
589,7,1,5,0,1,6,0.200,False,True,1
590,7,1,7,0,1,6,0.143,True,True,1
591,7,1,6,0,1,6,0.167,True,True,1
592,7,3,6,1,1,6,0.500,True,False,1
593,7,5,6,0,0,6,0.833,True,False,1
594,7,3,5,0,1,6,0.600,True,True,1
595,7,1,5,0,1,6,0.200,False,True,1
596,7,2,7,0,1,6,0.286,True,False,1
597,7,5,6,0,1,6,0.833,True,False,1
598,7,4,5,0,1,6,0.800,True,True,1
599,7,3,8,0,1,6,0.375,True,True,1
600,7,1,6,0,1,6,0.167,True,True,1
601,7,5,7,0,1,6,0.714,True,False,1
602,7,3,4,0,0,6,0.750,False,False,1
603,7,2,6,0,1,6,0.333,True,True,1
604,7,1,5,0,1,6,0.200,False,True,1
605,7,1,8,0,1,6,0.125,True,True,1
606,7,1,7,1,0,6,0.143,True,True,1
607,7,3,6,1,1,6,0.500,True,False,1
608,7,3,5,1,1,6,0.600,True,False,1
609,7,3,6,0,1,6,0.500,True,True,1
610,7,0,7,0,1,6,0.000,True,True,1
611,7,1,8,0,0,6,0.125,True,False,1
612,7,4,6,0,1,6,0.667,True,False,1
613,7,2,5,0,1,6,0.400,False,True,1
614,7,0,7,0,1,6,0.000,True,True,1
615,7,0,8,0,0,6,0.000,True,True,1
616,7,1,6,0,1,6,0.167,True,False,1
617,7,1,8,0,1,6,0.125,True,True,1
618,7,0,9,1,1,6,0.000,True,True,1
619,7,0,9,0,1,6,0.000,True,True,1
620,7,0,6,0,0,6,0.000,False,True,1
621,7,0,10,0,1,6,0.000,True,True,1
622,7,0,9,0,1,6,0.000,True,True,1
623,7,1,9,0,1,6,0.111,True,False,1
624,7,0,8,0,1,6,0.000,True,True,1
625,7,0,8,1,0,6,0.000,True,True,1
626,7,1,6,0,1,6,0.167,True,False,1
627,7,1,9,0,1,6,0.111,True,True,1
628,7,1,8,2,1,6,0.125,True,True,1
629,7,2,6,1,1,6,0.333,True,False,1
630,7,1,5,0,0,6,0.200,False,True,1
631,7,1,6,0,1,6,0.167,True,True,1
632,7,2,7,1,1,6,0.286,True,False,1
633,7,3,7,1,1,6,0.429,True,False,1
634,7,2,4,0,1,6,0.500,False,False,1
635,7,1,7,1,1,6,0.143,True,True,1
636,7,2,5,1,0,6,0.400,False,False,1
637,7,3,6,0,1,6,0.500,True,False,1
638,7,3,7,0,1,6,0.429,True,True,1
639,7,3,5,0,1,6,0.600,True,False,1
640,7,3,7,0,1,6,0.429,True,True,1
641,7,3,5,0,1,6,0.600,True,False,1
642,7,5,6,0,0,6,0.833,True,False,1
643,7,3,6,0,1,6,0.500,True,True,1
644,7,1,4,0,1,6,0.250,False,True,1
645,7,2,7,0,1,6,0.286,True,False,1
646,7,2,6,0,1,6,0.333,True,False,1
647,7,3,6,0,1,6,0.500,True,False,1
648,7,4,7,0,1,6,0.571,True,False,1
649,7,4,5,0,1,6,0.800,True,False,1
650,7,2,4,0,0,6,0.500,False,True,1
651,7,1,6,0,1,6,0.167,True,True,1
652,7,2,7,0,1,6,0.286,True,False,1
653,7,5,4,0,1,6,1.250,True,False,1
654,7,5,3,0,1,6,1.667,False,False,1
655,7,1,3,0,0,6,0.333,False,True,1
656,7,1,5,0,1,6,0.200,False,True,1
657,7,2,6,0,1,6,0.333,True,False,1
658,7,2,5,0,1,6,0.400,False,False,1
659,7,4,1,0,0,6,4.000,False,False,1
660,7,2,2,0,1,6,1.000,False,True,0
661,7,2,4,0,1,6,0.500,False,True,0
662,7,5,0,0,1,6,6.000,False,False,0
663,7,5,0,0,1,6,6.000,False,True,0
664,7,2,1,0,0,6,2.000,False,True,0
665,7,2,4,0,1,6,0.500,False,True,0
666,7,2,3,0,1,6,0.667,False,False,0
667,7,3,3,0,1,6,1.000,False,False,0
668,7,3,1,0,0,6,3.000,False,False,0
669,7,2,3,0,1,6,0.667,False,True,0
670,7,3,3,0,1,6,1.000,False,False,0
671,7,3,1,0,1,6,3.000,False,False,0
672,7,1,3,0,1,6,0.333,False,True,0
673,7,4,2,0,1,6,2.000,False,False,0
674,7,3,1,0,0,6,3.000,False,False,0
675,7,3,2,0,1,6,1.500,False,True,0
676,7,6,0,0,1,6,6.000,False,False,0
677,7,4,0,0,0,6,6.000,False,True,0
678,7,2,2,0,1,6,1.000,False,True,0
679,7,1,4,0,1,6,0.250,False,True,0
680,7,5,0,0,1,6,6.000,False,False,0
681,7,5,1,0,1,6,5.000,False,True,0
682,7,3,1,0,0,6,3.000,False,True,0
683,7,3,2,0,1,6,1.500,False,True,0
684,7,2,2,0,1,6,1.000,False,True,0
685,7,3,3,0,1,6,1.000,False,True,0
686,7,3,2,0,1,6,1.500,False,False,0
687,7,3,1,0,0,6,3.000,False,False,0
688,7,3,3,0,1,6,1.000,False,True,0
689,7,6,0,0,1,6,6.000,False,False,0
690,7,3,0,0,1,6,6.000,False,True,0
691,7,2,2,0,1,6,1.000,False,True,0
692,7,1,3,1,0,6,0.333,False,True,0
693,7,1,4,0,1,6,0.250,False,True,0
694,7,5,1,0,1,6,5.000,False,False,0
695,7,2,0,0,1,6,6.000,False,False,0
696,7,1,3,1,1,6,0.333,False,True,0
697,7,2,3,1,0,6,0.667,False,False,0
698,7,2,4,0,1,6,0.500,False,True,0
699,7,3,2,0,1,6,1.500,False,False,0
700,7,6,0,0,1,6,6.000,False,False,0
701,7,2,0,0,1,6,6.000,False,True,0
702,7,1,4,0,1,6,0.250,False,True,0
703,7,4,2,0,0,6,2.000,False,False,0
704,7,3,1,0,1,6,3.000,False,False,0
705,7,1,3,0,1,6,0.333,False,True,0
706,7,2,3,0,1,6,0.667,False,False,0
707,7,3,2,0,0,6,1.500,False,False,0
708,7,3,3,0,1,6,1.000,False,True,0
709,7,4,2,0,1,6,2.000,False,False,0
710,7,4,0,0,1,6,6.000,False,False,0
711,7,2,1,0,1,6,2.000,False,True,0
712,7,2,3,0,1,6,0.667,False,True,0
713,7,0,4,1,0,6,0.000,False,True,0
714,7,1,5,0,1,6,0.200,False,False,0
715,7,3,3,0,1,6,1.000,False,False,0
716,7,5,0,0,1,6,6.000,False,False,0
717,7,5,0,0,1,6,6.000,False,True,0
718,7,1,1,0,0,6,1.000,False,True,0
719,7,0,6,0,1,6,0.000,False,True,0
720,7,0,6,0,1,6,0.000,False,True,0
721,7,3,3,0,1,6,1.000,False,False,0
722,7,5,1,0,1,6,5.000,False,False,0
723,7,4,0,0,1,6,6.000,False,False,0
724,7,3,1,0,1,6,3.000,False,True,0
725,7,1,4,0,0,6,0.250,False,True,0
726,7,3,3,0,1,6,1.000,False,False,0
727,7,2,2,0,1,6,1.000,False,True,0
728,7,2,3,0,1,6,0.667,False,True,0
729,7,1,3,0,0,6,0.333,False,True,0
730,7,2,4,0,1,6,0.500,False,False,0
731,7,2,3,0,1,6,0.667,False,False,0
732,7,5,0,0,0,6,6.000,False,False,0
733,7,3,2,0,1,6,1.500,False,True,0
734,7,0,3,0,1,6,0.000,False,True,0
735,7,2,4,0,1,6,0.500,False,False,0
736,7,3,2,0,1,6,1.500,False,False,0
737,7,5,1,0,0,6,5.000,False,False,0
738,7,3,1,0,1,6,3.000,False,True,0
739,7,3,3,0,1,6,1.000,False,True,0
740,7,1,2,0,1,6,0.500,False,True,0
741,7,2,4,0,1,6,0.500,False,True,0
742,7,4,1,0,1,6,4.000,False,False,0
743,7,5,1,0,0,6,5.000,False,False,0
744,7,1,1,0,1,6,1.000,False,True,0
745,7,3,3,0,1,6,1.000,False,True,0
746,7,3,2,0,1,6,1.500,False,False,0
747,7,4,2,0,1,6,2.000,False,False,0
748,7,4,0,0,0,6,6.000,False,False,0
749,7,3,2,0,1,6,1.500,False,True,0
750,7,1,3,0,1,6,0.333,False,True,0
751,7,2,4,0,1,6,0.500,False,False,0
752,7,4,1,0,1,6,4.000,False,False,0
753,7,0,2,0,1,6,0.000,False,True,0
754,7,1,4,1,1,6,0.250,False,False,0
755,7,2,3,1,0,6,0.667,False,False,0
756,7,2,3,0,1,6,0.667,False,True,0
757,7,5,1,0,1,6,5.000,False,False,0
758,7,3,1,0,1,6,3.000,False,True,0
759,7,1,3,0,1,6,0.333,False,True,0
760,7,3,2,0,1,6,1.500,False,False,0
761,7,4,2,0,1,6,2.000,False,False,0
762,7,4,0,0,1,6,6.000,False,False,0
763,7,3,1,0,0,6,3.000,False,True,0
764,7,0,4,0,1,6,0.000,False,True,0
765,7,3,3,0,1,6,1.000,False,False,0
766,7,3,1,1,1,6,3.000,False,False,0
767,7,1,2,0,1,6,0.500,False,True,0
768,7,1,4,0,0,6,0.250,False,True,0
769,7,0,5,0,1,6,0.000,False,True,0
770,7,2,4,0,1,6,0.500,False,False,0
771,7,6,0,0,1,6,6.000,False,False,0
772,7,5,0,0,1,6,6.000,False,True,0
773,7,4,0,0,1,6,6.000,False,True,0
774,7,1,2,0,0,6,0.500,False,True,0
775,7,0,6,0,1,6,0.000,False,True,0
776,7,2,4,0,1,6,0.500,False,False,0
777,7,2,3,0,1,6,0.667,False,False,0
778,7,2,2,0,1,6,1.000,False,False,0
779,7,4,2,0,1,6,2.000,False,False,0
780,7,1,2,0,0,6,0.500,False,True,0
781,7,2,4,0,1,6,0.500,False,True,0
782,7,5,1,0,1,6,5.000,False,False,0
783,7,3,1,0,1,6,3.000,False,True,0
784,7,3,2,0,1,6,1.500,False,True,0
785,7,4,2,0,0,6,2.000,False,False,0
786,7,2,3,0,1,6,0.667,False,True,0
787,7,1,3,0,1,6,0.333,False,True,0
788,7,3,3,0,1,6,1.000,False,False,0
789,7,4,1,0,1,6,4.000,False,False,0
790,7,2,2,0,0,6,1.000,False,True,0
791,7,3,3,0,1,6,1.000,False,True,0
792,7,2,2,0,1,6,1.000,False,True,0
793,7,3,3,0,1,6,1.000,False,True,0
794,7,4,1,0,0,6,4.000,False,False,0
795,7,1,2,0,1,6,0.500,False,True,0
796,7,2,3,1,1,6,0.667,False,False,0
797,7,3,2,0,1,6,1.500,False,False,0
798,7,4,0,0,1,6,6.000,False,False,0
799,7,3,2,0,0,6,1.500,False,True,0
800,7,0,4,0,1,6,0.000,False,True,0
801,7,2,4,0,1,6,0.500,False,False,0
802,7,3,3,0,1,6,1.000,False,False,0
803,7,5,0,0,1,6,6.000,False,False,0
804,7,3,0,0,1,6,6.000,False,True,0
805,7,0,3,1,0,6,0.000,False,True,0
806,7,2,4,0,1,6,0.500,False,False,0
807,7,4,2,0,1,6,2.000,False,False,0
808,7,4,0,0,1,6,6.000,False,False,0
809,7,2,1,0,0,6,2.000,False,True,0
810,7,0,5,0,1,6,0.000,False,True,0
811,7,1,5,0,1,6,0.200,False,False,0
812,7,3,3,0,1,6,1.000,False,False,0
813,7,4,1,0,1,6,4.000,False,False,0
814,7,4,0,0,1,6,6.000,False,False,0
815,7,1,3,0,1,6,0.333,False,True,0
816,7,3,2,0,0,6,1.500,False,False,0
817,7,3,3,0,1,6,1.000,False,True,0
818,7,1,2,0,1,6,0.500,False,True,0
819,7,1,3,1,0,6,0.333,False,True,0
820,7,2,3,0,1,6,0.667,False,False,0
821,7,3,3,0,1,6,1.000,False,False,0
822,7,2,2,0,1,6,1.000,False,True,0
823,7,1,3,0,1,6,0.333,False,True,0
824,7,1,3,1,0,6,0.333,False,True,0
825,7,1,4,0,1,6,0.250,False,True,0
826,7,3,3,0,1,6,1.000,False,False,0
827,7,5,1,0,1,6,5.000,False,False,0
828,7,3,0,0,1,6,6.000,False,False,0
829,7,1,2,0,1,6,0.500,False,True,0
830,7,1,5,0,1,6,0.200,False,True,0
831,7,2,3,1,0,6,0.667,False,False,0
832,7,3,3,0,1,6,1.000,False,False,0
833,7,2,1,0,1,6,2.000,False,False,0
834,7,1,4,0,1,6,0.250,False,True,0
835,7,3,3,0,1,6,1.000,False,False,0
836,7,3,2,0,1,6,1.500,False,False,0
837,7,5,0,0,0,6,6.000,False,False,0
838,7,4,2,0,1,6,2.000,False,True,0
839,7,3,1,0,1,6,3.000,False,False,0
840,7,2,2,0,1,6,1.000,False,True,0
841,7,0,5,0,0,6,0.000,False,True,0
842,7,2,4,0,1,6,0.500,False,False,0
843,7,4,2,0,1,6,2.000,False,False,0
844,7,3,2,0,1,6,1.500,False,True,0
845,7,3,1,0,1,6,3.000,False,False,0
846,7,1,3,1,1,6,0.333,False,True,0
847,7,5,1,0,0,6,5.000,False,False,0
848,7,4,1,0,1,6,4.000,False,True,0
849,7,5,0,0,1,6,6.000,False,False,0
850,7,4,1,0,1,6,4.000,False,True,0
851,7,1,2,0,0,6,0.500,False,True,0
852,7,0,5,0,1,6,0.000,False,True,0
853,7,3,3,0,1,6,1.000,False,False,0
854,7,6,0,0,1,6,6.000,False,False,0
855,7,5,0,0,1,6,6.000,False,True,0
856,7,2,0,0,1,6,6.000,False,True,0
857,7,0,4,1,1,6,0.000,False,True,0
858,7,3,3,0,0,6,1.000,False,False,0
859,7,3,1,0,1,6,3.000,False,False,0
860,7,3,2,0,1,6,1.500,False,True,0
861,7,2,2,0,1,6,1.000,False,True,0
862,7,1,4,0,0,6,0.250,False,True,0
863,7,3,3,0,1,6,1.000,False,False,0
864,7,5,1,0,1,6,5.000,False,False,0
865,7,5,0,0,1,6,6.000,False,False,0
866,7,3,0,0,0,6,6.000,False,True,0
867,7,2,3,0,1,6,0.667,False,True,0
868,7,1,4,0,1,6,0.250,False,True,0
869,7,3,3,0,1,6,1.000,False,False,0
870,7,6,0,0,1,6,6.000,False,False,0
871,7,3,1,0,1,6,3.000,False,True,0
872,7,3,1,0,1,6,3.000,False,True,0
873,7,0,3,1,0,6,0.000,False,True,0
874,7,1,5,0,1,6,0.200,False,False,0
875,7,5,1,0,1,6,5.000,False,False,0
876,7,5,0,0,1,6,6.000,False,False,0
877,7,5,0,0,1,6,6.000,False,True,0
878,7,1,1,0,1,6,1.000,False,True,0
879,7,1,5,0,0,6,0.200,False,True,0
880,7,2,4,0,1,6,0.500,False,False,0
881,7,4,1,0,1,6,4.000,False,False,0
882,7,5,0,0,1,6,6.000,False,False,0
883,7,5,0,0,1,6,6.000,False,True,0
884,7,2,1,0,0,6,2.000,False,True,0
885,7,1,4,0,1,6,0.250,False,True,0
886,7,1,5,0,1,6,0.200,False,True,0
887,7,3,2,0,1,6,1.500,False,False,0
888,7,5,0,0,1,6,6.000,False,False,0
889,7,3,0,0,1,6,6.000,False,True,0
890,7,3,3,0,1,6,1.000,False,True,0
891,7,3,2,1,1,6,1.500,False,False,0
892,7,4,0,0,0,6,6.000,False,False,0
893,7,2,3,0,1,6,0.667,False,True,0
894,7,2,3,0,1,6,0.667,False,True,0
895,7,2,3,0,1,6,0.667,False,True,0
896,7,4,1,0,1,6,4.000,False,False,0
897,7,4,2,0,0,6,2.000,False,True,0
898,7,2,1,0,1,6,2.000,False,True,0
899,7,1,4,0,1,6,0.250,False,True,0
900,7,0,5,0,1,6,0.000,False,True,0
901,7,4,2,0,1,6,2.000,False,False,0
902,7,4,2,0,0,6,2.000,False,True,0
903,7,3,2,0,1,6,1.500,False,True,0
904,7,4,0,0,1,6,6.000,False,False,0
905,7,1,2,0,1,6,0.500,False,True,0
906,7,3,3,0,1,6,1.000,False,False,0
907,7,3,3,0,0,6,1.000,False,True,0
908,7,4,0,0,1,6,6.000,False,False,0
909,7,3,2,0,1,6,1.500,False,True,0
910,7,0,3,0,1,6,0.000,False,True,0
911,7,1,4,1,1,6,0.250,False,False,0
912,7,2,3,1,0,6,0.667,False,False,0
913,7,3,1,0,1,6,3.000,False,False,0
914,7,4,2,0,1,6,2.000,False,True,0
915,7,2,2,0,1,6,1.000,False,True,0
916,7,1,2,1,1,6,0.500,False,True,0
917,7,1,5,0,1,6,0.200,False,True,0
918,7,2,3,1,0,6,0.667,False,False,0
919,7,2,2,0,1,6,1.000,False,False,0
920,7,1,4,0,1,6,0.250,False,True,0
921,7,4,2,0,1,6,2.000,False,False,0
922,7,5,0,0,1,6,6.000,False,False,0
923,7,3,1,0,1,6,3.000,False,True,0
924,7,2,2,0,1,6,1.000,False,True,0
925,7,0,4,1,0,6,0.000,False,True,0
926,7,3,3,0,1,6,1.000,False,False,0
927,7,3,3,0,1,6,1.000,False,True,0
928,7,3,2,0,1,6,1.500,False,False,0
929,7,3,2,0,1,6,1.500,False,True,0
930,7,4,0,0,1,6,6.000,False,False,0
931,7,1,2,1,0,6,0.500,False,True,0
932,7,2,4,0,1,6,0.500,False,True,0
933,7,3,2,0,1,6,1.500,False,False,0
934,7,3,2,0,1,6,1.500,False,True,0
935,7,3,3,0,0,6,1.000,False,True,0
936,7,2,3,0,1,6,0.667,False,True,0
937,7,2,2,1,1,6,1.000,False,False,0
938,7,2,2,0,1,6,1.000,False,True,0
939,7,4,1,0,1,6,4.000,False,False,0
940,7,4,1,0,1,6,4.000,False,True,0
941,7,2,1,1,1,6,2.000,False,True,0
942,7,3,2,0,0,6,1.500,False,True,0
943,7,4,2,0,1,6,2.000,False,False,0
944,7,6,0,0,1,6,6.000,False,False,0
945,7,2,0,0,1,6,6.000,False,True,0
946,7,1,3,1,1,6,0.333,False,True,0
947,7,2,3,0,0,6,0.667,False,False,0
948,7,2,3,0,1,6,0.667,False,True,0
949,7,1,4,0,1,6,0.250,False,True,0
950,7,1,4,0,1,6,0.250,False,True,0
951,7,5,1,0,1,6,5.000,False,False,0
952,7,5,0,0,0,6,6.000,False,False,0
953,7,2,2,0,1,6,1.000,False,True,0
954,7,3,2,0,1,6,1.500,False,False,0
955,7,4,2,0,1,6,2.000,False,False,0
956,7,3,1,0,0,6,3.000,False,False,0
957,7,0,4,0,1,6,0.000,False,True,0
958,7,3,3,0,1,6,1.000,False,False,0
959,7,2,2,0,1,6,1.000,False,True,0
960,7,3,2,0,1,6,1.500,False,False,0
961,7,2,3,0,1,6,0.667,False,True,0
962,7,2,2,0,0,6,1.000,False,False,0
963,7,3,3,0,1,6,1.000,False,True,0
964,7,3,2,0,1,6,1.500,False,False,0
965,7,3,1,0,1,6,3.000,False,False,0
966,7,2,3,0,1,6,0.667,False,True,0
967,7,3,1,0,1,6,3.000,False,False,0
968,7,4,2,0,0,6,2.000,False,True,0
969,7,4,1,0,1,6,4.000,False,False,0
970,7,4,1,0,1,6,4.000,False,True,0
971,7,3,1,0,1,6,3.000,False,True,0
972,7,1,3,0,1,6,0.333,False,True,0
973,7,3,3,0,1,6,1.000,False,False,0
974,7,3,3,0,0,6,1.000,False,True,0
975,7,3,2,0,1,6,1.500,False,False,0
976,7,2,2,0,1,6,1.000,False,True,0
977,7,2,2,0,1,6,1.000,False,True,0
978,7,1,4,0,0,6,0.250,False,True,0
979,7,1,4,0,1,6,0.250,False,True,0
980,7,3,3,0,1,6,1.000,False,False,0
981,7,3,2,0,1,6,1.500,False,False,0
982,7,5,0,0,1,6,6.000,False,False,0
983,7,3,1,0,0,6,3.000,False,True,0
984,7,2,3,0,1,6,0.667,False,True,0
985,7,1,3,0,1,6,0.333,False,True,0
986,7,1,4,1,1,6,0.250,False,True,0
987,7,3,2,0,1,6,1.500,False,False,0
988,7,4,1,0,1,6,4.000,False,False,0
989,7,2,2,0,1,6,1.000,False,True,0
990,7,3,3,0,0,6,1.000,False,True,0
991,7,4,2,0,1,6,2.000,False,False,0
992,7,2,2,0,1,6,1.000,False,True,0
993,7,4,2,0,1,6,2.000,False,False,0
994,7,2,0,0,1,6,6.000,False,False,0
995,7,0,4,1,0,6,0.000,False,True,0
996,7,1,5,0,1,6,0.200,False,False,0
997,7,5,1,0,1,6,5.000,False,False,0
998,7,3,2,0,1,6,1.500,False,True,0
999,7,4,0,0,0,6,6.000,False,False,0
1000,7,1,3,0,1,6,0.333,False,True,0
1001,7,2,3,0,1,6,0.667,False,False,0
1002,7,3,2,0,1,6,1.500,False,False,0
1003,7,2,3,0,1,6,0.667,False,True,0
1004,7,3,1,0,0,6,3.000,False,False,0
1005,7,2,4,0,1,6,0.500,False,True,0
1006,7,3,2,0,1,6,1.500,False,False,0
1007,7,4,1,0,1,6,4.000,False,False,0
1008,7,5,0,0,1,6,6.000,False,False,0
1009,7,5,1,0,0,6,5.000,False,True,0
1010,7,0,2,0,1,6,0.000,False,True,0
1011,7,1,5,0,1,6,0.200,False,False,0
1012,7,3,2,0,1,6,1.500,False,False,0
1013,7,2,3,0,1,6,0.667,False,True,0
1014,7,2,3,0,0,6,0.667,False,True,0
1015,7,3,3,0,1,6,1.000,False,False,0
1016,7,3,1,0,1,6,3.000,False,False,0
1017,7,2,3,0,1,6,0.667,False,True,0
1018,7,3,2,0,0,6,1.500,False,False,0
1019,7,4,2,0,1,6,2.000,False,False,0
1020,7,2,2,0,1,6,1.000,False,True,0
1021,7,2,3,0,1,6,0.667,False,True,0
1022,7,2,2,0,1,6,1.000,False,False,0
1023,7,5,1,0,1,6,5.000,False,False,0
1024,7,3,0,0,0,6,6.000,False,False,0
1025,7,0,4,0,1,6,0.000,False,True,0
1026,7,3,3,0,1,6,1.000,False,False,0
1027,7,4,2,0,1,6,2.000,False,False,0
1028,7,3,0,0,1,6,6.000,False,False,0
1029,7,3,2,0,1,6,1.500,False,True,0
1030,7,1,3,0,1,6,0.333,False,True,0
1031,7,4,2,0,0,6,2.000,False,False,0
1032,7,5,1,0,1,6,5.000,False,False,0
1033,7,5,0,0,1,6,6.000,False,False,0
1034,7,4,0,0,1,6,6.000,False,True,0
1035,7,1,2,0,1,6,0.500,False,True,0
1036,7,1,5,0,0,6,0.200,False,True,0
1037,7,1,4,0,1,6,0.250,False,False,0
1038,7,4,2,0,1,6,2.000,False,False,0
1039,7,3,2,0,1,6,1.500,False,True,0
1040,7,2,2,0,1,6,1.000,False,True,0
1041,7,1,3,0,1,6,0.333,False,True,0
1042,7,3,2,0,1,6,1.500,False,False,0
1043,7,3,3,0,0,6,1.000,False,True,0
1044,7,3,2,0,1,6,1.500,False,False,0
1045,7,5,1,0,1,6,5.000,False,False,0
1046,7,3,0,0,1,6,6.000,False,False,0
1047,7,1,3,1,1,6,0.333,False,True,0
1048,7,4,2,0,0,6,2.000,False,False,0
1049,7,2,2,0,1,6,1.000,False,True,0
1050,7,3,2,0,1,6,1.500,False,False,0
1051,7,2,2,0,1,6,1.000,False,True,0
1052,7,1,4,0,1,6,0.250,False,True,0
1053,7,3,2,1,1,6,1.500,False,False,0
1054,7,6,0,0,0,6,6.000,False,False,0
1055,7,2,0,0,1,6,6.000,False,True,0
1056,7,2,4,0,1,6,0.500,False,True,0
1057,7,1,3,0,1,6,0.333,False,True,0
1058,7,4,2,0,1,6,2.000,False,False,0
1059,7,6,0,0,1,6,6.000,False,False,0
1060,7,3,0,0,0,6,6.000,False,True,0
1061,7,1,3,0,1,6,0.333,False,True,0
1062,7,3,3,0,1,6,1.000,False,False,0
1063,7,3,2,0,1,6,1.500,False,False,0
1064,7,5,0,0,1,6,6.000,False,False,0
1065,7,4,1,0,0,6,4.000,False,True,0
1066,7,3,2,0,1,6,1.500,False,True,0
1067,7,2,2,0,1,6,1.000,False,True,0
1068,7,4,1,1,1,6,4.000,False,False,0
1069,7,4,0,0,0,6,6.000,False,False,0
1070,7,2,2,0,1,6,1.000,False,True,0
1071,7,1,4,0,1,6,0.250,False,True,0
1072,7,3,3,0,1,6,1.000,False,False,0
1073,7,2,2,0,1,6,1.000,False,True,0
1074,7,5,1,0,1,6,5.000,False,False,0
1075,7,4,1,0,1,6,4.000,False,True,0
1076,7,2,3,0,0,6,0.667,False,True,0
1077,7,3,3,0,1,6,1.000,False,False,0
1078,7,1,3,0,1,6,0.333,False,True,0
1079,7,2,3,0,1,6,0.667,False,False,0
1080,7,4,1,1,1,6,4.000,False,False,0
1081,7,1,1,1,1,6,1.000,False,True,0
1082,7,3,3,0,0,6,1.000,False,True,0
1083,7,3,2,0,1,6,1.500,False,False,0
1084,7,1,3,0,1,6,0.333,False,True,0
1085,7,2,3,0,1,6,0.667,False,False,0
1086,7,4,2,0,1,6,2.000,False,False,0
1087,7,5,0,0,0,6,6.000,False,False,0
1088,7,3,2,0,1,6,1.500,False,True,0
1089,7,1,2,0,1,6,0.500,False,True,0
1090,7,2,4,0,1,6,0.500,False,True,0
1091,7,5,1,0,1,6,5.000,False,False,0
1092,7,4,0,0,1,6,6.000,False,False,0
1093,7,0,3,0,1,6,0.000,False,True,0
1094,7,1,5,0,0,6,0.200,False,False,0
1095,7,0,5,0,1,6,0.000,False,True,0
1096,7,2,4,0,1,6,0.500,False,False,0
1097,7,5,0,0,1,6,6.000,False,False,0
1098,7,3,2,0,1,6,1.500,False,True,0
1099,7,3,1,0,1,6,3.000,False,False,0
1100,7,0,3,1,0,6,0.000,False,True,0
1101,7,2,4,0,1,6,0.500,False,False,0
1102,7,4,1,0,1,6,4.000,False,False,0
1103,7,4,1,0,0,6,4.000,False,True,0
1104,7,4,1,0,1,6,4.000,False,True,0
1105,7,3,1,0,1,6,3.000,False,True,0
1106,7,3,2,0,1,6,1.500,False,True,0
1107,7,3,2,0,1,6,1.500,False,True,0
1108,7,2,1,0,0,6,2.000,False,False,0
1109,7,1,4,0,1,6,0.250,False,True,0
1110,7,0,4,1,1,6,0.000,False,True,0
1111,7,3,3,0,1,6,1.000,False,False,0
1112,7,5,1,0,0,6,5.000,False,False,0
1113,7,4,1,0,1,6,4.000,False,True,0
1114,7,2,1,0,1,6,2.000,False,True,0
1115,7,2,4,0,1,6,0.500,False,True,0
1116,7,0,4,0,1,6,0.000,False,True,0
1117,7,2,4,0,1,6,0.500,False,False,0
1118,7,4,1,0,1,6,4.000,False,False,0
1119,7,4,0,0,0,6,6.000,False,False,0
1120,7,2,2,0,1,6,1.000,False,True,0
1121,7,2,4,0,1,6,0.500,False,True,0
1122,7,4,1,0,1,6,4.000,False,False,0
1123,7,3,2,0,1,6,1.500,False,True,0
1124,7,1,3,0,1,6,0.333,False,True,0
1125,7,4,2,0,0,6,2.000,False,False,0
1126,7,4,2,0,1,6,2.000,False,True,0
1127,7,4,0,0,1,6,6.000,False,False,0
1128,7,2,2,0,1,6,1.000,False,True,0
1129,7,2,4,0,1,6,0.500,False,True,0
1130,7,3,2,0,0,6,1.500,False,False,0
1131,7,4,1,0,1,6,4.000,False,False,0
1132,7,4,2,0,1,6,2.000,False,True,0
1133,7,3,0,0,1,6,6.000,False,False,0
1134,7,1,4,0,1,6,0.250,False,True,0
1135,7,1,4,0,1,6,0.250,False,True,0
1136,7,4,2,0,0,6,2.000,False,False,0
1137,7,3,2,0,1,6,1.500,False,True,0
1138,7,2,1,0,1,6,2.000,False,False,0
1139,7,0,5,0,1,6,0.000,False,True,0
1140,7,3,3,0,1,6,1.000,False,False,0
1141,7,4,2,0,0,6,2.000,False,False,0
1142,7,2,3,0,1,6,0.667,False,True,0
1143,7,3,1,0,1,6,3.000,False,False,0
1144,7,3,2,0,1,6,1.500,False,True,0
1145,7,3,1,1,1,6,3.000,False,False,0
1146,7,1,3,0,1,6,0.333,False,True,0
1147,7,3,3,0,1,6,1.000,False,False,0
1148,7,3,3,0,0,6,1.000,False,True,0
1149,7,3,1,0,1,6,3.000,False,False,0
1150,7,3,2,0,1,6,1.500,False,True,0
1151,7,4,0,0,1,6,6.000,False,False,0
1152,7,2,2,0,1,6,1.000,False,True,0
1153,7,3,2,0,1,6,1.500,False,False,0
1154,7,3,2,1,0,6,1.500,False,True,0
1155,7,3,2,0,1,6,1.500,False,True,0
1156,7,4,0,0,1,6,6.000,False,False,0
1157,7,2,2,0,1,6,1.000,False,True,0
1158,7,1,4,0,1,6,0.250,False,True,0
1159,7,4,2,0,1,6,2.000,False,False,0
1160,7,3,2,0,1,6,1.500,False,True,0
1161,7,3,1,0,0,6,3.000,False,False,0
1162,7,2,3,0,1,6,0.667,False,True,0
1163,7,4,1,1,1,6,4.000,False,False,0
1164,7,4,0,0,1,6,6.000,False,False,0
1165,7,4,1,0,1,6,4.000,False,True,0
1166,7,6,0,0,0,6,6.000,False,False,0
1167,7,4,1,0,1,6,4.000,False,True,0
1168,7,3,1,0,1,6,3.000,False,True,0
1169,7,1,3,0,1,6,0.333,False,True,0
1170,7,2,3,1,1,6,0.667,False,False,0
1171,7,2,2,1,0,6,1.000,False,False,0
1172,7,5,1,0,1,6,5.000,False,False,0
1173,7,2,1,0,1,6,2.000,False,True,0
1174,7,1,3,0,1,6,0.333,False,True,0
1175,7,1,3,1,0,6,0.333,False,True,0
1176,7,2,4,0,1,6,0.500,False,False,0
1177,7,4,1,0,1,6,4.000,False,False,0
1178,7,4,0,0,1,6,6.000,False,False,0
1179,7,3,1,0,0,6,3.000,False,True,0
1180,7,2,4,0,1,6,0.500,False,True,0
1181,7,1,3,1,1,6,0.333,False,True,0
1182,7,4,1,1,1,6,4.000,False,False,0
1183,7,4,1,1,0,6,4.000,False,True,0
1184,7,3,1,0,1,6,3.000,False,True,0
1185,7,2,1,0,1,6,2.000,False,True,0
1186,7,1,5,0,1,6,0.200,True,True,0
1187,7,0,5,0,0,6,0.000,False,True,0
1188,7,5,1,0,1,6,5.000,False,False,0
1189,7,3,0,0,1,6,6.000,False,False,0
1190,7,0,4,0,1,6,0.000,False,True,0
1191,7,0,6,0,1,6,0.000,True,True,0
1192,7,4,2,0,1,6,2.000,False,False,0
1193,7,5,0,0,1,6,6.000,False,False,0
1194,7,3,0,0,0,6,6.000,False,True,0
1195,7,1,4,0,1,6,0.250,False,True,0
1196,7,1,4,0,1,6,0.250,False,True,0
1197,7,3,2,0,1,6,1.500,False,False,0
1198,7,2,3,0,0,6,0.667,False,True,0
1199,7,3,3,0,1,6,1.000,False,False,0
1200,7,2,1,0,1,6,2.000,False,False,0
1201,7,1,4,0,1,6,0.250,False,True,0
1202,7,1,3,1,1,6,0.333,False,False,0
1203,7,5,1,0,1,6,5.000,False,False,0
1204,7,4,1,0,0,6,4.000,False,True,0
1205,7,3,2,0,1,6,1.500,False,True,0
1206,7,2,3,0,1,6,0.667,False,True,0
1207,7,2,3,0,1,6,0.667,False,True,0
1208,7,2,2,0,1,6,1.000,False,False,0
1209,7,4,2,0,1,6,2.000,False,False,0
1210,7,4,1,0,1,6,4.000,False,False,0
1211,7,3,2,0,0,6,1.500,False,True,0
1212,7,2,3,0,1,6,0.667,False,True,0
1213,7,2,3,0,1,6,0.667,False,True,0
1214,7,4,1,0,1,6,4.000,False,False,0
1215,7,3,1,0,1,6,3.000,False,True,0
1216,7,3,3,0,1,6,1.000,False,True,0
1217,7,2,2,0,0,6,1.000,False,True,0
1218,7,3,3,0,1,6,1.000,False,True,0
1219,7,2,2,0,1,6,1.000,False,True,0
1220,7,3,2,0,1,6,1.500,False,False,0
1221,7,3,2,0,1,6,1.500,False,True,0
1222,7,3,3,0,1,6,1.000,False,True,0
1223,7,3,1,0,0,6,3.000,False,False,0
1224,7,2,3,0,1,6,0.667,False,True,0
1225,7,3,2,0,1,6,1.500,False,False,0
1226,7,3,1,0,1,6,3.000,False,False,0
1227,7,2,2,1,1,6,1.000,False,True,0
1228,7,3,2,0,1,6,1.500,False,False,0
1229,7,2,2,0,1,6,1.000,False,True,0
1230,7,5,1,0,1,6,5.000,False,False,0
1231,7,5,0,0,0,6,6.000,False,False,0
1232,7,3,1,0,1,6,3.000,False,True,0
1233,7,1,3,0,1,6,0.333,False,True,0
1234,7,0,5,0,1,6,0.000,False,True,0
1235,7,1,4,1,1,6,0.250,False,False,0
1236,7,4,1,0,1,6,4.000,False,False,0
1237,7,4,0,0,1,6,6.000,False,False,0
1238,7,1,3,0,0,6,0.333,False,True,0
1239,7,1,4,0,1,6,0.250,False,True,0
1240,7,4,2,0,1,6,2.000,False,False,0
1241,7,2,1,1,1,6,2.000,False,True,0
1242,7,3,2,0,0,6,1.500,False,True,0
1243,7,2,4,0,1,6,0.500,False,True,0
1244,7,2,4,0,1,6,0.500,False,True,0
1245,7,3,1,0,1,6,3.000,False,False,0
1246,7,4,1,0,1,6,4.000,False,False,0
1247,7,1,2,0,0,6,0.500,False,True,0
1248,7,2,4,0,1,6,0.500,False,True,0
1249,7,3,2,0,1,6,1.500,False,False,0
1250,7,5,0,0,1,6,6.000,False,False,0
1251,7,4,1,0,0,6,4.000,False,True,0
1252,7,1,3,0,1,6,0.333,False,True,0
1253,7,3,3,0,1,6,1.000,False,False,0
1254,7,4,1,0,1,6,4.000,False,False,0
1255,7,4,0,0,1,6,6.000,False,False,0
1256,7,2,1,1,0,6,2.000,False,True,0
1257,7,2,3,0,1,6,0.667,False,True,0
1258,7,2,3,0,1,6,0.667,False,True,0
1259,7,1,4,0,1,6,0.250,False,True,0
1260,7,3,2,0,1,6,1.500,False,False,0
1261,7,3,1,1,0,6,3.000,False,False,0
1262,7,3,2,0,1,6,1.500,False,True,0
1263,7,1,2,0,1,6,0.500,False,True,0
1264,7,1,5,0,1,6,0.200,True,True,0
1265,7,1,4,0,1,6,0.250,False,False,0
1266,7,4,1,1,1,6,4.000,False,False,0
1267,7,3,0,0,0,6,6.000,False,False,0
1268,7,3,3,0,1,6,1.000,False,True,0
1269,7,2,3,0,1,6,0.667,False,True,0
1270,7,4,2,0,1,6,2.000,False,False,0
1271,7,5,0,0,1,6,6.000,False,False,0
1272,7,0,2,0,0,6,0.000,False,True,0
1273,7,0,6,0,1,6,0.000,True,True,0
1274,7,2,4,0,1,6,0.500,False,False,0
1275,7,3,2,0,1,6,1.500,False,False,0
1276,7,3,1,0,1,6,3.000,False,False,0
1277,7,2,4,0,0,6,0.500,False,True,0
1278,7,1,3,0,1,6,0.333,False,True,0
1279,7,3,3,0,1,6,1.000,False,False,0
1280,7,3,2,0,1,6,1.500,False,False,0
1281,7,3,1,0,1,6,3.000,False,False,0
1282,7,1,3,0,1,6,0.333,False,True,0
1283,7,1,4,0,0,6,0.250,False,True,0
1284,7,2,4,0,1,6,0.500,False,False,0
1285,7,6,0,0,1,6,6.000,False,False,0
1286,7,4,0,0,1,6,6.000,False,True,0
1287,7,3,2,0,1,6,1.500,False,True,0
1288,7,1,3,0,0,6,0.333,False,True,0
1289,7,0,5,0,1,6,0.000,False,True,0
1290,7,2,4,0,1,6,0.500,False,False,0
1291,7,3,1,0,1,6,3.000,False,False,0
1292,7,3,1,1,0,6,3.000,False,True,0
1293,7,2,3,0,1,6,0.667,False,True,0
1294,7,1,3,0,1,6,0.333,False,True,0
1295,7,2,4,0,1,6,0.500,False,False,0
1296,7,5,1,0,1,6,5.000,False,False,0
1297,7,4,0,0,0,6,6.000,False,False,0
1298,7,2,3,0,1,6,0.667,False,True,0
1299,7,1,3,0,1,6,0.333,False,True,0
1300,7,2,2,1,1,6,1.000,False,False,0
1301,7,2,3,1,0,6,0.667,False,True,0
1302,7,3,1,0,1,6,3.000,False,False,0
1303,7,3,3,0,1,6,1.000,False,True,0
1304,7,3,2,0,1,6,1.500,False,False,0
1305,7,3,1,0,1,6,3.000,False,False,0
1306,7,3,2,1,0,6,1.500,False,True,0
1307,7,0,3,0,1,6,0.000,False,True,0
1308,7,3,3,0,1,6,1.000,False,False,0
1309,7,2,2,0,1,6,1.000,False,True,0
1310,7,1,3,1,1,6,0.333,False,True,0
1311,7,3,2,0,1,6,1.500,False,False,0
1312,7,5,1,0,0,6,5.000,False,False,0
1313,7,3,1,0,1,6,3.000,False,True,0
1314,7,3,2,0,1,6,1.500,False,True,0
1315,7,3,1,0,1,6,3.000,False,False,0
1316,7,4,2,0,0,6,2.000,False,True,0
1317,7,2,3,0,1,6,0.667,False,True,0
1318,7,5,1,0,1,6,5.000,False,False,0
1319,7,2,1,0,1,6,2.000,False,True,0
1320,7,2,3,0,0,6,0.667,False,True,0
1321,7,1,4,0,1,6,0.250,False,True,0
1322,7,4,2,0,1,6,2.000,False,False,0
1323,7,3,1,0,1,6,3.000,False,False,0
1324,7,2,2,0,1,6,1.000,False,True,0
1325,7,1,4,0,1,6,0.250,False,True,0
1326,7,5,1,0,0,6,5.000,False,False,0
1327,7,3,2,0,1,6,1.500,False,True,0
1328,7,1,2,0,1,6,0.500,False,True,0
1329,7,2,4,0,1,6,0.500,False,True,0
1330,7,4,2,0,1,6,2.000,False,False,0
1331,7,6,0,0,0,6,6.000,False,False,0
1332,7,3,0,0,1,6,6.000,False,True,0
1333,7,3,2,0,1,6,1.500,False,True,0
1334,7,2,2,0,1,6,1.000,False,True,0
1335,7,1,4,0,0,6,0.250,False,True,0
1336,7,2,3,0,1,6,0.667,False,False,0
1337,7,4,2,0,1,6,2.000,False,False,0
1338,7,1,2,0,1,6,0.500,False,True,0
1339,7,2,4,0,1,6,0.500,False,True,0
1340,7,2,2,0,1,6,1.000,False,False,0
1341,7,3,3,0,1,6,1.000,False,True,0
1342,7,1,3,0,0,6,0.333,False,True,0
1343,7,2,3,0,1,6,0.667,False,False,0
1344,7,3,2,0,1,6,1.500,False,False,0
1345,7,3,2,0,1,6,1.500,False,True,0
1346,7,3,2,0,1,6,1.500,False,True,0
1347,7,4,0,0,0,6,6.000,False,False,0
1348,7,3,2,0,1,6,1.500,False,True,0
1349,7,0,3,0,1,6,0.000,False,True,0
1350,7,2,4,0,1,6,0.500,False,False,0
1351,7,1,4,0,1,6,0.250,False,True,0
1352,7,3,2,0,0,6,1.500,False,False,0
1353,7,2,3,0,1,6,0.667,False,True,0
1354,7,1,3,0,1,6,0.333,False,True,0
1355,7,2,3,0,1,6,0.667,False,False,0
1356,7,1,4,1,1,6,0.250,False,True,0
1357,7,2,3,0,0,6,0.667,False,False,0
1358,7,2,2,0,1,6,1.000,False,False,0
1359,7,3,3,0,1,6,1.000,False,True,0
1360,7,1,2,0,1,6,0.500,False,True,0
1361,7,4,2,0,0,6,2.000,False,False,0
1362,7,2,3,0,1,6,0.667,False,True,0
1363,7,4,2,0,1,6,2.000,False,False,0
1364,7,3,1,0,1,6,3.000,False,False,0
1365,7,2,2,0,1,6,1.000,False,True,0
1366,7,2,4,0,1,6,0.500,False,True,0
1367,7,4,1,0,0,6,4.000,False,False,0
1368,7,2,3,0,1,6,0.667,False,True,0
1369,7,4,1,0,1,6,4.000,False,False,0
1370,7,2,2,0,1,6,1.000,False,True,0
1371,7,3,3,0,1,6,1.000,False,True,0
1372,7,4,1,0,1,6,4.000,False,False,0
1373,7,4,0,0,0,6,6.000,False,False,0
1374,7,1,3,0,1,6,0.333,False,True,0
1375,7,0,5,0,1,6,0.000,False,True,0
1376,7,5,1,0,1,6,5.000,False,False,0
1377,7,5,1,0,1,6,5.000,False,True,0
1378,7,3,0,0,0,6,6.000,False,False,0
1379,7,2,3,0,1,6,0.667,False,True,0
1380,7,3,2,0,1,6,1.500,False,False,0
1381,7,2,3,0,1,6,0.667,False,True,0
1382,7,5,0,0,0,6,6.000,False,False,0
1383,7,3,2,0,1,6,1.500,False,True,0
1384,7,3,2,0,1,6,1.500,False,True,0
1385,7,2,3,0,1,6,0.667,False,True,0
1386,7,3,2,0,1,6,1.500,False,False,0
1387,7,1,2,1,1,6,0.500,False,True,0
1388,7,2,3,0,1,6,0.667,False,False,0
1389,7,5,1,0,0,6,5.000,False,False,0
1390,7,6,0,0,1,6,6.000,False,False,0
1391,7,2,0,0,1,6,6.000,False,True,0
1392,7,2,4,0,1,6,0.500,False,True,0
1393,7,0,3,1,1,6,0.000,False,True,0
1394,7,4,2,0,0,6,2.000,False,False,0
1395,7,5,0,0,1,6,6.000,False,False,0
1396,7,4,1,0,1,6,4.000,False,True,0
1397,7,2,1,0,1,6,2.000,False,True,0
1398,7,0,5,0,1,6,0.000,False,True,0
1399,7,1,4,1,0,6,0.250,False,False,0
1400,7,2,4,0,1,6,0.500,False,False,0
1401,7,5,0,0,1,6,6.000,False,False,0
1402,7,3,1,0,1,6,3.000,False,True,0
1403,7,3,1,0,1,6,3.000,False,True,0
1404,7,4,2,0,0,6,2.000,False,True,0
1405,7,2,3,0,1,6,0.667,False,True,0
1406,7,3,2,0,1,6,1.500,False,False,0
1407,7,1,3,0,1,6,0.333,False,True,0
1408,7,2,3,0,0,6,0.667,False,False,0
1409,7,1,5,0,1,6,0.200,True,True,0
1410,7,2,4,0,1,6,0.500,False,False,0
1411,7,6,0,0,1,6,6.000,False,False,0
1412,7,2,0,0,0,6,6.000,False,True,0
1413,7,1,4,0,1,6,0.250,False,True,0
1414,7,1,4,0,1,6,0.250,False,True,0
1415,7,4,2,0,1,6,2.000,False,False,0
1416,7,6,0,0,0,6,6.000,False,False,0
1417,7,3,1,0,1,6,3.000,False,True,0
1418,7,2,2,0,1,6,1.000,False,True,0
1419,7,1,3,0,1,6,0.333,False,True,0
1420,7,4,2,0,1,6,2.000,False,False,0
1421,7,5,1,0,0,6,5.000,False,False,0
1422,7,1,1,0,1,6,1.000,False,True,0
1423,7,1,5,0,1,6,0.200,True,True,0
1424,7,1,4,1,1,6,0.250,False,False,0
1425,7,1,3,1,1,6,0.333,False,False,0
1426,7,3,3,0,1,6,1.000,False,False,0
1427,7,3,0,0,0,6,6.000,False,False,0
1428,7,2,3,0,1,6,0.667,False,True,0
1429,7,2,3,0,1,6,0.667,False,True,0
1430,7,1,4,1,0,6,0.250,False,True,0
1431,7,3,2,0,1,6,1.500,False,False,0
1432,7,1,2,0,1,6,0.500,False,True,0
1433,7,1,4,0,1,6,0.250,False,True,0
1434,7,1,5,0,1,6,0.200,True,True,0
1435,7,5,0,0,0,6,6.000,False,False,0
1436,7,3,2,0,1,6,1.500,False,True,0
1437,7,0,3,0,1,6,0.000,False,True,0
1438,7,2,4,0,1,6,0.500,False,False,0
1439,7,0,4,0,1,6,0.000,False,True,0
1440,7,1,4,1,1,6,0.250,False,False,0
1441,7,3,1,1,1,6,3.000,False,False,0
1442,7,5,0,0,0,6,6.000,False,False,0
1443,7,2,1,0,1,6,2.000,False,True,0
1444,7,0,4,0,1,6,0.000,False,True,0
1445,7,1,5,0,1,6,0.200,True,False,0
1446,7,4,2,0,1,6,2.000,False,False,0
1447,7,3,1,0,0,6,3.000,False,False,0
1448,7,4,2,0,1,6,2.000,False,True,0
1449,7,4,1,0,1,6,4.000,False,False,0
1450,7,2,1,0,1,6,2.000,False,True,0
1451,7,4,2,0,0,6,2.000,False,True,0
1452,7,3,2,0,1,6,1.500,False,True,0
1453,7,2,3,0,1,6,0.667,False,True,0
1454,7,2,1,1,1,6,2.000,False,False,0
1455,7,1,4,0,0,6,0.250,False,True,0
1456,7,1,4,0,1,6,0.250,False,True,0
1457,7,4,2,0,1,6,2.000,False,False,0
1458,7,4,0,0,1,6,6.000,False,False,0
1459,7,0,3,0,1,6,0.000,False,True,0
1460,7,1,5,0,0,6,0.200,False,False,0
1461,7,4,2,0,1,6,2.000,False,False,0
1462,7,5,1,0,1,6,5.000,False,False,0
1463,7,4,0,0,1,6,6.000,False,False,0
1464,7,2,1,0,1,6,2.000,False,True,0
1465,7,0,5,0,0,6,0.000,False,True,0
1466,7,1,5,0,1,6,0.200,True,False,0
1467,7,5,1,0,1,6,5.000,False,False,0
1468,7,4,1,0,1,6,4.000,False,True,0
1469,7,3,0,0,1,6,6.000,False,False,0
1470,7,1,3,0,1,6,0.333,False,True,0
1471,7,1,4,1,0,6,0.250,False,True,0
1472,7,1,5,0,1,6,0.200,True,True,0
1473,7,4,1,0,1,6,4.000,False,False,0
1474,7,3,0,0,1,6,6.000,False,False,0
1475,7,2,4,0,0,6,0.500,False,True,0
1476,7,2,3,0,1,6,0.667,False,False,0
1477,7,3,2,0,1,6,1.500,False,False,0
1478,7,2,1,1,1,6,2.000,False,False,0
1479,7,3,2,0,0,6,1.500,False,True,0
1480,7,3,2,0,1,6,1.500,False,True,0
1481,7,3,3,0,1,6,1.000,False,True,0
1482,7,2,2,0,1,6,1.000,False,True,0
1483,7,2,2,0,1,6,1.000,False,True,0
1484,7,4,2,0,0,6,2.000,False,False,0
1485,7,4,2,0,1,6,2.000,False,True,0
1486,7,6,0,0,1,6,6.000,False,False,0
1487,7,1,0,0,1,6,6.000,False,True,0
1488,7,0,5,0,1,6,0.000,False,True,0
1489,7,1,4,1,0,6,0.250,False,False,0
1490,7,5,1,0,1,6,5.000,False,False,0
1491,7,3,1,0,1,6,3.000,False,True,0
1492,7,1,2,0,1,6,0.500,False,True,0
1493,7,0,5,0,1,6,0.000,False,True,0
1494,7,2,3,1,0,6,0.667,False,False,0
1495,7,2,3,0,1,6,0.667,False,True,0
1496,7,2,3,0,1,6,0.667,False,True,0
1497,7,0,0,0,0,6,6.000,False,False,0
