,nodeId,ls,lc,le,ltx,number of neighbors,QOS,arm,jammed evaluation,label (jammed or not)
0,3,1,5,0,1,6,0.200,True,False,0
1,3,3,2,1,1,6,1.500,True,False,0
2,3,4,0,0,1,6,6.000,False,False,0
3,3,3,2,0,1,6,1.500,False,True,0
4,3,1,3,0,1,6,0.333,False,True,0
5,3,2,3,0,0,6,0.667,False,False,0
6,3,2,4,0,1,6,0.500,False,True,0
7,3,3,3,0,1,6,1.000,False,False,0
8,3,3,0,0,1,6,6.000,False,False,0
9,3,1,3,0,1,6,0.333,False,True,0
10,3,2,3,0,0,6,0.667,False,False,0
11,3,3,3,0,1,6,1.000,False,False,0
12,3,2,2,0,1,6,1.000,False,True,0
13,3,3,2,0,1,6,1.500,False,False,0
14,3,3,3,0,1,6,1.000,True,True,0
15,3,2,2,1,1,6,1.000,False,True,0
16,3,3,1,1,0,6,3.000,False,False,0
17,3,3,1,0,1,6,3.000,False,True,0
18,3,2,3,0,1,6,0.667,False,True,0
19,3,2,3,0,1,6,0.667,False,True,0
20,3,2,3,0,1,6,0.667,False,True,0
21,3,3,2,0,1,6,1.500,False,False,0
22,3,3,2,0,0,6,1.500,False,True,0
23,3,3,3,0,1,6,1.000,True,True,0
24,3,2,2,0,1,6,1.000,False,True,0
25,3,3,2,0,1,6,1.500,False,False,0
26,3,3,2,0,1,6,1.500,False,True,0
27,3,4,2,0,1,6,2.000,True,False,0
28,3,3,1,0,1,6,3.000,False,False,0
29,3,2,3,0,1,6,0.667,False,True,0
30,3,4,1,0,0,6,4.000,False,False,0
31,3,2,2,0,1,6,1.000,False,True,0
32,3,3,3,0,1,6,1.000,True,True,0
33,3,3,1,0,1,6,3.000,False,False,0
34,3,4,2,0,1,6,2.000,False,True,0
35,3,4,1,0,0,6,4.000,False,False,0
36,3,3,2,0,1,6,1.500,False,True,0
37,3,2,2,0,1,6,1.000,False,True,0
38,3,3,3,0,1,6,1.000,False,True,0
39,3,4,1,0,1,6,4.000,False,False,0
40,3,4,0,0,0,6,6.000,False,False,0
41,3,2,3,0,1,6,0.667,False,True,0
42,3,0,4,0,1,6,0.000,False,True,0
43,3,4,2,0,1,6,2.000,False,False,0
44,3,3,0,0,1,6,6.000,False,False,0
45,3,4,2,0,0,6,2.000,False,True,0
46,3,1,3,0,1,6,0.333,False,True,0
47,3,3,2,0,1,6,1.500,False,False,0
48,3,2,3,0,1,6,0.667,False,True,0
49,3,2,3,0,0,6,0.667,False,True,0
50,3,3,3,0,1,6,1.000,False,False,0
51,3,4,2,0,1,6,2.000,False,False,0
52,3,5,0,0,1,6,6.000,False,False,0
53,3,3,0,0,1,6,6.000,False,True,0
54,3,2,4,0,1,6,0.500,True,True,0
55,3,2,2,0,1,6,1.000,False,False,0
56,3,4,2,0,0,6,2.000,False,False,0
57,3,2,2,0,1,6,1.000,False,True,0
58,3,1,3,0,1,6,0.333,False,True,0
59,3,2,4,0,1,6,0.500,True,False,0
60,3,4,1,1,1,6,4.000,False,False,0
61,3,3,0,0,1,6,6.000,False,False,0
62,3,3,3,0,1,6,1.000,False,True,0
63,3,2,1,1,0,6,2.000,False,False,0
64,3,1,4,0,1,6,0.250,False,True,0
65,3,4,2,0,1,6,2.000,False,False,0
66,3,4,0,0,1,6,6.000,False,False,0
67,3,4,1,0,0,6,4.000,False,True,0
68,3,2,3,0,1,6,0.667,False,True,0
69,3,2,2,0,1,6,1.000,False,False,0
70,3,4,2,0,1,6,2.000,False,False,0
71,3,4,0,0,1,6,6.000,False,False,0
72,3,2,2,0,1,6,1.000,False,True,0
73,3,2,3,0,0,6,0.667,False,True,0
74,3,3,3,0,1,6,1.000,True,False,0
75,3,1,3,0,1,6,0.333,False,True,0
76,3,2,2,1,1,6,1.000,False,False,0
77,3,2,3,0,1,6,0.667,False,True,0
78,3,4,1,0,0,6,4.000,False,False,0
79,3,4,2,0,1,6,2.000,True,True,0
80,3,2,2,0,1,6,1.000,False,True,0
81,3,4,1,0,1,6,4.000,False,False,0
82,3,4,2,0,1,6,2.000,True,True,0
83,3,3,1,0,1,6,3.000,False,False,0
84,3,3,2,0,0,6,1.500,False,True,0
85,3,3,2,0,1,6,1.500,False,True,0
86,3,2,2,0,1,6,1.000,False,True,0
87,3,2,3,0,1,6,0.667,False,True,0
88,3,3,2,0,1,6,1.500,False,False,0
89,3,4,2,0,1,6,2.000,False,False,0
90,3,4,1,0,1,6,4.000,False,False,0
91,3,5,0,0,0,6,6.000,False,False,0
92,3,3,2,0,1,6,1.500,False,True,0
93,3,3,1,0,1,6,3.000,False,False,0
94,3,3,2,0,1,6,1.500,False,True,0
95,3,4,2,0,1,6,2.000,True,False,0
96,3,3,1,1,0,6,3.000,False,False,0
97,3,3,2,0,1,6,1.500,False,True,0
98,3,1,2,0,1,6,0.500,False,True,0
99,3,2,3,0,1,6,0.667,False,False,0
100,3,3,3,0,1,6,1.000,True,False,0
101,3,4,1,1,0,6,4.000,False,False,0
102,3,4,0,0,1,6,6.000,False,False,0
103,3,3,2,0,1,6,1.500,False,True,0
104,3,0,2,1,1,6,0.000,False,True,0
105,3,1,5,0,1,6,0.200,True,False,0
106,3,4,2,0,1,6,2.000,False,False,0
107,3,6,0,0,0,6,6.000,False,False,0
108,3,4,0,0,1,6,6.000,False,True,0
109,3,1,2,0,1,6,0.500,False,True,0
110,3,2,2,1,1,6,1.000,False,False,0
111,3,2,4,0,1,6,0.500,True,True,0
112,3,5,1,0,1,6,5.000,False,False,0
113,3,4,0,0,0,6,6.000,False,False,0
114,3,1,3,0,1,6,0.333,False,True,0
115,3,2,3,0,1,6,0.667,False,False,0
116,3,3,1,1,1,6,3.000,False,False,0
117,3,4,1,0,1,6,4.000,False,False,0
118,3,4,1,0,0,6,4.000,False,True,0
119,3,4,1,0,1,6,4.000,False,True,0
120,3,3,1,0,1,6,3.000,False,True,0
121,3,1,3,0,1,6,0.333,False,True,0
122,3,2,4,0,0,6,0.500,False,False,0
123,3,3,2,0,1,6,1.500,False,False,0
124,3,2,3,0,1,6,0.667,False,True,0
125,3,3,2,0,1,6,1.500,False,False,0
126,3,5,1,0,0,6,5.000,False,False,0
127,3,4,1,0,1,6,4.000,False,True,0
128,3,3,1,0,1,6,3.000,False,True,0
129,3,1,2,0,1,6,0.500,False,True,0
130,3,2,3,0,1,6,0.667,False,False,0
131,3,4,2,0,1,6,2.000,False,False,0
132,3,2,2,0,1,6,1.000,False,True,0
133,3,3,1,1,0,6,3.000,False,False,0
134,3,2,3,0,1,6,0.667,False,True,0
135,3,3,3,0,1,6,1.000,False,False,0
136,3,3,1,0,1,6,3.000,False,False,0
137,3,3,2,0,1,6,1.500,False,True,0
138,3,3,2,0,0,6,1.500,False,True,0
139,3,2,3,0,1,6,0.667,False,True,0
140,3,3,2,0,1,6,1.500,False,False,0
141,3,4,2,0,1,6,2.000,False,False,0
142,3,1,2,0,1,6,0.500,False,True,0
143,3,2,4,0,1,6,0.500,True,True,0
144,3,2,3,0,0,6,0.667,False,False,0
145,3,3,2,0,1,6,1.500,False,False,0
146,3,4,2,0,1,6,2.000,False,False,0
147,3,4,0,0,1,6,6.000,False,False,0
148,3,3,1,0,1,6,3.000,False,True,0
149,3,2,3,0,0,6,0.667,False,True,0
150,3,4,2,0,1,6,2.000,False,False,0
151,3,4,0,0,1,6,6.000,False,False,0
152,3,2,1,0,1,6,2.000,False,True,0
153,3,1,4,0,1,6,0.250,False,True,0
154,3,2,4,0,0,6,0.500,True,False,0
155,3,5,1,0,1,6,5.000,False,False,0
156,3,5,0,0,1,6,6.000,False,False,0
157,3,2,1,0,1,6,2.000,False,True,0
158,3,1,3,0,1,6,0.333,False,True,0
159,3,4,2,0,0,6,2.000,False,False,0
160,3,2,2,0,1,6,1.000,False,True,0
161,3,3,2,0,1,6,1.500,False,False,0
162,3,2,2,1,1,6,1.000,False,True,0
163,3,0,4,0,1,6,0.000,False,True,0
164,3,2,4,0,0,6,0.500,False,False,0
165,3,2,4,0,1,6,0.500,True,True,0
166,3,5,1,0,1,6,5.000,False,False,0
167,3,3,0,0,1,6,6.000,False,False,0
168,3,3,2,0,1,6,1.500,False,True,0
169,3,1,3,0,1,6,0.333,False,True,0
170,3,2,4,0,0,6,0.500,False,False,0
171,3,4,2,0,1,6,2.000,False,False,0
172,3,4,2,0,1,6,2.000,False,True,0
173,3,3,1,0,1,6,3.000,False,False,0
174,3,3,2,0,1,6,1.500,False,True,0
175,3,2,2,0,0,6,1.000,False,True,0
176,3,3,3,0,1,6,1.000,False,True,0
177,3,3,2,0,1,6,1.500,False,False,0
178,3,2,3,0,1,6,0.667,False,True,0
179,3,4,1,0,0,6,4.000,False,False,0
180,3,3,2,0,1,6,1.500,False,True,0
181,3,1,3,0,1,6,0.333,False,True,0
182,3,2,3,0,1,6,0.667,False,False,0
183,3,2,3,0,1,6,0.667,False,True,0
184,3,4,1,0,1,6,4.000,False,False,0
185,3,4,1,0,0,6,4.000,False,True,0
186,3,2,3,0,1,6,0.667,False,True,0
187,3,2,3,0,1,6,0.667,False,True,0
188,3,2,3,0,1,6,0.667,False,True,0
189,3,2,3,0,1,6,0.667,False,True,0
190,3,1,4,0,1,6,0.250,False,True,0
191,3,3,2,0,0,6,1.500,False,False,0
192,3,3,3,0,1,6,1.000,False,True,0
193,3,3,1,0,1,6,3.000,False,False,0
194,3,4,1,0,1,6,4.000,False,False,0
195,3,2,3,0,1,6,0.667,False,True,0
196,3,3,1,0,1,6,3.000,False,False,0
197,3,3,2,0,0,6,1.500,False,True,0
198,3,2,3,0,1,6,0.667,False,True,0
199,3,3,2,0,1,6,1.500,False,False,0
200,3,3,2,0,1,6,1.500,False,True,0
201,3,2,3,0,1,6,0.667,False,True,0
202,3,1,3,0,1,6,0.333,False,True,0
203,3,3,3,0,1,6,1.000,False,False,0
204,3,5,1,0,1,6,5.000,False,False,0
205,3,3,0,0,0,6,6.000,False,False,0
206,3,2,3,0,1,6,0.667,False,True,0
207,3,1,4,0,1,6,0.250,False,True,0
208,3,3,3,0,1,6,1.000,False,False,0
209,3,2,2,1,1,6,1.000,False,True,0
210,3,5,1,0,1,6,5.000,False,False,0
211,3,3,1,0,0,6,3.000,False,True,0
212,3,2,3,0,1,6,0.667,False,True,0
213,3,2,3,0,1,6,0.667,False,True,0
214,3,2,2,0,1,6,1.000,False,False,0
215,3,2,2,1,1,6,1.000,False,True,0
216,3,2,2,0,1,6,1.000,False,True,0
217,3,2,4,0,0,6,0.500,False,True,0
218,3,2,3,0,1,6,0.667,False,False,0
219,3,3,3,0,1,6,1.000,False,False,0
220,3,3,1,0,1,6,3.000,False,False,0
221,3,4,1,0,1,6,4.000,False,False,0
222,3,4,2,0,1,6,2.000,False,True,0
223,3,1,2,0,0,6,0.500,False,True,0
224,3,1,5,0,1,6,0.200,True,True,0
225,3,2,3,0,1,6,0.667,False,False,0
226,3,5,1,0,1,6,5.000,False,False,0
227,3,5,0,0,1,6,6.000,False,False,0
228,3,3,0,0,0,6,6.000,False,True,0
229,3,0,4,0,1,6,0.000,False,True,0
230,3,1,5,0,1,6,0.200,True,False,0
231,3,3,3,0,1,6,1.000,False,False,0
232,3,5,0,0,0,6,6.000,False,False,0
233,3,2,2,0,1,6,1.000,False,True,0
234,3,2,3,0,1,6,0.667,False,True,0
235,3,1,3,0,1,6,0.333,False,True,0
236,3,2,4,0,1,6,0.500,False,False,0
237,3,4,1,1,1,6,4.000,False,False,0
238,3,2,1,1,1,6,2.000,False,True,0
239,3,1,2,1,1,6,0.500,False,True,0
240,3,3,3,0,0,6,1.000,False,False,0
241,3,2,3,0,1,6,0.667,False,True,0
242,3,5,1,0,1,6,5.000,False,False,0
243,3,4,0,0,1,6,6.000,False,False,0
244,3,4,1,0,1,6,4.000,False,True,0
245,3,1,2,1,0,6,0.500,False,True,0
246,3,3,3,0,1,6,1.000,False,False,0
247,3,3,3,0,1,6,1.000,False,True,1
248,3,4,3,0,1,6,1.333,True,False,1
249,3,3,3,0,1,6,1.000,False,True,1
250,3,2,5,0,0,6,0.400,True,True,1
251,3,3,6,0,1,6,0.500,True,False,1
252,3,3,3,0,1,6,1.000,False,False,1
253,3,3,5,0,1,6,0.600,True,True,1
254,3,1,5,0,1,6,0.200,True,True,1
255,3,2,7,0,1,6,0.286,True,False,1
256,3,1,7,0,1,6,0.143,True,True,1
257,3,2,6,0,0,6,0.333,True,False,1
258,3,2,6,1,1,6,0.333,True,True,1
259,3,4,7,1,1,6,0.571,True,False,1
260,3,3,5,1,1,6,0.600,True,True,1
261,3,1,4,0,1,6,0.250,False,True,1
262,3,2,7,0,1,6,0.286,True,False,1
263,3,3,6,2,1,6,0.500,True,False,1
264,3,3,5,2,0,6,0.600,True,False,1
265,3,0,5,2,1,6,0.000,True,True,1
266,3,2,7,0,1,6,0.286,True,False,1
267,3,3,8,1,1,6,0.375,True,False,1
268,3,1,5,1,1,6,0.200,False,True,1
269,3,1,7,1,1,6,0.143,True,True,1
270,3,0,5,0,0,6,0.000,False,True,1
271,3,0,8,1,1,6,0.000,True,True,1
272,3,0,7,0,1,6,0.000,True,True,1
273,3,2,7,0,1,6,0.286,True,False,1
274,3,1,7,1,1,6,0.143,True,True,1
275,3,2,7,0,0,6,0.286,True,False,1
276,3,0,8,0,1,6,0.000,True,True,1
277,3,1,9,0,1,6,0.111,True,False,1
278,3,0,7,1,1,6,0.000,True,True,1
279,3,1,7,0,0,6,0.143,True,False,1
280,3,0,6,0,1,6,0.000,False,True,1
281,3,0,10,0,1,6,0.000,True,True,1
282,3,0,11,0,1,6,0.000,True,True,1
283,3,0,5,0,0,6,0.000,False,True,1
284,3,0,10,0,1,6,0.000,True,True,1
285,3,0,6,0,1,6,0.000,False,True,1
286,3,0,7,0,1,6,0.000,True,True,1
287,3,0,9,1,1,6,0.000,True,True,1
288,3,1,6,0,1,6,0.167,False,False,1
289,3,1,9,1,0,6,0.111,True,True,1
290,3,1,6,0,1,6,0.167,False,False,1
291,3,0,7,1,1,6,0.000,True,True,1
292,3,0,8,0,1,6,0.000,True,True,1
293,3,2,8,1,1,6,0.250,True,False,1
294,3,1,6,0,0,6,0.167,False,True,1
295,3,0,5,1,1,6,0.000,False,True,1
296,3,0,6,0,1,6,0.000,False,True,1
297,3,1,8,0,1,6,0.125,True,False,1
298,3,3,8,0,1,6,0.375,True,False,1
299,3,4,6,1,1,6,0.667,True,False,1
300,3,2,3,1,0,6,0.667,False,True,1
301,3,1,6,0,1,6,0.167,False,True,1
302,3,1,7,0,1,6,0.143,True,True,1
303,3,2,6,1,1,6,0.333,True,False,1
304,3,4,6,0,1,5,0.667,True,False,1
305,3,2,5,1,1,5,0.400,True,True,1
306,3,1,5,2,1,5,0.200,True,True,1
307,3,3,7,0,1,6,0.429,True,False,1
308,3,3,5,0,0,6,0.600,False,False,1
309,3,3,6,0,1,6,0.500,True,True,1
310,3,6,7,0,1,6,0.857,True,False,1
311,3,4,5,0,1,6,0.800,False,True,1
312,3,2,5,0,1,6,0.400,False,True,1
313,3,2,6,0,0,6,0.333,False,True,1
314,3,2,6,0,1,6,0.333,False,True,1
315,3,3,5,0,1,6,0.600,False,False,1
316,3,2,6,0,1,6,0.333,False,True,1
317,3,1,7,0,1,6,0.143,False,True,1
318,3,4,5,0,1,6,0.800,False,False,1
319,3,4,1,0,0,6,4.000,False,False,1
320,3,2,2,0,1,6,1.000,False,True,1
321,3,2,4,0,1,6,0.500,False,True,1
322,3,4,2,0,1,6,2.000,False,False,1
323,3,4,0,0,0,6,6.000,False,False,1
324,3,2,2,0,1,6,1.000,False,True,1
325,3,3,2,0,1,6,1.500,False,False,1
326,3,3,2,0,1,6,1.500,False,True,1
327,3,4,2,0,0,6,2.000,False,False,1
328,3,3,1,0,1,6,3.000,False,False,0
329,3,3,3,0,1,6,1.000,False,True,0
330,3,3,1,0,1,6,3.000,False,False,0
331,3,2,2,0,0,6,1.000,False,True,0
332,3,2,4,0,1,6,0.500,False,True,0
333,3,3,2,0,1,6,1.500,False,False,0
334,3,4,1,0,1,6,4.000,False,False,0
335,3,4,1,0,1,6,4.000,False,True,0
336,3,4,1,0,0,6,4.000,False,True,0
337,3,0,3,0,1,6,0.000,False,True,0
338,3,0,6,0,1,6,0.000,False,True,0
339,3,5,1,0,1,6,5.000,False,False,0
340,3,4,0,0,0,6,6.000,False,False,0
341,3,4,2,0,1,6,2.000,False,True,0
342,3,5,0,0,1,6,6.000,False,False,0
343,3,3,0,0,1,6,6.000,False,True,0
344,3,3,3,0,1,6,1.000,False,True,0
345,3,4,1,1,0,6,4.000,False,False,0
346,3,2,2,0,1,6,1.000,False,True,0
347,3,4,1,0,1,6,4.000,False,False,0
348,3,2,2,0,1,6,1.000,False,True,0
349,3,2,4,0,1,6,0.500,False,True,0
350,3,5,0,0,1,6,6.000,False,False,0
351,3,2,2,0,0,6,1.000,False,True,0
352,3,2,3,0,1,6,0.667,False,True,0
353,3,1,3,0,1,6,0.333,False,True,0
354,3,3,3,0,1,6,1.000,False,False,0
355,3,3,1,1,1,6,3.000,False,False,0
356,3,4,2,0,1,6,2.000,False,True,0
357,3,4,1,0,0,6,4.000,False,False,0
358,3,2,2,0,1,6,1.000,False,True,0
359,3,2,2,0,1,6,1.000,False,True,0
360,3,1,4,0,1,6,0.250,False,True,0
361,3,2,3,0,1,6,0.667,False,False,0
362,3,2,4,0,0,6,0.500,False,True,0
363,3,3,2,0,1,6,1.500,False,False,0
364,3,3,2,0,1,6,1.500,False,True,0
365,3,3,3,0,1,6,1.000,False,True,0
366,3,1,2,0,1,6,0.500,False,True,0
367,3,1,4,0,1,6,0.250,False,True,0
368,3,2,3,0,1,6,0.667,False,False,0
369,3,5,1,0,1,6,5.000,False,False,0
370,3,4,0,0,1,6,6.000,False,False,0
371,3,1,3,0,0,6,0.333,False,True,0
372,3,0,5,0,1,6,0.000,False,True,0
373,3,2,4,0,1,6,0.500,False,False,0
374,3,4,1,0,1,6,4.000,False,False,0
375,3,6,0,0,1,6,6.000,False,False,0
376,3,5,0,0,1,6,6.000,False,True,0
377,3,3,0,0,1,6,6.000,False,True,0
378,3,3,2,0,0,6,1.500,False,True,0
379,3,1,3,0,1,6,0.333,False,True,0
380,3,3,3,0,1,6,1.000,False,False,0
381,3,5,1,0,1,6,5.000,False,False,0
382,3,2,0,0,1,6,6.000,False,False,0
383,3,2,4,0,1,6,0.500,False,True,0
384,3,2,3,0,1,6,0.667,False,False,0
385,3,4,2,0,0,6,2.000,False,False,0
386,3,2,2,0,1,6,1.000,False,True,0
387,3,3,1,0,1,6,3.000,False,False,0
388,3,1,3,1,1,6,0.333,False,True,0
389,3,4,1,0,1,6,4.000,False,False,0
390,3,4,2,0,0,6,2.000,False,True,0
391,3,5,0,0,1,6,6.000,False,False,0
392,3,2,1,0,1,6,2.000,False,True,0
393,3,3,2,0,1,6,1.500,False,True,0
394,3,2,2,0,1,6,1.000,False,True,0
395,3,3,3,0,0,6,1.000,False,True,0
396,3,3,3,0,1,6,1.000,False,True,0
397,3,3,1,0,1,6,3.000,False,False,0
398,3,4,2,0,1,6,2.000,False,True,0
399,3,3,0,0,1,6,6.000,False,False,0
400,3,2,3,0,1,6,0.667,False,True,0
401,3,1,4,0,0,6,0.250,False,True,0
402,3,4,2,0,1,6,2.000,False,False,0
403,3,4,0,0,1,6,6.000,False,False,0
404,3,4,1,0,1,6,4.000,False,True,0
405,3,3,2,0,0,6,1.500,False,True,0
406,3,2,2,0,1,6,1.000,False,True,0
407,3,3,2,0,1,6,1.500,False,False,0
408,3,2,3,0,1,6,0.667,False,True,0
409,3,4,1,0,1,6,4.000,False,False,0
410,3,2,2,1,0,6,1.000,False,True,0
411,3,0,4,0,1,6,0.000,False,True,0
412,3,2,4,0,1,6,0.500,False,False,0
413,3,3,1,0,1,6,3.000,False,False,0
414,3,3,2,0,1,6,1.500,False,True,0
415,3,3,3,0,1,6,1.000,False,True,0
416,3,1,3,0,0,6,0.333,False,True,0
417,3,2,4,0,1,6,0.500,False,False,0
418,3,4,1,0,1,6,4.000,False,False,0
419,3,2,1,0,1,6,2.000,False,True,0
420,3,3,3,0,1,6,1.000,False,True,0
421,3,2,3,0,0,6,0.667,False,True,0
422,3,3,2,0,1,6,1.500,False,False,0
423,3,1,3,0,1,6,0.333,False,True,0
424,3,2,4,0,1,6,0.500,False,False,0
425,3,3,2,0,1,6,1.500,False,False,0
426,3,5,1,0,1,6,5.000,False,False,0
427,3,2,0,0,0,6,6.000,False,False,0
428,3,2,4,0,1,6,0.500,False,True,0
429,3,3,2,0,1,6,1.500,False,False,0
430,3,6,0,0,1,6,6.000,False,False,0
431,3,4,0,0,1,6,6.000,False,True,0
432,3,4,1,0,0,6,4.000,False,True,0
433,3,4,2,0,1,6,2.000,False,True,0
434,3,3,0,0,1,6,6.000,False,False,0
435,3,1,2,1,1,6,0.500,False,True,0
436,3,3,3,0,1,6,1.000,False,False,0
437,3,3,1,1,0,6,3.000,False,False,0
438,3,2,2,0,1,6,1.000,False,True,0
439,3,2,3,0,1,6,0.667,False,True,0
440,3,1,2,1,1,6,0.500,False,True,0
441,3,2,3,0,0,6,0.667,False,False,0
442,3,1,4,0,1,6,0.250,False,True,0
443,3,4,2,0,1,6,2.000,False,False,0
444,3,4,1,0,1,6,4.000,False,False,0
445,3,4,0,0,1,6,6.000,False,False,0
446,3,3,1,0,1,6,3.000,False,True,0
447,3,2,3,0,0,6,0.667,False,True,0
448,3,3,3,0,1,6,1.000,False,False,0
449,3,5,1,0,1,6,5.000,False,False,0
450,3,4,0,0,1,6,6.000,False,False,0
451,3,3,1,1,1,6,3.000,False,True,0
452,3,2,2,0,1,6,1.000,False,True,0
453,3,4,2,0,0,6,2.000,False,False,0
454,3,2,2,0,1,6,1.000,False,True,0
455,3,4,2,0,1,6,2.000,False,False,0
456,3,3,1,0,1,6,3.000,False,False,0
457,3,2,2,0,1,6,1.000,False,True,0
458,3,1,4,0,1,6,0.250,False,True,0
459,3,3,3,0,0,6,1.000,False,False,0
460,3,2,4,0,1,6,0.500,False,True,0
461,3,3,2,0,1,6,1.500,False,False,0
462,3,4,0,0,1,6,6.000,False,False,0
463,3,3,2,0,1,6,1.500,False,True,0
464,3,2,2,1,0,6,1.000,False,True,0
465,3,2,3,0,1,6,0.667,False,True,0
466,3,4,2,0,1,6,2.000,False,False,0
467,3,2,2,0,1,6,1.000,False,True,0
468,3,2,3,0,1,6,0.667,False,True,0
469,3,3,2,0,1,6,1.500,False,False,0
470,3,2,2,1,1,6,1.000,False,True,0
471,3,4,1,1,0,6,4.000,False,False,0
472,3,2,2,0,1,6,1.000,False,True,0
473,3,3,2,0,1,6,1.500,False,False,0
474,3,3,2,0,1,6,1.500,False,True,0
475,3,1,3,0,0,6,0.333,False,True,0
476,3,2,4,0,1,6,0.500,False,False,0
477,3,4,2,0,1,6,2.000,False,False,0
478,3,3,2,0,1,6,1.500,False,True,0
479,3,2,1,0,1,6,2.000,False,False,0
480,3,4,2,0,1,6,2.000,False,True,0
481,3,4,0,0,0,6,6.000,False,False,0
482,3,3,2,0,1,6,1.500,False,True,0
483,3,1,3,0,1,6,0.333,False,True,0
484,3,3,3,0,1,6,1.000,False,False,0
485,3,3,1,0,0,6,3.000,False,False,0
486,3,2,3,0,1,6,0.667,False,True,0
487,3,3,2,0,1,6,1.500,False,False,0
488,3,5,1,0,1,6,5.000,False,False,0
489,3,6,0,0,1,6,6.000,False,False,0
490,3,3,0,0,0,6,6.000,False,True,0
491,3,1,3,0,1,6,0.333,False,True,0
492,3,2,4,0,1,6,0.500,False,False,0
493,3,4,1,0,1,6,4.000,False,False,0
494,3,5,0,0,1,6,6.000,False,False,0
495,3,3,1,0,1,6,3.000,False,True,0
496,3,4,2,0,0,6,2.000,False,True,0
497,3,1,2,0,1,6,0.500,False,True,0
498,3,0,5,0,1,6,0.000,False,True,0
499,3,1,5,0,1,6,0.200,False,False,0
500,3,6,0,0,1,6,6.000,False,False,0
501,3,3,0,0,0,6,6.000,False,True,0
502,3,1,3,0,1,6,0.333,False,True,0
503,3,1,4,0,1,6,0.250,False,True,0
504,3,3,3,0,1,6,1.000,False,False,0
505,3,5,0,0,1,6,6.000,False,False,0
506,3,4,1,0,0,6,4.000,False,True,0
507,3,1,2,0,1,6,0.500,False,True,0
508,3,0,5,0,1,6,0.000,False,True,0
509,3,3,3,0,1,6,1.000,False,False,0
510,3,2,3,0,0,6,0.667,False,True,0
511,3,4,2,0,1,6,2.000,False,False,0
512,3,3,1,0,1,6,3.000,False,False,0
513,3,3,3,0,1,6,1.000,False,True,0
514,3,2,2,0,1,6,1.000,False,True,0
515,3,3,2,0,1,6,1.500,False,False,0
516,3,2,3,0,0,6,0.667,False,True,0
517,3,3,2,0,1,6,1.500,False,False,0
518,3,3,2,0,1,6,1.500,False,True,0
519,3,2,2,1,1,6,1.000,False,True,0
520,3,2,3,0,1,6,0.667,False,True,0
521,3,3,2,0,0,6,1.500,False,False,0
522,3,1,4,0,1,6,0.250,False,True,0
523,3,3,3,0,1,6,1.000,False,False,0
524,3,4,0,0,1,6,6.000,False,False,0
525,3,5,1,0,1,6,5.000,False,True,0
526,3,1,1,0,0,6,1.000,False,True,0
527,3,2,4,0,1,6,0.500,False,True,0
528,3,3,3,0,1,6,1.000,False,False,0
529,3,2,2,0,1,6,1.000,False,True,0
530,3,4,2,0,1,6,2.000,False,False,0
531,3,3,2,0,1,6,1.500,False,True,0
532,3,3,0,0,1,6,6.000,False,False,0
533,3,3,3,0,0,6,1.000,False,True,0
534,3,1,3,0,1,6,0.333,False,True,0
535,3,2,4,0,1,6,0.500,False,False,0
536,3,2,3,0,1,6,0.667,False,False,0
537,3,4,0,0,1,6,6.000,False,False,0
538,3,4,2,0,1,6,2.000,False,True,0
539,3,3,1,0,1,6,3.000,False,False,0
540,3,2,3,0,0,6,0.667,False,True,0
541,3,3,3,0,1,6,1.000,False,False,0
542,3,2,2,0,1,6,1.000,False,True,0
543,3,2,2,0,1,6,1.000,False,True,0
544,3,2,3,0,1,6,0.667,False,True,0
545,3,2,4,0,1,6,0.500,False,True,0
546,3,5,1,0,1,6,5.000,False,False,0
547,3,5,0,0,0,6,6.000,False,False,0
548,3,2,1,0,1,6,2.000,False,True,0
549,3,2,3,0,1,6,0.667,False,True,0
550,3,1,3,0,1,6,0.333,False,True,0
551,3,2,4,0,1,6,0.500,False,False,0
552,3,4,1,0,1,6,4.000,False,False,0
553,3,3,1,0,0,6,3.000,False,True,0
554,3,1,4,0,1,6,0.250,False,True,0
555,3,2,3,0,1,6,0.667,False,False,0
556,3,4,2,0,1,6,2.000,False,False,0
557,3,3,0,0,0,6,6.000,False,False,0
558,3,1,3,0,1,6,0.333,False,True,0
559,3,2,4,0,1,6,0.500,False,False,0
560,3,3,3,0,1,6,1.000,False,False,0
561,3,4,0,0,1,6,6.000,False,False,0
562,3,3,1,0,1,6,3.000,False,True,0
563,3,1,3,0,1,6,0.333,False,True,0
564,3,0,5,1,1,6,0.000,False,True,0
565,3,3,2,1,0,6,1.500,False,False,0
566,3,3,3,0,1,6,1.000,False,True,0
567,3,4,2,0,1,6,2.000,False,False,0
568,3,3,0,0,1,6,6.000,False,False,0
569,3,2,2,0,1,6,1.000,False,True,0
570,3,2,4,0,1,6,0.500,False,True,0
571,3,3,2,0,0,6,1.500,False,False,0
572,3,2,3,0,1,6,0.667,False,True,0
573,3,3,3,0,1,6,1.000,False,False,0
574,3,2,1,0,1,6,2.000,False,False,0
575,3,2,3,0,1,6,0.667,False,True,0
576,3,2,3,0,1,6,0.667,False,True,0
577,3,6,0,0,0,6,6.000,False,False,0
578,3,4,1,0,1,6,4.000,False,True,0
579,3,2,1,0,1,6,2.000,False,True,0
580,3,1,5,0,1,6,0.200,False,True,1
581,3,3,4,0,1,6,0.750,False,False,1
582,3,4,4,0,1,6,1.000,True,False,1
583,3,5,1,0,0,6,5.000,False,False,1
584,3,2,4,0,1,6,0.500,False,True,1
585,3,1,7,0,1,6,0.143,True,True,1
586,3,2,4,1,1,6,0.500,False,False,1
587,3,4,5,0,1,6,0.800,True,False,1
588,3,3,4,0,0,6,0.750,False,True,1
589,3,1,5,0,1,6,0.200,False,True,1
590,3,1,7,0,1,6,0.143,True,True,1
591,3,1,6,0,1,6,0.167,True,True,1
592,3,3,6,1,1,6,0.500,True,False,1
593,3,3,6,1,1,6,0.500,True,True,1
594,3,4,5,0,0,6,0.800,True,False,1
595,3,0,5,1,1,6,0.000,False,True,1
596,3,1,7,1,1,6,0.143,True,False,1
597,3,4,6,1,1,6,0.667,True,False,1
598,3,2,6,1,1,6,0.333,True,True,1
599,3,3,8,0,1,6,0.375,True,False,1
600,3,1,6,1,0,6,0.167,True,True,1
601,3,2,9,1,1,6,0.222,True,False,1
602,3,1,5,0,1,6,0.200,False,True,1
603,3,1,7,0,1,6,0.143,True,True,1
604,3,1,5,0,1,6,0.200,False,False,1
605,3,1,8,0,1,6,0.125,True,True,1
606,3,0,7,1,1,6,0.000,True,True,1
607,3,2,9,0,0,6,0.222,True,False,1
608,3,1,7,1,1,6,0.143,True,True,1
609,3,1,7,1,1,6,0.143,True,True,1
610,3,0,7,0,1,6,0.000,True,True,1
611,3,0,7,1,1,6,0.000,True,True,1
612,3,0,10,1,0,6,0.000,True,True,1
613,3,0,7,0,1,6,0.000,True,True,1
614,3,1,6,0,1,6,0.167,True,False,1
615,3,0,7,0,1,6,0.000,True,True,1
616,3,0,7,0,1,6,0.000,True,True,1
617,3,0,9,0,1,6,0.000,True,True,1
618,3,0,10,0,1,6,0.000,True,True,1
619,3,0,9,1,0,6,0.000,True,True,1
620,3,0,5,0,1,6,0.000,False,True,1
621,3,0,9,1,1,6,0.000,True,True,1
622,3,1,7,1,1,6,0.143,True,False,1
623,3,1,9,0,1,6,0.111,True,True,1
624,3,1,6,1,1,6,0.167,True,False,1
625,3,1,6,1,1,6,0.167,True,True,1
626,3,2,6,0,0,6,0.333,True,False,1
627,3,1,9,0,1,6,0.111,True,True,1
628,3,3,7,1,1,6,0.429,True,False,1
629,3,1,7,1,1,6,0.143,True,True,1
630,3,1,4,0,1,6,0.250,False,False,1
631,3,1,6,1,0,6,0.167,True,True,1
632,3,2,7,1,1,6,0.286,True,False,1
633,3,3,7,1,1,6,0.429,True,False,1
634,3,1,4,1,1,6,0.250,False,True,1
635,3,3,6,0,1,6,0.500,True,False,1
636,3,1,5,1,1,6,0.200,False,True,1
637,3,4,6,0,0,6,0.667,True,False,1
638,3,3,7,0,1,5,0.429,True,True,1
639,3,3,5,0,1,5,0.600,True,False,1
640,3,3,6,1,1,5,0.500,True,True,1
641,3,4,5,0,0,6,0.800,True,False,1
642,3,4,6,0,1,6,0.667,True,True,1
643,3,3,6,0,1,6,0.500,True,True,1
644,3,1,4,0,1,6,0.250,False,True,1
645,3,2,7,0,1,6,0.286,True,False,1
646,3,2,7,0,0,6,0.286,True,True,1
647,3,3,6,0,1,6,0.500,True,False,1
648,3,4,7,0,1,6,0.571,True,False,1
649,3,4,5,0,1,6,0.800,True,False,1
650,3,1,4,0,1,6,0.250,False,True,1
651,3,2,6,0,0,6,0.333,True,False,1
652,3,2,6,0,1,6,0.333,True,True,1
653,3,5,0,0,1,6,6.000,False,False,1
654,3,5,0,0,1,6,6.000,False,True,1
655,3,1,1,0,1,6,1.000,False,True,1
656,3,2,4,0,0,6,0.500,False,True,1
657,3,2,4,0,1,6,0.500,False,True,1
658,3,3,2,0,1,6,1.500,False,False,1
659,3,3,1,0,1,6,3.000,False,False,1
660,3,1,3,0,1,6,0.333,False,True,0
661,3,1,5,0,1,6,0.200,False,True,0
662,3,5,0,0,1,6,6.000,False,False,0
663,3,5,0,0,1,6,6.000,False,True,0
664,3,2,1,0,0,6,2.000,False,True,0
665,3,2,4,0,1,6,0.500,False,True,0
666,3,3,2,0,1,6,1.500,False,False,0
667,3,3,3,0,1,6,1.000,False,True,0
668,3,2,1,0,1,6,2.000,False,False,0
669,3,2,3,0,1,6,0.667,False,True,0
670,3,3,3,0,1,6,1.000,False,False,0
671,3,3,1,1,0,6,3.000,False,False,0
672,3,2,2,0,1,6,1.000,False,True,0
673,3,4,2,0,1,6,2.000,False,False,0
674,3,2,1,0,1,6,2.000,False,True,0
675,3,3,3,0,0,6,1.000,False,True,0
676,3,6,0,0,1,6,6.000,False,False,0
677,3,3,0,0,1,6,6.000,False,True,0
678,3,2,2,0,1,6,1.000,False,True,0
679,3,2,4,0,0,6,0.500,False,True,0
680,3,5,0,0,1,6,6.000,False,False,0
681,3,5,1,0,1,6,5.000,False,True,0
682,3,2,1,0,1,6,2.000,False,True,0
683,3,3,2,0,1,6,1.500,False,True,0
684,3,1,3,0,1,6,0.333,False,True,0
685,3,3,3,0,1,6,1.000,False,False,0
686,3,4,2,0,0,6,2.000,False,False,0
687,3,2,1,0,1,6,2.000,False,True,0
688,3,2,4,0,1,6,0.500,False,True,0
689,3,6,0,0,1,6,6.000,False,False,0
690,3,4,0,0,0,6,6.000,False,True,0
691,3,2,2,0,1,6,1.000,False,True,0
692,3,1,3,0,1,6,0.333,False,True,0
693,3,2,4,0,0,6,0.500,False,False,0
694,3,5,1,0,1,6,5.000,False,False,0
695,3,2,0,0,1,6,6.000,False,False,0
696,3,2,3,0,1,6,0.667,False,True,0
697,3,2,3,0,1,6,0.667,False,True,0
698,3,2,4,0,1,6,0.500,False,True,0
699,3,4,2,0,0,6,2.000,False,False,0
700,3,6,0,0,1,6,6.000,False,False,0
701,3,2,0,0,1,6,6.000,False,True,0
702,3,2,3,0,1,6,0.667,False,True,0
703,3,3,2,0,1,6,1.500,False,False,0
704,3,4,1,0,0,6,4.000,False,False,0
705,3,2,2,0,1,6,1.000,False,True,0
706,3,2,2,1,1,6,1.000,False,True,0
707,3,1,2,1,1,6,0.500,False,True,0
708,3,3,3,0,1,6,1.000,False,False,0
709,3,4,2,0,1,6,2.000,False,False,0
710,3,4,0,0,1,6,6.000,False,False,0
711,3,2,2,0,0,6,1.000,False,True,0
712,3,2,3,0,1,6,0.667,False,True,0
713,3,0,4,0,1,6,0.000,False,True,0
714,3,1,5,0,1,6,0.200,False,False,0
715,3,3,3,0,1,6,1.000,False,False,0
716,3,5,0,0,1,6,6.000,False,False,0
717,3,5,0,0,1,6,6.000,False,True,0
718,3,1,1,0,0,6,1.000,False,True,0
719,3,0,6,0,1,6,0.000,False,True,0
720,3,0,6,0,1,6,0.000,False,True,0
721,3,3,3,0,1,6,1.000,False,False,0
722,3,4,1,1,1,6,4.000,False,False,0
723,3,5,0,0,0,6,6.000,False,False,0
724,3,3,1,0,1,6,3.000,False,True,0
725,3,1,3,0,1,6,0.333,False,True,0
726,3,3,3,0,1,6,1.000,False,False,0
727,3,3,2,0,0,6,1.500,False,False,0
728,3,3,2,0,1,6,1.500,False,True,0
729,3,0,3,0,1,6,0.000,False,True,0
730,3,2,4,0,1,6,0.500,False,False,0
731,3,3,2,0,1,6,1.500,False,False,0
732,3,4,0,0,1,6,6.000,False,False,0
733,3,3,2,0,1,6,1.500,False,True,0
734,3,1,3,0,0,6,0.333,False,True,0
735,3,3,3,0,1,6,1.000,False,False,0
736,3,3,2,0,1,6,1.500,False,False,0
737,3,4,1,0,1,6,4.000,False,False,0
738,3,2,1,1,1,6,2.000,False,True,0
739,3,3,3,0,1,6,1.000,False,True,0
740,3,2,2,0,0,6,1.000,False,True,0
741,3,3,3,0,1,6,1.000,False,True,0
742,3,3,1,1,1,6,3.000,False,False,0
743,3,4,1,0,1,6,4.000,False,False,0
744,3,1,1,1,0,6,1.000,False,True,0
745,3,3,3,0,1,6,1.000,False,True,0
746,3,3,2,0,1,6,1.500,False,False,0
747,3,5,1,0,1,6,5.000,False,False,0
748,3,4,0,0,0,6,6.000,False,False,0
749,3,3,2,0,1,6,1.500,False,True,0
750,3,1,3,0,1,6,0.333,False,True,0
751,3,2,4,0,1,6,0.500,False,False,0
752,3,3,2,0,1,6,1.500,False,False,0
753,3,2,1,0,0,6,2.000,False,False,0
754,3,2,4,0,1,6,0.500,False,True,0
755,3,2,3,0,1,6,0.667,False,False,0
756,3,2,3,0,1,6,0.667,False,True,0
757,3,4,2,0,1,6,2.000,False,False,0
758,3,3,2,0,0,6,1.500,False,True,0
759,3,1,3,0,1,6,0.333,False,True,0
760,3,3,2,0,1,6,1.500,False,False,0
761,3,4,2,0,1,6,2.000,False,False,0
762,3,5,0,0,0,6,6.000,False,False,0
763,3,2,1,0,1,6,2.000,False,True,0
764,3,0,4,0,1,6,0.000,False,True,0
765,3,3,3,0,1,6,1.000,False,False,0
766,3,4,1,0,1,6,4.000,False,False,0
767,3,3,1,0,0,6,3.000,False,True,0
768,3,1,3,0,1,6,0.333,False,True,0
769,3,0,5,0,1,6,0.000,False,True,0
770,3,2,4,0,1,6,0.500,False,False,0
771,3,6,0,0,1,6,6.000,False,False,0
772,3,5,0,0,1,6,6.000,False,True,0
773,3,5,0,0,0,6,6.000,False,True,0
774,3,0,2,0,1,6,0.000,False,True,0
775,3,0,6,0,1,6,0.000,True,True,0
776,3,2,4,0,1,6,0.500,False,False,0
777,3,2,3,0,1,6,0.667,False,False,0
778,3,3,2,0,0,6,1.500,False,False,0
779,3,4,2,0,1,6,2.000,False,False,0
780,3,0,2,0,1,6,0.000,False,True,0
781,3,2,4,0,1,6,0.500,False,False,0
782,3,4,2,0,1,6,2.000,False,False,0
783,3,3,2,0,0,6,1.500,False,True,0
784,3,3,2,0,1,6,1.500,False,True,0
785,3,3,2,0,1,6,1.500,False,True,0
786,3,2,3,0,1,6,0.667,False,True,0
787,3,1,3,0,1,6,0.333,False,True,0
788,3,3,2,1,1,6,1.500,False,False,0
789,3,3,1,1,1,6,3.000,False,False,0
790,3,3,1,0,0,6,3.000,False,True,0
791,3,3,3,0,1,6,1.000,False,True,0
792,3,2,2,0,1,6,1.000,False,True,0
793,3,4,2,0,1,6,2.000,False,False,0
794,3,3,1,0,1,6,3.000,False,False,0
795,3,1,3,0,0,6,0.333,False,True,0
796,3,3,3,0,1,6,1.000,False,False,0
797,3,3,2,0,1,6,1.500,False,False,0
798,3,4,0,0,1,6,6.000,False,False,0
799,3,3,2,0,0,6,1.500,False,True,0
800,3,0,4,0,1,6,0.000,False,True,0
801,3,2,4,0,1,6,0.500,False,False,0
802,3,3,3,0,1,6,1.000,False,False,0
803,3,5,0,0,1,6,6.000,False,False,0
804,3,3,0,0,1,6,6.000,False,True,0
805,3,1,3,0,0,6,0.333,False,True,0
806,3,2,4,0,1,6,0.500,False,False,0
807,3,4,2,0,1,6,2.000,False,False,0
808,3,4,0,0,1,6,6.000,False,False,0
809,3,1,2,0,0,6,0.500,False,True,0
810,3,0,5,0,1,6,0.000,False,True,0
811,3,2,4,0,1,6,0.500,False,False,0
812,3,4,2,0,1,6,2.000,False,False,0
813,3,4,1,0,1,6,4.000,False,False,0
814,3,4,0,0,1,6,6.000,False,False,0
815,3,3,2,0,0,6,1.500,False,True,0
816,3,2,2,0,1,6,1.000,False,True,0
817,3,3,3,0,1,6,1.000,False,True,0
818,3,1,1,1,1,6,1.000,False,True,0
819,3,2,3,0,0,6,0.667,False,True,0
820,3,2,3,0,1,6,0.667,False,True,0
821,3,3,3,0,1,6,1.000,False,False,0
822,3,2,2,0,1,6,1.000,False,True,0
823,3,2,2,0,1,6,1.000,False,True,0
824,3,2,3,0,0,6,0.667,False,True,0
825,3,1,4,0,1,6,0.250,False,True,0
826,3,3,3,0,1,6,1.000,False,False,0
827,3,4,2,0,1,6,2.000,False,False,0
828,3,4,0,0,0,6,6.000,False,False,0
829,3,1,2,0,1,6,0.500,False,True,0
830,3,2,4,0,1,6,0.500,False,True,0
831,3,2,3,0,1,6,0.667,False,False,0
832,3,3,3,0,1,6,1.000,False,False,0
833,3,2,1,0,1,6,2.000,False,False,0
834,3,1,4,0,1,6,0.250,False,True,0
835,3,3,2,1,1,6,1.500,False,False,0
836,3,5,1,0,0,6,5.000,False,False,0
837,3,4,0,0,1,6,6.000,False,False,0
838,3,4,2,0,1,6,2.000,False,True,0
839,3,2,1,1,1,6,2.000,False,True,0
840,3,1,2,1,1,6,0.500,False,True,0
841,3,1,4,0,0,6,0.250,False,True,0
842,3,2,4,0,1,6,0.500,False,False,0
843,3,4,2,0,1,6,2.000,False,False,0
844,3,3,2,0,1,6,1.500,False,True,0
845,3,3,1,0,1,6,3.000,False,False,0
846,3,2,3,0,1,6,0.667,False,True,0
847,3,4,1,0,1,6,4.000,False,False,0
848,3,3,2,0,1,6,1.500,False,True,0
849,3,5,0,0,1,6,6.000,False,False,0
850,3,3,2,0,1,6,1.500,False,True,0
851,3,2,1,0,0,6,2.000,False,False,0
852,3,0,5,0,1,6,0.000,False,True,0
853,3,2,4,0,1,6,0.500,False,False,0
854,3,6,0,0,1,6,6.000,False,False,0
855,3,5,0,0,1,6,6.000,False,True,0
856,3,3,0,0,0,6,6.000,False,True,0
857,3,1,4,0,1,6,0.250,False,True,0
858,3,3,2,0,1,6,1.500,False,False,0
859,3,3,2,0,0,6,1.500,False,True,0
860,3,3,2,0,1,6,1.500,False,True,0
861,3,2,2,0,1,6,1.000,False,True,0
862,3,1,3,0,1,6,0.333,False,True,0
863,3,3,3,0,1,6,1.000,False,False,0
864,3,5,1,0,1,6,5.000,False,False,0
865,3,5,0,0,1,6,6.000,False,False,0
866,3,3,0,0,0,6,6.000,False,True,0
867,3,2,3,0,1,6,0.667,False,True,0
868,3,1,4,0,1,6,0.250,False,True,0
869,3,3,3,0,1,6,1.000,False,False,0
870,3,6,0,0,1,6,6.000,False,False,0
871,3,2,2,0,1,6,1.000,False,True,0
872,3,3,1,0,1,6,3.000,False,False,0
873,3,1,3,0,0,6,0.333,False,True,0
874,3,1,5,0,1,6,0.200,False,True,0
875,3,5,1,0,1,6,5.000,False,False,0
876,3,5,0,0,1,6,6.000,False,False,0
877,3,6,0,0,0,6,6.000,False,True,0
878,3,1,1,0,1,6,1.000,False,True,0
879,3,1,4,0,1,6,0.250,False,True,0
880,3,2,4,0,1,6,0.500,False,False,0
881,3,4,1,0,1,6,4.000,False,False,0
882,3,5,0,0,1,6,6.000,False,False,0
883,3,6,0,0,0,6,6.000,False,True,0
884,3,1,1,0,1,6,1.000,False,True,0
885,3,1,4,0,1,6,0.250,False,True,0
886,3,1,5,0,1,6,0.200,False,True,0
887,3,3,2,0,1,6,1.500,False,False,0
888,3,5,0,0,1,6,6.000,False,False,0
889,3,4,0,0,0,6,6.000,False,True,0
890,3,3,3,0,1,6,1.000,False,True,0
891,3,3,2,1,1,6,1.500,False,False,0
892,3,4,0,0,0,6,6.000,False,False,0
893,3,2,3,0,1,6,0.667,False,True,0
894,3,2,3,0,1,6,0.667,False,True,0
895,3,3,2,0,1,6,1.500,False,False,0
896,3,4,1,0,1,6,4.000,False,False,0
897,3,4,1,0,1,6,4.000,False,True,0
898,3,3,1,0,0,6,3.000,False,True,0
899,3,1,4,0,1,6,0.250,False,True,0
900,3,1,4,0,1,6,0.250,False,True,0
901,3,4,2,0,1,6,2.000,False,False,0
902,3,3,2,0,1,6,1.500,False,True,0
903,3,3,2,0,1,6,1.500,False,True,0
904,3,5,0,0,0,6,6.000,False,False,0
905,3,1,2,0,1,6,0.500,False,True,0
906,3,3,3,0,1,6,1.000,False,False,0
907,3,2,3,0,1,6,0.667,False,True,0
908,3,4,0,0,1,6,6.000,False,False,0
909,3,3,2,0,1,6,1.500,False,True,0
910,3,1,2,1,0,6,0.500,False,True,0
911,3,2,4,0,1,6,0.500,False,True,0
912,3,2,3,0,1,6,0.667,False,False,0
913,3,3,1,0,1,6,3.000,False,False,0
914,3,4,2,0,1,6,2.000,False,True,0
915,3,2,2,0,1,6,1.000,False,True,0
916,3,3,2,0,0,6,1.500,False,False,0
917,3,2,4,0,1,6,0.500,False,True,0
918,3,2,3,0,1,6,0.667,False,False,0
919,3,2,2,0,1,6,1.000,False,False,0
920,3,1,4,0,1,6,0.250,False,True,0
921,3,4,2,0,1,6,2.000,False,False,0
922,3,5,0,0,1,6,6.000,False,False,0
923,3,3,1,1,0,6,3.000,False,True,0
924,3,2,2,0,1,6,1.000,False,True,0
925,3,0,4,0,1,6,0.000,False,True,0
926,3,3,3,0,1,6,1.000,False,False,0
927,3,3,3,0,1,6,1.000,False,True,0
928,3,3,2,0,1,6,1.500,False,False,0
929,3,3,2,0,1,6,1.500,False,True,0
930,3,4,0,0,1,6,6.000,False,False,0
931,3,2,2,0,0,6,1.000,False,True,0
932,3,2,4,0,1,6,0.500,False,True,0
933,3,3,2,0,1,6,1.500,False,False,0
934,3,3,2,0,1,6,1.500,False,True,0
935,3,3,2,0,1,6,1.500,False,True,0
936,3,2,3,0,1,6,0.667,False,True,0
937,3,1,3,1,1,6,0.333,False,True,0
938,3,2,3,0,0,6,0.667,False,False,0
939,3,4,1,0,1,6,4.000,False,False,0
940,3,4,1,0,1,6,4.000,False,True,0
941,3,3,1,0,1,6,3.000,False,True,0
942,3,2,2,0,1,6,1.000,False,True,0
943,3,4,2,0,1,6,2.000,False,False,0
944,3,6,0,0,1,6,6.000,False,False,0
945,3,3,0,0,0,6,6.000,False,True,0
946,3,2,3,0,1,6,0.667,False,True,0
947,3,1,2,1,1,6,0.500,False,True,0
948,3,2,3,0,1,6,0.667,False,False,0
949,3,2,4,0,0,6,0.500,False,True,0
950,3,1,4,0,1,6,0.250,False,True,0
951,3,5,1,0,1,6,5.000,False,False,0
952,3,4,0,0,1,6,6.000,False,False,0
953,3,2,2,0,1,6,1.000,False,True,0
954,3,3,2,0,1,6,1.500,False,False,0
955,3,4,2,0,1,6,2.000,False,False,0
956,3,3,1,0,0,6,3.000,False,False,0
957,3,0,4,0,1,6,0.000,False,True,0
958,3,3,3,0,1,6,1.000,False,False,0
959,3,4,1,0,0,6,4.000,False,False,0
960,3,3,2,0,1,6,1.500,False,True,0
961,3,3,2,0,1,6,1.500,False,True,0
962,3,1,2,0,1,6,0.500,False,True,0
963,3,3,3,0,1,6,1.000,False,False,0
964,3,3,2,0,1,6,1.500,False,False,0
965,3,3,2,0,0,6,1.500,False,True,0
966,3,3,2,0,1,6,1.500,False,True,0
967,3,3,1,0,1,6,3.000,False,False,0
968,3,3,2,0,1,6,1.500,False,True,0
969,3,3,1,1,1,6,3.000,False,False,0
970,3,4,2,0,0,6,2.000,False,True,0
971,3,3,1,0,1,6,3.000,False,False,0
972,3,1,2,1,1,6,0.500,False,True,0
973,3,4,2,0,1,6,2.000,False,False,0
974,3,3,2,0,1,6,1.500,False,True,0
975,3,4,2,0,0,6,2.000,False,False,0
976,3,2,2,0,1,6,1.000,False,True,0
977,3,2,2,0,1,6,1.000,False,True,0
978,3,0,3,1,1,6,0.000,False,True,0
979,3,2,4,0,0,6,0.500,False,False,0
980,3,3,3,0,1,6,1.000,False,False,0
981,3,3,2,0,1,6,1.500,False,False,0
982,3,5,0,0,1,6,6.000,False,False,0
983,3,1,1,1,1,6,1.000,False,True,0
984,3,3,3,0,0,6,1.000,False,True,0
985,3,1,3,0,1,6,0.333,False,True,0
986,3,2,4,0,1,6,0.500,False,False,0
987,3,4,1,0,1,6,4.000,False,False,0
988,3,3,1,1,1,6,3.000,False,True,0
989,3,3,2,0,0,6,1.500,False,True,0
990,3,3,2,0,1,6,1.500,False,True,0
991,3,4,2,0,1,6,2.000,False,False,0
992,3,2,2,0,1,6,1.000,False,True,0
993,3,3,3,0,1,6,1.000,False,True,0
994,3,3,0,0,0,6,6.000,False,False,0
995,3,0,4,0,1,6,0.000,False,True,0
996,3,1,5,0,1,6,0.200,False,False,0
997,3,4,2,0,1,6,2.000,False,False,0
998,3,4,1,0,1,6,4.000,False,False,0
999,3,4,0,0,0,6,6.000,False,False,0
1000,3,1,3,0,1,6,0.333,False,True,0
1001,3,2,3,0,1,6,0.667,False,False,0
1002,3,2,2,1,1,6,1.000,False,False,0
1003,3,3,2,1,0,6,1.500,False,False,0
1004,3,2,1,0,1,6,2.000,False,False,0
1005,3,2,4,0,1,6,0.500,False,True,0
1006,3,3,2,0,1,6,1.500,False,False,0
1007,3,5,1,0,0,6,5.000,False,False,0
1008,3,5,0,0,1,6,6.000,False,False,0
1009,3,4,1,0,1,6,4.000,False,True,0
1010,3,0,2,0,1,6,0.000,False,True,0
1011,3,1,5,0,1,6,0.200,False,False,0
1012,3,4,2,0,0,6,2.000,False,False,0
1013,3,3,2,0,1,6,1.500,False,True,0
1014,3,2,2,0,1,6,1.000,False,True,0
1015,3,3,3,0,1,6,1.000,False,True,0
1016,3,2,2,0,1,6,1.000,False,True,0
1017,3,2,2,1,1,6,1.000,False,True,0
1018,3,2,2,0,1,6,1.000,False,True,0
1019,3,4,2,0,1,6,2.000,False,False,0
1020,3,3,2,0,0,6,1.500,False,True,0
1021,3,2,3,0,1,6,0.667,False,True,0
1022,3,2,2,0,1,6,1.000,False,False,0
1023,3,5,1,0,1,6,5.000,False,False,0
1024,3,3,0,0,0,6,6.000,False,False,0
1025,3,0,4,0,1,6,0.000,False,True,0
1026,3,3,3,0,1,6,1.000,False,False,0
1027,3,4,2,0,1,6,2.000,False,False,0
1028,3,4,0,0,0,6,6.000,False,False,0
1029,3,3,2,0,1,6,1.500,False,True,0
1030,3,1,3,0,1,6,0.333,False,True,0
1031,3,3,2,0,1,6,1.500,False,False,0
1032,3,5,1,0,1,6,5.000,False,False,0
1033,3,6,0,0,0,6,6.000,False,False,0
1034,3,4,0,0,1,6,6.000,False,True,0
1035,3,1,2,0,1,6,0.500,False,True,0
1036,3,1,4,0,1,6,0.250,False,True,0
1037,3,2,4,0,0,6,0.500,False,False,0
1038,3,4,2,0,1,6,2.000,False,False,0
1039,3,3,2,0,1,6,1.500,False,True,0
1040,3,3,1,0,1,6,3.000,False,False,0
1041,3,2,2,1,0,6,1.000,False,True,0
1042,3,3,2,0,1,6,1.500,False,False,0
1043,3,3,2,0,1,6,1.500,False,True,0
1044,3,3,2,0,1,6,1.500,False,True,0
1045,3,4,2,0,1,6,2.000,False,False,0
1046,3,4,0,0,0,6,6.000,False,False,0
1047,3,2,3,0,1,6,0.667,False,True,0
1048,3,2,2,1,1,6,1.000,False,False,0
1049,3,1,3,0,1,6,0.333,False,True,0
1050,3,4,2,0,0,6,2.000,False,False,0
1051,3,2,2,0,1,6,1.000,False,True,0
1052,3,2,3,0,1,6,0.667,False,True,0
1053,3,3,2,1,1,6,1.500,False,False,0
1054,3,5,0,0,1,6,6.000,False,False,0
1055,3,3,0,0,0,6,6.000,False,True,0
1056,3,2,4,0,1,6,0.500,False,True,0
1057,3,1,3,0,1,6,0.333,False,True,0
1058,3,4,2,0,1,6,2.000,False,False,0
1059,3,6,0,0,1,6,6.000,False,False,0
1060,3,3,0,0,0,6,6.000,False,True,0
1061,3,1,3,0,1,6,0.333,False,True,0
1062,3,3,3,0,1,6,1.000,False,False,0
1063,3,3,2,0,1,6,1.500,False,False,0
1064,3,6,0,0,0,6,6.000,False,False,0
1065,3,3,1,0,1,6,3.000,False,True,0
1066,3,3,2,0,1,6,1.500,False,True,0
1067,3,2,2,0,1,6,1.000,False,True,0
1068,3,5,1,0,1,6,5.000,False,False,0
1069,3,4,0,0,0,6,6.000,False,False,0
1070,3,2,2,0,1,6,1.000,False,True,0
1071,3,1,4,0,1,6,0.250,False,True,0
1072,3,3,3,0,1,6,1.000,False,False,0
1073,3,2,2,0,1,6,1.000,False,True,0
1074,3,5,1,0,1,6,5.000,False,False,0
1075,3,4,1,0,1,6,4.000,False,True,0
1076,3,3,2,0,0,6,1.500,False,True,0
1077,3,3,3,0,1,6,1.000,False,True,0
1078,3,1,3,0,1,6,0.333,False,True,0
1079,3,2,3,0,1,6,0.667,False,False,0
1080,3,5,1,0,1,6,5.000,False,False,0
1081,3,3,1,0,0,6,3.000,False,True,0
1082,3,3,2,0,1,6,1.500,False,True,0
1083,3,3,2,0,1,6,1.500,False,True,0
1084,3,1,3,0,1,6,0.333,False,True,0
1085,3,2,3,0,1,6,0.667,False,False,0
1086,3,4,2,0,1,6,2.000,False,False,0
1087,3,5,0,0,0,6,6.000,False,False,0
1088,3,3,2,0,1,6,1.500,False,True,0
1089,3,1,2,0,1,6,0.500,False,True,0
1090,3,2,4,0,1,6,0.500,False,True,0
1091,3,5,1,0,1,6,5.000,False,False,0
1092,3,4,0,0,1,6,6.000,False,False,0
1093,3,2,2,0,0,6,1.000,False,True,0
1094,3,1,4,0,1,6,0.250,False,True,0
1095,3,0,5,0,1,6,0.000,False,True,0
1096,3,2,4,0,1,6,0.500,False,False,0
1097,3,6,0,0,0,6,6.000,False,False,0
1098,3,4,1,0,1,6,4.000,False,True,0
1099,3,3,1,0,1,6,3.000,False,True,0
1100,3,0,3,0,1,6,0.000,False,True,0
1101,3,2,4,0,1,6,0.500,False,False,0
1102,3,5,1,0,0,6,5.000,False,False,0
1103,3,3,1,0,1,6,3.000,False,True,0
1104,3,4,1,0,1,6,4.000,False,False,0
1105,3,2,1,1,1,6,2.000,False,True,0
1106,3,3,2,0,1,6,1.500,False,True,0
1107,3,5,1,0,0,6,5.000,False,False,0
1108,3,1,1,0,1,6,1.000,False,True,0
1109,3,1,4,0,1,6,0.250,False,True,0
1110,3,1,4,0,1,6,0.250,False,True,0
1111,3,3,2,1,1,6,1.500,False,False,0
1112,3,3,1,1,1,6,3.000,False,False,0
1113,3,4,2,0,0,6,2.000,False,True,0
1114,3,2,1,0,1,6,2.000,False,True,0
1115,3,2,4,0,1,6,0.500,False,True,0
1116,3,0,4,0,1,6,0.000,False,True,0
1117,3,1,4,1,1,6,0.250,False,False,0
1118,3,3,1,1,1,6,3.000,False,False,0
1119,3,4,0,0,0,6,6.000,False,False,0
1120,3,2,2,0,1,6,1.000,False,True,0
1121,3,2,4,0,1,6,0.500,False,True,0
1122,3,4,1,0,1,6,4.000,False,False,0
1123,3,3,2,0,1,6,1.500,False,True,0
1124,3,2,2,1,0,6,1.000,False,True,0
1125,3,3,2,0,1,6,1.500,False,False,0
1126,3,4,2,0,1,6,2.000,False,False,0
1127,3,4,0,0,1,6,6.000,False,False,0
1128,3,3,1,0,1,6,3.000,False,True,0
1129,3,2,3,1,1,6,0.667,False,True,0
1130,3,1,2,1,1,6,0.500,False,True,0
1131,3,5,1,0,0,6,5.000,False,False,0
1132,3,4,2,0,1,6,2.000,False,True,0
1133,3,3,0,0,1,6,6.000,False,False,0
1134,3,2,3,0,1,6,0.667,False,True,0
1135,3,1,3,1,1,6,0.333,False,True,0
1136,3,3,2,0,1,6,1.500,False,False,0
1137,3,3,2,0,1,6,1.500,False,True,0
1138,3,3,1,0,0,6,3.000,False,False,0
1139,3,1,4,0,1,6,0.250,False,True,0
1140,3,3,3,0,1,6,1.000,False,False,0
1141,3,3,2,0,1,6,1.500,False,False,0
1142,3,2,3,0,1,6,0.667,False,True,0
1143,3,2,2,0,1,6,1.000,False,False,0
1144,3,3,2,0,1,6,1.500,False,False,0
1145,3,5,1,0,0,6,5.000,False,False,0
1146,3,2,2,0,1,6,1.000,False,True,0
1147,3,4,2,0,1,6,2.000,False,False,0
1148,3,3,2,0,1,6,1.500,False,True,0
1149,3,2,2,0,1,6,1.000,False,True,0
1150,3,3,2,0,1,6,1.500,False,False,0
1151,3,5,0,0,0,6,6.000,False,False,0
1152,3,2,2,0,1,6,1.000,False,True,0
1153,3,3,2,0,1,6,1.500,False,False,0
1154,3,3,2,0,1,6,1.500,False,True,0
1155,3,3,2,0,1,6,1.500,False,True,0
1156,3,5,0,0,0,6,6.000,False,False,0
1157,3,2,2,0,1,6,1.000,False,True,0
1158,3,2,3,0,1,6,0.667,False,True,0
1159,3,4,2,0,1,6,2.000,False,False,0
1160,3,4,2,0,0,6,2.000,False,True,0
1161,3,2,1,0,1,6,2.000,False,True,0
1162,3,2,3,0,1,6,0.667,False,True,0
1163,3,5,1,0,1,6,5.000,False,False,0
1164,3,4,0,0,1,6,6.000,False,False,0
1165,3,3,2,0,1,6,1.500,False,True,0
1166,3,5,0,0,1,6,6.000,False,False,0
1167,3,3,2,0,1,6,1.500,False,True,0
1168,3,4,1,0,0,6,4.000,False,False,0
1169,3,2,2,0,1,6,1.000,False,True,0
1170,3,3,3,0,1,6,1.000,False,True,0
1171,3,2,2,0,1,6,1.000,False,True,0
1172,3,5,1,0,1,6,5.000,False,False,0
1173,3,2,1,0,1,6,2.000,False,True,0
1174,3,2,2,1,0,6,1.000,False,True,0
1175,3,1,3,0,1,6,0.333,False,True,0
1176,3,2,4,0,1,6,0.500,False,False,0
1177,3,4,1,0,1,6,4.000,False,False,0
1178,3,5,0,0,0,6,6.000,False,False,0
1179,3,2,1,0,1,6,2.000,False,True,0
1180,3,2,4,0,1,6,0.500,False,True,0
1181,3,2,3,0,1,6,0.667,False,False,0
1182,3,5,1,0,1,6,5.000,False,False,0
1183,3,4,1,0,1,6,4.000,False,True,0
1184,3,2,1,1,1,6,2.000,False,True,0
1185,3,3,1,0,0,6,3.000,False,False,0
1186,3,2,4,0,1,6,0.500,False,True,0
1187,3,0,4,0,1,6,0.000,False,True,0
1188,3,4,1,1,1,6,4.000,False,False,0
1189,3,3,0,0,1,6,6.000,False,False,0
1190,3,2,3,0,0,6,0.667,False,True,0
1191,3,1,5,0,1,6,0.200,True,True,0
1192,3,4,2,0,1,6,2.000,False,False,0
1193,3,5,0,0,1,6,6.000,False,False,0
1194,3,2,0,0,1,6,6.000,False,True,0
1195,3,0,5,0,1,6,0.000,False,True,0
1196,3,2,4,0,0,6,0.500,False,False,0
1197,3,3,2,0,1,6,1.500,False,False,0
1198,3,2,2,0,1,6,1.000,False,True,0
1199,3,3,3,0,1,6,1.000,False,True,0
1200,3,2,1,0,1,6,2.000,False,False,0
1201,3,2,3,0,1,6,0.667,False,True,0
1202,3,3,3,0,0,6,1.000,False,False,0
1203,3,5,1,0,1,6,5.000,False,False,0
1204,3,3,1,0,1,6,3.000,False,True,0
1205,3,3,2,0,1,6,1.500,False,True,0
1206,3,2,3,0,1,6,0.667,False,True,0
1207,3,2,3,0,1,6,0.667,False,True,0
1208,3,2,2,0,1,6,1.000,False,False,0
1209,3,4,2,0,1,6,2.000,False,False,0
1210,3,3,2,0,1,6,1.500,False,True,0
1211,3,3,1,0,1,6,3.000,False,False,0
1212,3,1,4,0,1,6,0.250,False,True,0
1213,3,3,3,0,0,6,1.000,False,False,0
1214,3,4,1,0,1,6,4.000,False,False,0
1215,3,3,1,0,1,6,3.000,False,True,0
1216,3,3,3,0,1,6,1.000,False,True,0
1217,3,2,1,0,1,6,2.000,False,False,0
1218,3,3,3,0,1,6,1.000,False,True,0
1219,3,1,3,0,1,6,0.333,False,True,0
1220,3,4,2,0,0,6,2.000,False,False,0
1221,3,3,2,0,1,6,1.500,False,True,0
1222,3,3,3,0,1,6,1.000,False,True,0
1223,3,2,1,0,1,6,2.000,False,False,0
1224,3,2,3,0,1,6,0.667,False,True,0
1225,3,3,3,0,0,6,1.000,False,False,0
1226,3,3,1,0,1,6,3.000,False,False,0
1227,3,3,2,0,1,6,1.500,False,True,0
1228,3,3,2,0,1,6,1.500,False,True,0
1229,3,4,1,0,0,6,4.000,False,False,0
1230,3,5,1,0,1,6,5.000,False,False,0
1231,3,4,0,0,1,6,6.000,False,False,0
1232,3,3,2,0,0,6,1.500,False,True,0
1233,3,1,3,0,1,6,0.333,False,True,0
1234,3,0,5,0,1,6,0.000,False,True,0
1235,3,2,4,0,1,6,0.500,False,False,0
1236,3,4,1,0,1,6,4.000,False,False,0
1237,3,4,0,0,1,6,6.000,False,False,0
1238,3,1,2,1,0,6,0.500,False,True,0
1239,3,1,4,0,1,6,0.250,False,True,0
1240,3,4,2,0,1,6,2.000,False,False,0
1241,3,3,1,0,1,6,3.000,False,False,0
1242,3,2,2,0,1,6,1.000,False,True,0
1243,3,2,4,0,1,6,0.500,False,True,0
1244,3,2,4,0,1,6,0.500,False,True,0
1245,3,3,2,0,0,6,1.500,False,False,0
1246,3,4,1,0,1,6,4.000,False,False,0
1247,3,0,2,0,1,6,0.000,False,True,0
1248,3,2,4,0,1,6,0.500,False,False,0
1249,3,3,2,0,1,6,1.500,False,False,0
1250,3,5,0,0,1,6,6.000,False,False,0
1251,3,3,1,0,1,6,3.000,False,True,0
1252,3,2,3,0,0,6,0.667,False,True,0
1253,3,3,3,0,1,6,1.000,False,False,0
1254,3,4,1,0,1,6,4.000,False,False,0
1255,3,4,0,0,1,6,6.000,False,False,0
1256,3,3,1,0,0,6,3.000,False,True,0
1257,3,2,3,0,1,6,0.667,False,True,0
1258,3,2,3,0,1,6,0.667,False,True,0
1259,3,1,4,0,1,6,0.250,False,True,0
1260,3,3,2,0,1,6,1.500,False,False,0
1261,3,4,1,0,0,6,4.000,False,False,0
1262,3,3,2,0,1,6,1.500,False,True,0
1263,3,1,2,0,1,6,0.500,False,True,0
1264,3,1,5,0,1,6,0.200,True,True,0
1265,3,1,4,0,1,6,0.250,False,False,0
1266,3,5,1,0,1,6,5.000,False,False,0
1267,3,3,0,0,0,6,6.000,False,False,0
1268,3,3,3,0,1,6,1.000,False,True,0
1269,3,2,3,0,1,6,0.667,False,True,0
1270,3,4,2,0,1,6,2.000,False,False,0
1271,3,5,0,0,1,6,6.000,False,False,0
1272,3,1,1,0,0,6,1.000,False,True,0
1273,3,0,6,0,1,6,0.000,True,True,0
1274,3,2,4,0,1,6,0.500,False,False,0
1275,3,4,1,0,1,6,4.000,False,False,0
1276,3,3,1,0,1,6,3.000,False,True,0
1277,3,2,3,0,1,6,0.667,False,True,0
1278,3,1,3,0,1,6,0.333,False,True,0
1279,3,3,3,0,1,6,1.000,False,False,0
1280,3,3,2,0,1,6,1.500,False,False,0
1281,3,2,2,0,1,6,1.000,False,True,0
1282,3,2,2,1,0,6,1.000,False,True,0
1283,3,1,3,0,1,6,0.333,False,True,0
1284,3,2,4,0,1,6,0.500,False,False,0
1285,3,6,0,0,1,6,6.000,False,False,0
1286,3,4,0,0,1,6,6.000,False,True,0
1287,3,4,1,0,1,6,4.000,False,True,0
1288,3,1,2,0,1,6,0.500,False,True,0
1289,3,1,5,0,0,6,0.200,False,True,0
1290,3,2,4,0,1,6,0.500,False,False,0
1291,3,3,1,0,1,6,3.000,False,False,0
1292,3,3,1,0,1,6,3.000,False,True,0
1293,3,3,3,0,0,6,1.000,False,True,0
1294,3,1,3,0,1,6,0.333,False,True,0
1295,3,3,3,0,1,6,1.000,False,False,0
1296,3,5,1,0,1,6,5.000,False,False,0
1297,3,3,0,0,1,6,6.000,False,False,0
1298,3,2,3,0,1,6,0.667,False,True,0
1299,3,1,3,0,1,6,0.333,False,True,0
1300,3,4,2,0,0,6,2.000,False,False,0
1301,3,2,3,0,1,6,0.667,False,True,0
1302,3,3,1,0,1,6,3.000,False,False,0
1303,3,3,3,0,1,6,1.000,False,True,0
1304,3,3,2,0,1,6,1.500,False,False,0
1305,3,3,1,0,1,6,3.000,False,False,0
1306,3,3,2,0,1,6,1.500,False,True,0
1307,3,0,3,1,0,6,0.000,False,True,0
1308,3,3,3,0,1,6,1.000,False,False,0
1309,3,2,2,0,1,6,1.000,False,True,0
1310,3,2,3,0,1,6,0.667,False,True,0
1311,3,4,2,0,0,6,2.000,False,False,0
1312,3,4,1,0,1,6,4.000,False,False,0
1313,3,3,1,0,1,6,3.000,False,True,0
1314,3,3,2,0,1,6,1.500,False,True,0
1315,3,3,1,0,1,6,3.000,False,False,0
1316,3,3,2,0,1,6,1.500,False,True,0
1317,3,3,3,0,0,6,1.000,False,True,0
1318,3,5,1,0,1,6,5.000,False,False,0
1319,3,2,1,0,1,6,2.000,False,True,0
1320,3,1,3,0,1,6,0.333,False,True,0
1321,3,1,4,0,1,6,0.250,False,True,0
1322,3,4,2,0,1,6,2.000,False,False,0
1323,3,3,1,0,1,6,3.000,False,False,0
1324,3,4,1,0,0,6,4.000,False,False,0
1325,3,2,3,0,1,6,0.667,False,True,0
1326,3,4,1,0,1,6,4.000,False,False,0
1327,3,3,2,0,1,6,1.500,False,True,0
1328,3,2,2,0,0,6,1.000,False,True,0
1329,3,2,4,0,1,6,0.500,False,True,0
1330,3,4,2,0,1,6,2.000,False,False,0
1331,3,5,0,0,1,6,6.000,False,False,0
1332,3,3,0,0,1,6,6.000,False,True,0
1333,3,4,2,0,0,6,2.000,False,True,0
1334,3,2,2,0,1,6,1.000,False,True,0
1335,3,1,3,0,1,6,0.333,False,True,0
1336,3,2,3,0,1,6,0.667,False,False,0
1337,3,4,2,0,1,6,2.000,False,False,0
1338,3,2,2,0,0,6,1.000,False,True,0
1339,3,2,4,0,1,6,0.500,False,True,0
1340,3,1,3,0,1,6,0.333,False,True,0
1341,3,4,2,0,1,6,2.000,False,False,0
1342,3,2,2,0,0,6,1.000,False,True,0
1343,3,2,3,0,1,6,0.667,False,True,0
1344,3,3,2,0,1,6,1.500,False,False,0
1345,3,2,2,1,1,6,1.000,False,True,0
1346,3,5,1,0,0,6,5.000,False,False,0
1347,3,3,0,0,1,6,6.000,False,False,0
1348,3,3,2,0,1,6,1.500,False,True,0
1349,3,1,3,0,0,6,0.333,False,True,0
1350,3,2,4,0,1,6,0.500,False,False,0
1351,3,2,3,0,1,6,0.667,False,False,0
1352,3,2,2,0,1,6,1.000,False,False,0
1353,3,2,3,0,1,6,0.667,False,True,0
1354,3,2,3,0,0,6,0.667,False,True,0
1355,3,2,3,0,1,6,0.667,False,True,0
1356,3,2,4,0,1,6,0.500,False,True,0
1357,3,2,2,0,1,6,1.000,False,False,0
1358,3,3,2,0,0,6,1.500,False,False,0
1359,3,3,3,0,1,6,1.000,False,True,0
1360,3,1,2,0,1,6,0.500,False,True,0
1361,3,2,2,1,1,6,1.000,False,False,0
1362,3,1,4,0,1,6,0.250,False,True,0
1363,3,4,2,0,1,6,2.000,False,False,0
1364,3,3,2,0,0,6,1.500,False,True,0
1365,3,2,2,0,1,6,1.000,False,True,0
1366,3,3,3,0,1,6,1.000,False,True,0
1367,3,3,1,0,1,6,3.000,False,False,0
1368,3,2,3,0,1,6,0.667,False,True,0
1369,3,4,1,0,1,6,4.000,False,False,0
1370,3,3,2,0,0,6,1.500,False,True,0
1371,3,3,3,0,1,6,1.000,False,True,0
1372,3,4,1,0,1,6,4.000,False,False,0
1373,3,3,0,0,1,6,6.000,False,False,0
1374,3,1,4,0,0,6,0.250,False,True,0
1375,3,0,5,0,1,6,0.000,False,True,0
1376,3,5,1,0,1,6,5.000,False,False,0
1377,3,5,1,0,1,6,5.000,False,True,0
1378,3,2,0,0,1,6,6.000,False,False,0
1379,3,2,3,0,1,6,0.667,False,True,0
1380,3,2,3,0,1,6,0.667,False,True,0
1381,3,3,2,1,0,6,1.500,False,False,0
1382,3,4,0,0,1,6,6.000,False,False,0
1383,3,3,2,0,1,6,1.500,False,True,0
1384,3,3,2,0,1,6,1.500,False,True,0
1385,3,2,3,0,1,6,0.667,False,True,0
1386,3,2,3,0,1,6,0.667,False,True,0
1387,3,3,2,0,0,6,1.500,False,False,0
1388,3,3,2,0,1,6,1.500,False,True,0
1389,3,3,1,1,1,6,3.000,False,False,0
1390,3,6,0,0,1,6,6.000,False,False,0
1391,3,2,0,0,1,6,6.000,False,True,0
1392,3,2,4,0,1,6,0.500,False,True,0
1393,3,2,3,0,0,6,0.667,False,False,0
1394,3,3,2,0,1,6,1.500,False,False,0
1395,3,5,0,0,1,6,6.000,False,False,0
1396,3,3,1,1,1,6,3.000,False,True,0
1397,3,1,2,0,1,6,0.500,False,True,0
1398,3,2,4,0,0,6,0.500,False,True,0
1399,3,1,4,0,1,6,0.250,False,True,0
1400,3,2,4,0,1,6,0.500,False,False,0
1401,3,5,0,0,1,6,6.000,False,False,0
1402,3,2,2,0,1,6,1.000,False,True,0
1403,3,2,2,0,1,6,1.000,False,True,0
1404,3,3,2,0,1,6,1.500,False,False,0
1405,3,3,3,0,0,6,1.000,False,True,0
1406,3,3,2,0,1,6,1.500,False,False,0
1407,3,2,2,0,1,6,1.000,False,True,0
1408,3,1,3,0,1,6,0.333,False,True,0
1409,3,1,5,0,1,6,0.200,True,True,0
1410,3,2,4,0,1,6,0.500,False,False,0
1411,3,6,0,0,1,6,6.000,False,False,0
1412,3,2,0,0,0,6,6.000,False,True,0
1413,3,1,4,0,1,6,0.250,False,True,0
1414,3,1,4,0,1,6,0.250,False,True,0
1415,3,4,2,0,1,6,2.000,False,False,0
1416,3,5,0,0,1,6,6.000,False,False,0
1417,3,2,2,0,1,6,1.000,False,True,0
1418,3,3,2,0,0,6,1.500,False,False,0
1419,3,2,2,0,1,6,1.000,False,True,0
1420,3,4,2,0,1,6,2.000,False,False,0
1421,3,4,1,0,1,6,4.000,False,False,0
1422,3,2,1,0,0,6,2.000,False,True,0
1423,3,1,5,0,1,6,0.200,True,True,0
1424,3,2,4,0,1,6,0.500,False,False,0
1425,3,2,3,0,1,6,0.667,False,False,0
1426,3,3,2,1,1,6,1.500,False,False,0
1427,3,3,0,0,0,6,6.000,False,False,0
1428,3,2,3,0,1,6,0.667,False,True,0
1429,3,2,3,0,1,6,0.667,False,True,0
1430,3,1,4,0,1,6,0.250,False,True,0
1431,3,3,2,0,1,6,1.500,False,False,0
1432,3,1,3,0,0,6,0.333,False,True,0
1433,3,2,3,0,1,6,0.667,False,False,0
1434,3,2,4,0,1,6,0.500,False,True,0
1435,3,4,0,0,1,6,6.000,False,False,0
1436,3,3,2,0,1,6,1.500,False,True,0
1437,3,1,3,0,0,6,0.333,False,True,0
1438,3,2,4,0,1,6,0.500,False,False,0
1439,3,1,3,0,1,6,0.333,False,True,0
1440,3,2,4,0,1,6,0.500,False,False,0
1441,3,4,1,0,1,6,4.000,False,False,0
1442,3,4,0,0,1,6,6.000,False,False,0
1443,3,2,2,0,0,6,1.000,False,True,0
1444,3,0,4,0,1,6,0.000,False,True,0
1445,3,2,4,0,1,6,0.500,False,False,0
1446,3,4,2,0,1,6,2.000,False,False,0
1447,3,2,1,0,1,6,2.000,False,True,0
1448,3,3,3,0,1,6,1.000,False,True,0
1449,3,4,1,0,1,6,4.000,False,False,0
1450,3,3,1,0,0,6,3.000,False,True,0
1451,3,3,2,0,1,6,1.500,False,True,0
1452,3,3,2,0,1,6,1.500,False,True,0
1453,3,3,2,0,1,6,1.500,False,True,0
1454,3,3,1,0,1,6,3.000,False,False,0
1455,3,1,3,0,1,6,0.333,False,True,0
1456,3,2,4,0,0,6,0.500,False,False,0
1457,3,4,2,0,1,6,2.000,False,False,0
1458,3,4,0,0,1,6,6.000,False,False,0
1459,3,1,2,0,1,6,0.500,False,True,0
1460,3,1,4,0,1,6,0.250,False,True,0
1461,3,4,2,0,1,6,2.000,False,False,0
1462,3,4,1,1,1,6,4.000,False,False,0
1463,3,5,0,0,0,6,6.000,False,False,0
1464,3,2,1,0,1,6,2.000,False,True,0
1465,3,0,4,0,1,6,0.000,False,True,0
1466,3,1,5,0,1,6,0.200,True,False,0
1467,3,5,1,0,1,6,5.000,False,False,0
1468,3,3,2,0,1,6,1.500,False,True,0
1469,3,4,0,0,0,6,6.000,False,False,0
1470,3,1,3,0,1,6,0.333,False,True,0
1471,3,1,4,0,1,6,0.250,False,True,0
1472,3,1,5,0,1,6,0.200,True,True,0
1473,3,4,1,0,1,6,4.000,False,False,0
1474,3,4,0,0,0,6,6.000,False,False,0
1475,3,2,3,0,1,6,0.667,False,True,0
1476,3,1,4,0,1,6,0.250,False,True,0
1477,3,4,1,0,1,6,4.000,False,False,0
1478,3,4,1,0,0,6,4.000,False,True,0
1479,3,2,2,0,1,6,1.000,False,True,0
1480,3,2,3,0,1,6,0.667,False,True,0
1481,3,2,4,0,1,6,0.500,False,True,0
1482,3,2,3,0,0,6,0.667,False,False,0
1483,3,2,2,0,1,6,1.000,False,False,0
1484,3,3,2,0,1,6,1.500,False,False,0
1485,3,4,2,0,1,6,2.000,False,False,0
1486,3,6,0,0,1,6,6.000,False,False,0
1487,3,2,0,0,0,6,6.000,False,True,0
1488,3,1,4,0,1,6,0.250,False,True,0
1489,3,1,4,0,1,6,0.250,False,True,0
1490,3,5,1,0,1,6,5.000,False,False,0
1491,3,3,1,0,1,6,3.000,False,True,0
1492,3,3,1,0,0,6,3.000,False,True,0
1493,3,1,4,0,1,6,0.250,False,True,0
1494,3,2,3,0,1,6,0.667,False,False,0
1495,3,2,3,0,1,6,0.667,False,True,0
1496,3,3,3,0,0,6,1.000,False,False,0
1497,3,0,0,0,0,6,6.000,False,False,0
