0;2;7;0;0;1;7
1;2;4;0;0;0;7
2;2;1;3;0;1;7
3;2;1;5;0;1;7
4;2;5;2;0;1;7
5;2;5;0;0;1;7
6;2;4;2;0;1;7
7;2;2;3;0;0;7
8;2;1;4;0;1;7
9;2;2;5;0;1;7
10;2;4;3;0;1;7
11;2;4;0;0;1;7
12;2;2;3;0;0;7
13;2;1;5;0;1;7
14;2;4;3;0;1;7
15;2;4;1;0;1;7
16;2;5;1;0;1;7
17;2;3;2;1;1;7
18;2;4;2;0;1;7
19;2;4;1;0;0;7
20;2;3;2;0;1;7
21;2;2;4;0;1;7
22;2;2;4;0;1;7
23;2;3;3;0;1;7
24;2;4;2;0;0;7
25;2;2;3;0;1;7
26;2;3;4;0;1;7
27;2;2;3;0;1;7
28;2;4;2;0;1;7
29;2;3;2;1;1;7
30;2;4;2;1;0;7
31;2;3;2;0;1;7
32;2;3;3;0;1;7
33;2;4;1;0;1;7
34;2;3;2;0;0;7
35;2;3;4;0;1;7
36;2;3;2;0;1;7
37;2;3;2;1;1;7
38;2;3;2;0;0;7
39;2;2;4;0;1;7
40;2;3;3;0;1;7
41;2;4;3;0;1;7
42;2;5;0;0;1;7
43;2;3;1;0;1;7
44;2;2;4;0;1;7
45;2;1;5;0;0;7
46;2;4;2;0;1;7
47;2;2;2;0;1;7
48;2;3;3;0;1;7
49;2;2;4;0;1;7
50;2;4;2;0;0;7
51;2;3;3;0;1;7
52;2;2;3;0;1;7
53;2;2;3;1;1;7
54;2;4;3;0;0;7
55;2;4;2;0;1;7
56;2;4;1;0;1;7
57;2;4;3;0;1;7
58;2;2;1;1;1;7
59;2;4;2;0;1;7
60;2;2;2;1;0;7
61;2;2;4;0;1;7
62;2;4;3;0;1;7
63;2;6;0;0;1;7
64;2;4;0;0;1;7
65;2;4;3;0;1;7
66;2;2;2;0;0;7
67;2;2;5;0;1;7
68;2;3;3;0;1;7
69;2;5;0;0;1;7
70;2;3;2;0;1;7
71;2;2;4;0;1;7
72;2;3;3;0;1;7
73;2;5;1;0;1;7
74;2;5;0;0;1;7
75;2;4;1;0;0;7
76;2;1;4;0;1;7
77;2;4;3;0;1;7
78;2;2;3;0;1;7
79;2;4;2;0;1;7
80;2;3;3;0;1;7
81;2;4;1;0;0;7
82;2;3;3;0;1;7
83;2;2;4;0;1;7
84;2;5;1;0;1;7
85;2;6;1;0;0;7
86;2;4;1;0;1;7
87;2;2;3;0;1;7
88;2;2;3;0;1;7
89;2;3;3;0;1;7
90;2;3;3;0;1;7
91;2;4;2;0;0;7
92;2;3;4;0;1;7
93;2;5;1;0;1;7
94;2;4;1;0;1;7
95;2;3;2;0;1;7
96;2;3;2;0;1;7
97;2;4;3;0;1;7
98;2;4;1;1;0;7
99;2;3;2;0;1;7
100;2;4;2;0;1;7
101;2;1;3;0;1;7
102;2;3;4;0;1;7
103;2;4;3;0;0;7
104;2;5;1;0;1;7
105;2;3;2;0;1;7
106;2;2;3;0;1;7
107;2;2;3;0;1;7
108;2;2;5;0;1;7
109;2;5;2;0;0;7
110;2;6;0;0;1;7
111;2;5;1;0;1;7
112;2;2;1;1;1;7
113;2;2;3;0;0;7
114;2;2;5;0;1;7
115;2;5;2;0;1;7
116;2;5;0;0;1;7
117;2;1;2;1;0;7
118;2;2;4;0;1;7
119;2;3;3;0;1;7
120;2;3;3;0;1;7
121;2;5;1;0;1;7
122;2;5;0;0;1;7
123;2;4;1;0;0;7
124;2;1;4;0;1;7
125;2;1;5;0;1;7
126;2;4;2;1;1;7
127;2;3;2;1;1;7
128;2;3;2;0;1;7
129;2;4;2;0;0;7
130;2;4;2;0;1;7
131;2;3;3;0;1;7
132;2;1;3;0;1;7
133;2;2;4;0;1;7
134;2;4;2;1;1;7
135;2;2;2;1;1;7
136;2;4;1;0;0;7
137;2;2;4;0;1;7
138;2;3;4;0;1;7
139;2;3;2;0;1;7
140;2;4;3;0;1;7
141;2;2;2;0;1;7
142;2;3;3;0;1;7
143;2;3;3;0;1;7
144;2;5;2;0;1;7
145;2;2;2;0;0;7
146;2;3;4;0;1;7
147;2;2;4;0;1;7
148;2;5;1;0;1;7
149;2;5;1;0;1;7
150;2;5;0;0;0;7
151;2;2;3;0;1;7
152;2;1;4;0;1;7
153;2;5;2;0;1;7
154;2;5;0;0;0;7
155;2;2;2;0;1;7
156;2;2;4;0;1;7
157;2;2;4;0;1;7
158;2;5;1;0;1;7
159;2;5;1;0;0;7
160;2;3;2;0;1;7
161;2;2;3;0;1;7
162;2;5;1;0;1;7
163;2;1;2;1;1;7
164;2;3;3;0;1;7
165;2;3;3;0;0;7
166;2;1;4;0;1;7
167;2;1;5;0;1;7
168;2;2;5;0;1;7
169;2;7;0;0;1;7
170;2;3;0;0;1;7
171;2;3;3;0;1;7
172;2;2;4;0;0;7
173;2;2;4;0;1;7
174;2;4;2;0;1;7
175;2;5;2;0;1;7
176;2;4;1;0;1;7
177;2;4;2;0;1;7
178;2;3;1;0;0;7
179;2;3;4;0;1;7
180;2;3;3;0;1;7
181;2;4;2;0;1;7
182;2;4;1;0;1;7
183;2;3;3;0;0;7
184;2;1;4;0;1;7
185;2;2;4;0;1;7
186;2;3;3;0;1;7
187;2;5;1;0;1;7
188;2;4;1;0;0;7
189;2;2;4;0;1;7
190;2;1;4;0;1;7
191;2;4;3;0;1;7
192;2;4;2;0;0;7
193;2;2;4;0;1;7
194;2;1;4;0;1;7
195;2;3;4;0;1;7
196;2;3;3;0;1;7
197;2;6;0;0;0;7
198;2;4;2;0;1;7
199;2;2;1;1;1;7
200;2;2;3;0;1;7
201;2;3;3;1;1;7
202;2;4;1;0;0;7
203;2;3;3;0;1;7
204;2;2;4;0;1;7
205;2;2;3;0;1;7
206;2;4;3;0;1;7
207;2;6;1;0;1;7
208;2;3;1;0;0;7
209;2;3;3;0;1;7
210;2;2;4;0;1;7
211;2;3;3;0;1;7
212;2;4;2;0;1;7
213;2;5;2;0;0;7
214;2;1;3;0;1;7
215;2;1;5;0;1;7
216;2;3;3;1;1;7
217;2;4;1;0;0;7
218;2;2;3;0;1;7
219;2;2;4;0;1;7
220;2;1;5;0;1;7
221;2;2;4;0;1;7
222;2;3;3;0;1;7
223;2;4;1;0;1;7
224;2;4;2;0;1;7
225;2;5;2;0;1;7
226;2;2;2;0;1;7
227;2;1;5;0;0;7
228;2;1;5;0;1;7
229;2;3;4;0;1;7
230;2;5;1;0;1;7
231;2;2;1;0;0;7
232;2;1;5;0;1;7
233;2;1;5;0;1;7
234;2;3;4;0;1;7
235;2;3;2;0;1;7
236;2;4;2;0;1;7
237;2;3;2;0;1;7
238;2;2;3;0;0;7
239;2;4;3;0;1;7
240;2;5;2;0;1;7
241;2;3;2;0;1;7
242;2;2;3;0;1;7
243;2;3;3;0;1;7
244;2;3;2;1;1;7
245;2;5;1;1;1;7
246;2;5;0;0;0;7
247;2;4;2;0;1;7
248;2;1;3;0;1;7
249;2;5;2;0;1;7
250;2;3;3;0;1;7
251;2;4;4;0;1;7
252;2;4;4;0;1;7
253;2;3;3;0;0;7
254;2;4;5;0;1;7
255;2;4;5;0;1;7
256;2;3;4;0;1;7
257;2;2;5;0;0;7
258;2;3;7;0;1;7
259;2;3;7;0;1;7
260;2;2;8;0;1;7
261;2;2;4;1;0;7
262;2;2;8;2;1;7
263;2;1;6;2;1;7
264;2;2;6;0;1;7
265;2;2;8;0;1;7
266;2;2;8;2;1;7
267;2;2;6;1;0;7
268;2;1;7;0;1;7
269;2;1;7;2;1;7
270;2;1;10;1;1;7
271;2;3;7;0;1;7
272;2;3;7;0;0;7
273;2;0;5;0;1;7
274;2;1;10;0;1;7
275;2;0;7;0;1;7
276;2;2;8;0;1;7
277;2;1;10;2;0;7
278;2;0;8;0;1;7
279;2;0;9;0;1;7
280;2;1;10;0;1;7
281;2;0;8;1;1;7
282;2;1;9;0;0;7
283;2;0;8;0;1;7
284;2;1;11;0;1;7
285;2;0;13;0;1;7
286;2;1;3;0;1;7
287;2;0;9;0;0;7
288;2;0;8;0;1;7
289;2;1;9;0;1;7
290;2;0;9;0;0;7
291;2;0;9;1;1;7
292;2;0;11;0;1;7
293;2;1;8;1;1;7
294;2;1;9;1;1;7
295;2;0;7;0;0;7
296;2;1;9;1;1;7
297;2;1;7;1;1;7
298;2;1;6;0;0;7
299;2;1;7;0;1;7
300;2;2;8;0;1;7
301;2;1;7;2;1;7
302;2;3;9;1;1;7
303;2;1;4;2;1;7
304;2;1;9;0;1;7
305;2;1;8;1;0;7
306;2;2;7;1;1;7
307;2;4;7;1;1;6
308;2;3;5;1;0;6
309;2;2;6;0;1;7
310;2;3;8;0;1;7
311;2;2;6;1;1;6
312;2;4;6;0;0;6
313;2;4;8;1;1;6
314;2;5;6;0;1;6
315;2;4;6;0;1;6
316;2;2;7;0;1;6
317;2;3;7;1;0;6
318;2;3;5;0;1;7
319;2;2;7;0;1;7
320;2;3;7;0;1;7
321;2;4;6;1;0;7
322;2;4;2;0;1;7
323;2;2;2;0;1;7
324;2;4;3;0;1;7
325;2;5;2;0;1;7
326;2;3;1;0;1;7
327;2;2;2;1;1;7
328;2;3;2;1;1;7
329;2;4;2;0;0;7
330;2;3;3;0;1;7
331;2;3;2;0;1;7
332;2;2;4;0;1;7
333;2;3;2;0;1;7
334;2;3;2;0;0;7
335;2;2;5;0;1;7
336;2;3;3;0;1;7
337;2;5;1;0;1;7
338;2;5;1;0;1;7
339;2;4;1;0;0;7
340;2;0;4;0;1;7
341;2;1;6;0;1;7
342;2;5;2;0;1;7
343;2;4;0;0;1;7
344;2;3;2;1;0;7
345;2;4;2;0;1;7
346;2;4;1;0;1;7
347;2;4;3;0;1;7
348;2;4;2;0;0;7
349;2;2;2;0;1;7
350;2;4;2;0;1;7
351;2;3;3;0;0;7
352;2;4;3;0;1;7
353;2;6;0;0;1;7
354;2;2;1;0;1;7
355;2;2;4;0;1;7
356;2;2;4;0;0;7
357;2;4;3;0;1;7
358;2;5;1;0;1;7
359;2;5;2;0;1;7
360;2;4;0;0;1;7
361;2;2;3;0;1;7
362;2;3;3;0;0;7
363;2;2;4;0;1;7
364;2;3;3;0;1;7
365;2;2;4;0;1;7
366;2;3;3;0;1;7
367;2;3;2;0;1;7
368;2;3;4;0;1;7
369;2;3;2;0;0;7
370;2;2;4;0;1;7
371;2;2;3;0;1;7
372;2;5;2;0;1;7
373;2;4;1;0;1;7
374;2;1;3;0;1;7
375;2;1;6;0;1;7
376;2;2;3;1;1;7
377;2;5;1;0;1;7
378;2;6;1;0;1;7
379;2;5;1;0;0;7
380;2;4;1;0;1;7
381;2;3;1;1;1;7
382;2;1;2;1;0;7
383;2;2;5;0;1;7
384;2;4;3;0;1;7
385;2;4;0;0;1;7
386;2;4;3;0;1;7
387;2;4;2;0;0;7
388;2;3;3;0;1;7
389;2;2;3;0;1;7
390;2;5;1;0;1;7
391;2;2;3;0;1;7
392;2;4;2;0;1;7
393;2;3;3;0;1;7
394;2;6;0;0;0;7
395;2;3;2;0;1;7
396;2;4;2;0;1;7
397;2;2;2;0;1;7
398;2;3;3;0;1;7
399;2;3;4;0;0;7
400;2;2;4;0;1;7
401;2;5;2;0;1;7
402;2;2;1;0;1;7
403;2;2;4;0;1;7
404;2;1;5;0;1;7
405;2;5;1;1;1;7
406;2;5;0;0;0;7
407;2;4;2;0;1;7
408;2;2;2;0;1;7
409;2;2;4;0;1;7
410;2;3;3;0;1;7
411;2;3;3;0;0;7
412;2;4;2;0;1;7
413;2;1;3;0;1;7
414;2;1;5;0;1;7
415;2;3;4;0;1;7
416;2;5;0;0;0;7
417;2;2;3;0;1;7
418;2;2;5;0;1;7
419;2;2;3;0;1;7
420;2;4;3;0;1;7
421;2;6;0;0;1;7
422;2;3;0;0;0;7
423;2;2;5;0;1;7
424;2;2;3;0;1;7
425;2;4;2;0;1;7
426;2;2;4;0;1;7
427;2;3;2;1;0;7
428;2;4;2;0;1;7
429;2;6;1;0;1;7
430;2;2;0;0;1;7
431;2;2;5;0;0;7
432;2;3;4;0;1;7
433;2;7;0;0;1;7
434;2;5;0;0;1;7
435;2;3;1;0;1;7
436;2;4;3;0;0;7
437;2;3;2;0;1;7
438;2;2;3;0;1;7
439;2;4;3;0;1;7
440;2;5;0;0;1;7
441;2;2;2;1;0;7
442;2;4;2;0;1;7
443;2;2;3;0;1;7
444;2;2;3;0;1;7
445;2;2;4;0;0;7
446;2;3;4;0;1;7
447;2;5;1;0;1;7
448;2;5;0;0;1;7
449;2;3;1;1;1;7
450;2;3;2;0;1;7
451;2;4;3;0;0;7
452;2;6;1;0;1;7
453;2;4;1;0;1;7
454;2;4;2;0;1;7
455;2;2;2;0;1;7
456;2;3;3;0;1;7
457;2;2;3;0;0;7
458;2;3;4;0;1;7
459;2;3;3;0;1;7
460;2;3;2;0;1;7
461;2;2;4;0;1;7
462;2;1;4;0;0;7
463;2;1;6;0;1;7
464;2;2;4;0;1;7
465;2;6;0;0;1;7
466;2;3;2;0;1;7
467;2;3;2;0;1;7
468;2;3;3;0;0;7
469;2;3;4;0;1;7
470;2;3;2;0;1;7
471;2;1;4;0;1;7
472;2;4;3;0;0;7
473;2;4;2;0;1;7
474;2;4;2;0;1;7
475;2;3;2;0;1;7
476;2;3;2;1;0;7
477;2;3;3;0;1;7
478;2;0;4;0;1;7
479;2;1;6;0;1;7
480;2;4;3;0;1;7
481;2;4;2;0;1;7
482;2;3;1;0;1;7
483;2;3;3;0;1;7
484;2;4;1;0;0;7
485;2;3;3;0;1;7
486;2;2;3;0;1;7
487;2;3;2;1;1;7
488;2;2;2;0;0;7
489;2;2;5;0;1;7
490;2;3;3;0;1;7
491;2;6;1;0;1;7
492;2;5;1;0;1;7
493;2;2;1;0;1;7
494;2;2;4;0;0;7
495;2;3;4;0;1;7
496;2;3;2;0;1;7
497;2;4;2;0;1;7
498;2;3;2;0;1;7
499;2;3;3;0;1;7
500;2;2;2;0;0;7
501;2;0;6;0;1;7
502;2;1;6;0;1;7
503;2;6;1;0;1;7
504;2;4;0;0;1;7
505;2;2;2;0;0;7
506;2;1;5;0;1;7
507;2;2;5;0;1;7
508;2;5;1;0;1;7
509;2;4;1;1;1;7
510;2;2;1;0;0;7
511;2;0;6;0;1;7
512;2;3;4;0;1;7
513;2;2;4;0;1;7
514;2;6;1;0;1;7
515;2;5;0;0;1;7
516;2;4;2;1;0;7
517;2;2;2;0;1;7
518;2;3;3;0;1;7
519;2;2;4;0;1;7
520;2;5;1;0;1;7
521;2;5;1;0;0;7
522;2;3;2;0;1;7
523;2;2;4;0;1;7
524;2;2;3;0;1;7
525;2;2;5;0;1;7
526;2;4;2;1;1;7
527;2;5;0;0;0;7
528;2;5;2;0;1;7
529;2;1;2;0;1;7
530;2;2;3;1;1;7
531;2;4;3;0;1;7
532;2;2;2;1;0;7
533;2;4;3;0;1;7
534;2;3;2;0;1;7
535;2;4;1;0;1;7
536;2;3;3;0;1;7
537;2;1;4;0;1;7
538;2;3;4;0;0;7
539;2;3;3;0;1;7
540;2;3;1;0;1;7
541;2;4;3;0;1;7
542;2;3;2;0;1;7
543;2;3;3;0;0;7
544;2;5;2;0;1;7
545;2;2;2;0;1;7
546;2;2;3;0;1;7
547;2;3;4;0;1;7
548;2;2;5;0;0;7
549;2;6;1;0;1;7
550;2;3;1;0;1;7
551;2;2;2;0;1;7
552;2;3;4;0;1;7
553;2;2;3;0;0;7
554;2;5;2;0;1;7
555;2;4;2;0;1;7
556;2;2;1;0;1;7
557;2;2;5;0;0;7
558;2;3;3;0;1;7
559;2;5;2;0;1;7
560;2;3;0;0;1;7
561;2;2;3;0;1;7
562;2;3;4;0;1;7
563;2;5;2;0;0;7
564;2;4;1;0;1;7
565;2;3;1;1;1;7
566;2;2;3;0;1;7
567;2;2;5;0;1;7
568;2;4;1;1;0;7
569;2;4;3;0;1;7
570;2;4;2;0;1;7
571;2;5;0;0;1;7
572;2;4;1;0;0;7
573;2;3;4;0;1;7
574;2;1;3;0;1;7
575;2;3;4;0;1;7
576;2;5;2;0;0;7
577;2;2;2;0;1;7
578;2;3;2;1;1;7
579;2;3;2;0;1;7
580;2;5;1;0;0;7
581;2;3;3;0;1;7
582;2;3;2;0;1;7
583;2;3;3;0;1;7
584;2;3;3;0;1;7
585;2;4;3;0;0;7
586;2;3;2;0;1;7
587;2;2;3;0;1;7
588;2;3;3;0;1;7
589;2;4;2;0;0;7
590;2;4;2;0;1;7
591;2;3;2;0;1;7
592;2;2;3;0;1;7
593;2;2;5;0;1;7
594;2;2;3;0;1;7
595;2;4;2;0;1;7
596;2;4;2;0;0;7
597;2;2;4;0;1;7
598;2;1;4;0;1;7
599;2;4;3;0;1;7
600;2;5;1;0;1;7
601;2;5;0;0;1;7
602;2;3;2;1;0;7
603;2;1;4;0;1;7
604;2;4;3;0;1;7
605;2;3;2;0;1;7
606;2;4;2;0;1;7
607;2;3;1;0;1;7
608;2;3;4;0;0;7
609;2;1;5;0;1;7
610;2;4;2;0;1;7
611;2;5;1;0;1;7
612;2;6;0;0;1;7
613;2;2;1;1;0;7
614;2;1;5;0;1;7
615;2;3;3;0;1;7
616;2;2;2;1;1;7
617;2;4;2;0;1;7
618;2;2;3;0;1;7
619;2;3;3;0;0;7
620;2;2;4;0;1;7
621;2;4;2;0;1;7
622;2;3;3;0;1;7
623;2;2;2;0;0;7
624;2;3;4;0;1;7
625;2;3;2;0;1;7
626;2;4;2;0;1;7
627;2;3;3;0;0;7
628;2;3;3;0;1;7
629;2;3;2;0;1;7
630;2;2;4;0;1;7
631;2;5;1;0;1;7
632;2;5;0;0;0;7
633;2;1;3;0;1;7
634;2;1;5;0;1;7
635;2;3;4;0;1;7
636;2;5;2;0;1;7
637;2;4;0;0;1;7
638;2;4;2;1;1;7
639;2;3;1;0;0;7
640;2;3;3;0;1;7
641;2;3;4;0;1;7
642;2;3;2;0;1;7
643;2;4;2;0;1;7
644;2;4;1;0;1;7
645;2;5;1;0;1;7
646;2;3;2;0;0;7
647;2;1;4;0;1;7
648;2;2;5;0;1;7
649;2;3;3;0;1;7
650;2;4;2;0;1;7
651;2;3;2;1;1;7
652;2;3;2;0;0;7
653;2;2;3;0;1;7
654;2;1;4;0;1;7
655;2;2;5;0;1;7
656;2;5;1;0;1;7
657;2;4;2;0;1;7
658;2;2;2;0;0;7
659;2;2;4;0;1;7
660;2;3;4;0;1;7
661;2;3;1;1;1;7
662;2;3;2;0;0;7
663;2;2;4;0;1;7
664;2;3;4;0;1;7
665;2;5;1;0;1;7
666;2;4;1;0;1;7
667;2;1;3;0;1;7
668;2;3;4;0;1;7
669;2;4;2;0;1;7
670;2;5;2;0;0;7
671;2;2;2;0;1;7
672;2;2;4;0;1;7
673;2;4;3;0;1;7
674;2;4;1;0;1;7
675;2;3;2;0;1;7
676;2;4;3;0;1;7
677;2;4;1;0;1;7
678;2;3;2;0;0;7
679;2;4;3;0;1;7
680;2;2;2;0;1;7
681;2;2;3;0;1;7
682;2;1;5;0;0;7
683;2;5;1;0;1;7
684;2;6;1;0;1;7
685;2;4;0;0;1;7
686;2;2;3;0;1;7
687;2;3;3;0;0;7
688;2;4;3;0;1;7
689;2;4;2;0;1;7
690;2;2;2;0;1;7
691;2;3;4;0;1;7
692;2;6;0;0;1;7
693;2;5;0;0;1;7
694;2;3;2;0;0;7
695;2;2;3;0;1;7
696;2;1;5;0;1;7
697;2;6;1;0;1;7
698;2;3;0;0;0;7
699;2;2;4;0;1;7
700;2;2;4;0;1;7
701;2;3;4;0;1;7
702;2;3;3;0;1;7
703;2;7;0;0;1;7
704;2;3;0;0;0;7
705;2;2;4;0;1;7
706;2;3;3;0;1;7
707;2;3;3;0;1;7
708;2;2;3;0;1;7
709;2;4;1;1;1;7
710;2;3;2;0;1;7
711;2;3;4;0;0;7
712;2;3;3;0;1;7
713;2;5;1;0;1;7
714;2;4;0;0;1;7
715;2;2;2;1;1;7
716;2;1;4;0;0;7
717;2;1;6;0;1;7
718;2;3;4;0;1;7
719;2;5;1;0;1;7
720;2;5;1;0;1;7
721;2;2;1;0;1;7
722;2;0;6;0;1;7
723;2;2;5;0;1;7
724;2;4;3;0;0;7
725;2;6;1;0;1;7
726;2;5;0;0;1;7
727;2;2;2;0;1;7
728;2;0;5;0;1;7
729;2;1;6;0;1;7
730;2;3;2;1;1;7
731;2;3;1;1;1;7
732;2;2;2;0;0;7
733;2;1;6;0;1;7
734;2;2;4;0;1;7
735;2;6;0;0;1;7
736;2;4;1;0;0;7
737;2;0;4;0;1;7
738;2;1;6;0;1;7
739;2;5;2;0;1;7
740;2;6;0;0;1;7
741;2;4;0;0;1;7
742;2;4;3;0;0;7
743;2;0;4;0;1;7
744;2;3;4;0;1;7
745;2;4;2;0;1;7
746;2;4;2;0;1;7
747;2;2;1;0;1;7
748;2;3;4;0;0;7
749;2;2;3;0;1;7
750;2;4;3;0;1;7
751;2;3;2;0;1;7
752;2;4;2;0;1;7
753;2;2;2;1;1;7
754;2;2;5;0;0;7
755;2;4;1;0;1;7
756;2;1;3;0;1;7
757;2;3;4;0;1;7
758;2;2;4;0;1;7
759;2;4;2;0;1;7
760;2;5;2;0;1;7
761;2;2;2;0;0;7
762;2;0;5;0;1;7
763;2;4;3;0;1;7
764;2;6;1;0;1;7
765;2;5;0;0;0;7
766;2;2;2;0;1;7
767;2;0;5;0;1;7
768;2;4;3;0;1;7
769;2;5;1;0;0;7
770;2;3;1;0;1;7
771;2;1;4;0;1;7
772;2;0;6;0;1;7
773;2;3;4;0;1;7
774;2;6;1;0;0;7
775;2;6;0;0;1;7
776;2;4;1;0;1;7
777;2;2;2;0;1;7
778;2;0;6;0;1;7
779;2;3;4;0;1;7
780;2;3;2;1;0;7
781;2;3;2;0;1;7
782;2;5;2;0;1;7
783;2;2;2;0;1;7
784;2;2;4;0;0;7
785;2;4;3;0;1;7
786;2;3;2;0;1;7
787;2;3;2;1;1;7
788;2;3;2;1;0;7
789;2;3;4;0;1;7
790;2;2;2;0;1;7
791;2;3;4;0;1;7
792;2;5;2;0;1;7
793;2;4;0;0;0;7
794;2;3;4;0;1;7
795;2;1;3;0;1;7
796;2;3;4;0;1;7
797;2;4;1;1;1;7
798;2;2;2;0;0;7
799;2;3;3;0;1;7
800;2;3;3;0;1;7
801;2;3;2;0;1;7
802;2;2;3;0;0;7
803;2;0;6;0;1;7
804;2;2;5;0;1;7
805;2;5;2;0;1;7
806;2;7;0;0;0;7
807;2;3;0;0;1;7
808;2;0;4;0;1;7
809;2;2;5;0;1;7
810;2;4;3;0;1;7
811;2;6;0;0;1;7
812;2;2;0;0;1;7
813;2;1;5;0;0;7
814;2;1;6;0;1;7
815;2;3;4;0;1;7
816;2;5;1;0;1;7
817;2;6;0;0;1;7
818;2;3;2;0;1;7
819;2;3;1;0;0;7
820;2;2;5;0;1;7
821;2;2;3;0;1;7
822;2;2;3;0;1;7
823;2;4;2;0;1;7
824;2;5;2;0;0;7
825;2;1;3;0;1;7
826;2;2;4;0;1;7
827;2;2;3;0;1;7
828;2;1;5;0;1;7
829;2;4;3;0;0;7
830;2;5;2;0;1;7
831;2;4;0;0;1;7
832;2;1;2;1;1;7
833;2;3;4;0;1;7
834;2;4;2;0;0;7
835;2;3;4;0;1;7
836;2;3;2;0;1;7
837;2;1;4;0;1;7
838;2;3;4;0;1;7
839;2;4;1;1;1;7
840;2;5;0;0;1;7
841;2;6;1;0;0;7
842;2;4;1;0;1;7
843;2;2;2;0;1;7
844;2;2;3;0;1;7
845;2;2;5;0;1;7
846;2;5;2;0;0;7
847;2;3;3;0;1;7
848;2;2;3;0;1;7
849;2;2;4;0;1;7
850;2;4;2;0;1;7
851;2;4;2;0;1;7
852;2;7;0;0;0;7
853;2;5;1;0;1;7
854;2;1;1;0;1;7
855;2;1;5;0;1;7
856;2;4;3;0;1;7
857;2;6;1;0;0;7
858;2;5;1;0;1;7
859;2;3;1;0;1;7
860;2;1;4;0;1;7
861;2;4;2;0;1;7
862;2;4;2;0;1;7
863;2;5;1;0;0;7
864;2;3;2;0;1;7
865;2;0;4;0;1;7
866;2;3;4;0;1;7
867;2;5;2;0;1;7
868;2;7;0;0;0;7
869;2;3;0;0;1;7
870;2;2;4;0;1;7
871;2;0;5;0;1;7
872;2;2;5;0;1;7
873;2;7;0;0;0;7
874;2;3;2;0;1;7
875;2;4;1;0;1;7
876;2;1;3;0;1;7
877;2;2;5;0;0;7
878;2;5;2;0;1;7
879;2;7;0;0;1;7
880;2;5;0;0;1;7
881;2;2;1;0;1;7
882;2;1;5;0;0;7
883;2;2;5;0;1;7
884;2;5;2;0;1;7
885;2;6;0;0;1;7
886;2;6;0;0;1;7
887;2;2;1;0;0;7
888;2;1;5;0;1;7
889;2;1;6;0;1;7
890;2;3;3;0;1;7
891;2;5;0;0;0;7
892;2;3;2;0;1;7
893;2;3;4;0;1;7
894;2;5;2;0;1;7
895;2;4;0;0;1;7
896;2;2;3;0;1;7
897;2;2;4;0;1;7
898;2;4;3;0;0;7
899;2;5;1;0;1;7
900;2;5;1;0;1;7
901;2;2;2;0;1;7
902;2;1;5;0;1;7
903;2;1;6;0;1;7
904;2;4;1;1;0;7
905;2;3;3;0;1;7
906;2;3;3;0;1;7
907;2;4;0;0;1;7
908;2;2;3;0;0;7
909;2;3;4;0;1;7
910;2;2;4;0;1;7
911;2;3;2;0;1;7
912;2;3;3;0;0;7
913;2;2;3;0;1;7
914;2;3;4;0;1;7
915;2;2;3;0;1;7
916;2;3;2;0;1;7
917;2;4;3;0;1;7
918;2;3;3;0;0;7
919;2;3;2;0;1;7
920;2;3;4;0;1;7
921;2;4;2;0;1;7
922;2;3;1;0;1;7
923;2;2;4;0;0;7
924;2;3;4;0;1;7
925;2;5;1;0;1;7
926;2;2;2;0;1;7
927;2;3;3;0;1;7
928;2;1;4;0;0;7
929;2;3;4;0;1;7
930;2;4;3;0;1;7
931;2;3;2;0;1;7
932;2;4;2;0;1;7
933;2;5;1;0;1;7
934;2;3;1;0;0;7
935;2;3;4;0;1;7
936;2;4;2;0;1;7
937;2;2;2;1;1;7
938;2;3;3;0;1;7
939;2;3;4;0;0;7
940;2;3;3;0;1;7
941;2;4;0;0;1;7
942;2;4;2;0;1;7
943;2;4;2;0;0;7
944;2;3;3;0;1;7
945;2;3;2;0;1;7
946;2;4;2;1;1;7
947;2;6;0;0;1;7
948;2;3;1;0;0;7
949;2;2;4;0;1;7
950;2;3;2;0;1;7
951;2;2;4;0;1;7
952;2;1;5;0;1;7
953;2;1;5;0;0;7
954;2;5;2;0;1;7
955;2;3;2;0;1;7
956;2;3;2;0;1;7
957;2;3;3;0;1;7
958;2;4;3;0;0;7
959;2;1;2;0;1;7
960;2;0;6;0;1;7
961;2;3;4;0;1;7
962;2;4;1;0;1;7
963;2;5;1;0;1;7
964;2;4;2;0;1;7
965;2;2;2;0;0;7
966;2;3;4;0;1;7
967;2;3;3;0;1;7
968;2;3;2;0;1;7
969;2;3;3;0;1;7
970;2;4;1;0;1;7
971;2;4;2;0;1;7
972;2;5;1;0;1;7
973;2;4;2;0;0;7
974;2;4;2;0;1;7
975;2;3;2;0;1;7
976;2;4;3;0;1;7
977;2;3;2;0;1;7
978;2;3;3;0;1;7
979;2;3;3;0;1;7
980;2;3;2;0;1;7
981;2;2;3;0;0;7
982;2;2;4;0;1;7
983;2;4;2;1;1;7
984;2;4;1;0;1;7
985;2;5;1;0;1;7
986;2;2;2;0;0;7
987;2;1;5;0;1;7
988;2;2;3;1;1;7
989;2;3;4;0;1;7
990;2;6;0;0;1;7
991;2;3;2;0;1;7
992;2;3;3;0;0;7
993;2;4;2;0;1;7
994;2;5;2;0;1;7
995;2;4;1;0;1;7
996;2;4;3;0;0;7
997;2;3;1;0;1;7
998;2;1;4;0;1;7
999;2;1;5;0;1;7
1000;2;5;2;0;0;7
1001;2;5;1;0;1;7
1002;2;3;1;0;1;7
1003;2;1;3;1;1;7
1004;2;3;4;0;1;7
1005;2;3;2;0;0;7
1006;2;2;4;0;1;7
1007;2;3;2;0;1;7
1008;2;3;4;0;1;7
1009;2;5;1;0;0;7
1010;2;5;1;0;1;7
1011;2;4;1;0;1;7
1012;2;4;2;0;1;7
1013;2;1;3;0;0;7
1014;2;2;5;0;1;7
1015;2;4;2;0;1;7
1016;2;3;1;1;1;7
1017;2;2;3;0;1;7
1018;2;3;4;0;1;7
1019;2;4;2;0;0;7
1020;2;4;2;0;1;7
1021;2;2;2;0;1;7
1022;2;3;4;0;1;7
1023;2;2;4;0;1;7
1024;2;3;3;0;1;7
1025;2;3;2;0;1;7
1026;2;5;2;0;0;7
1027;2;3;1;0;1;7
1028;2;1;4;0;1;7
1029;2;3;3;0;1;7
1030;2;4;3;0;1;7
1031;2;4;1;0;1;7
1032;2;5;1;0;0;7
1033;2;2;3;0;1;7
1034;2;3;3;0;1;7
1035;2;4;1;1;0;7
1036;2;5;1;0;1;7
1037;2;3;2;0;1;7
1038;2;1;4;0;1;7
1039;2;2;4;0;1;7
1040;2;2;4;0;1;7
1041;2;5;1;0;1;7
1042;2;4;2;0;0;7
1043;2;3;2;0;1;7
1044;2;2;3;0;1;7
1045;2;3;4;0;1;7
1046;2;3;1;1;1;7
1047;2;4;2;0;1;7
1048;2;5;2;0;0;7
1049;2;4;1;0;1;7
1050;2;4;1;0;1;7
1051;2;4;2;0;1;7
1052;2;2;3;0;1;7
1053;2;3;3;0;0;7
1054;2;2;4;0;1;7
1055;2;2;4;0;1;7
1056;2;5;2;0;1;7
1057;2;6;0;0;0;7
1058;2;2;1;0;1;7
1059;2;3;4;0;1;7
1060;2;2;3;0;1;7
1061;2;4;3;0;0;7
1062;2;5;2;0;1;7
1063;2;4;0;0;1;7
1064;2;3;2;0;1;7
1065;2;5;2;0;0;7
1066;2;5;1;0;1;7
1067;2;4;1;0;1;7
1068;2;3;2;0;1;7
1069;2;3;3;0;0;7
1070;2;2;4;0;1;7
1071;2;6;1;0;1;7
1072;2;3;0;0;1;7
1073;2;2;3;0;0;7
1074;2;1;6;0;1;7
1075;2;3;4;0;1;7
1076;2;3;2;0;1;7
1077;2;6;1;0;1;7
1078;2;5;1;0;1;7
1079;2;1;2;1;0;7
1080;2;2;5;0;1;7
1081;2;0;5;0;1;7
1082;2;2;5;0;1;7
1083;2;7;0;0;1;7
1084;2;4;0;0;0;7
1085;2;2;3;0;1;7
1086;2;2;4;0;1;7
1087;2;1;4;0;1;7
1088;2;2;5;0;1;7
1089;2;5;2;0;1;7
1090;2;5;0;0;1;7
1091;2;4;1;0;1;7
1092;2;1;3;0;1;7
1093;2;1;6;0;0;7
1094;2;4;3;0;1;7
1095;2;6;0;0;1;7
1096;2;2;2;0;1;7
1097;2;2;3;0;0;7
1098;2;0;6;0;1;7
1099;2;3;4;0;1;7
1100;2;6;0;0;1;7
1101;2;4;1;1;0;7
1102;2;4;2;0;1;7
1103;2;0;3;0;1;7
1104;2;2;5;0;1;7
1105;2;4;2;0;1;7
1106;2;3;2;0;1;7
1107;2;5;1;1;1;7
1108;2;4;0;0;1;7
1109;2;3;3;0;0;7
1110;2;4;2;0;1;7
1111;2;2;2;0;1;7
1112;2;1;4;0;1;7
1113;2;2;4;0;1;7
1114;2;4;3;0;1;7
1115;2;4;2;0;0;7
1116;2;4;2;0;1;7
1117;2;3;2;0;1;7
1118;2;2;3;1;1;7
1119;2;1;4;0;1;7
1120;2;3;4;0;1;7
1121;2;5;2;0;1;7
1122;2;4;0;0;0;7
1123;2;2;3;0;1;7
1124;2;1;5;0;1;7
1125;2;5;2;0;1;7
1126;2;4;2;0;1;7
1127;2;3;1;1;0;7
1128;2;2;3;0;1;7
1129;2;3;4;0;1;7
1130;2;6;0;0;1;7
1131;2;5;0;0;1;7
1132;2;3;3;0;1;7
1133;2;3;2;0;0;7
1134;2;2;4;0;1;7
1135;2;3;4;0;1;7
1136;2;5;0;0;1;7
1137;2;3;2;0;0;7
1138;2;2;4;0;1;7
1139;2;2;4;0;1;7
1140;2;4;3;0;1;7
1141;2;4;0;0;1;7
1142;2;3;3;0;0;7
1143;2;2;4;0;1;7
1144;2;2;4;0;1;7
1145;2;2;4;0;1;7
1146;2;3;3;0;1;7
1147;2;4;1;1;1;7
1148;2;3;2;0;0;7
1149;2;1;4;0;1;7
1150;2;3;4;0;1;7
1151;2;2;4;0;1;7
1152;2;3;3;0;1;7
1153;2;4;2;0;1;7
1154;2;5;0;0;1;7
1155;2;3;2;1;1;7
1156;2;4;1;0;0;7
1157;2;3;3;0;1;7
1158;2;4;2;0;1;7
1159;2;5;0;0;1;7
1160;2;3;2;1;1;7
1161;2;3;3;0;1;7
1162;2;5;1;0;0;7
1163;2;3;3;0;1;7
1164;2;3;1;0;1;7
1165;2;2;4;0;1;7
1166;2;5;2;0;1;7
1167;2;5;0;0;1;7
1168;2;5;1;0;1;7
1169;2;4;1;1;1;7
1170;2;4;2;0;1;7
1171;2;3;1;0;0;7
1172;2;2;4;0;1;7
1173;2;3;4;0;1;7
1174;2;3;2;0;1;7
1175;2;6;1;0;1;7
1176;2;4;1;0;0;7
1177;2;2;2;0;1;7
1178;2;1;4;0;1;7
1179;2;3;4;0;1;7
1180;2;4;2;0;0;7
1181;2;4;1;0;1;7
1182;2;4;1;0;1;7
1183;2;3;3;0;1;7
1184;2;3;3;0;0;7
1185;2;4;3;0;1;7
1186;2;5;1;0;1;7
1187;2;4;1;0;1;7
1188;2;2;1;0;1;7
1189;2;2;5;0;0;7
1190;2;2;4;0;1;7
1191;2;6;1;0;1;7
1192;2;4;0;0;1;7
1193;2;2;2;1;1;7
1194;2;1;5;0;1;7
1195;2;4;3;0;1;7
1196;2;6;1;0;0;7
1197;2;3;0;0;1;7
1198;2;2;4;0;1;7
1199;2;0;5;0;1;7
1200;2;4;3;0;1;7
1201;2;3;2;0;1;7
1202;2;4;2;1;1;7
1203;2;3;1;0;1;7
1204;2;2;4;0;0;7
1205;2;2;4;0;1;7
1206;2;5;2;0;1;7
1207;2;3;2;0;1;7
1208;2;3;3;0;1;7
1209;2;1;4;0;1;7
1210;2;2;4;0;1;7
1211;2;3;3;0;0;7
1212;2;5;2;0;1;7
1213;2;5;1;0;1;7
1214;2;5;0;0;1;7
1215;2;2;3;0;1;7
1216;2;2;4;0;0;7
1217;2;4;2;0;1;7
1218;2;4;2;0;1;7
1219;2;4;3;0;1;7
1220;2;1;2;0;1;7
1221;2;2;5;0;1;7
1222;2;3;3;0;1;7
1223;2;5;1;0;1;7
1224;2;5;1;0;1;7
1225;2;3;2;1;0;7
1226;2;1;3;0;1;7
1227;2;3;4;0;1;7
1228;2;4;2;0;1;7
1229;2;5;0;0;1;7
1230;2;4;1;0;1;7
1231;2;3;3;0;1;7
1232;2;4;2;0;0;7
1233;2;6;1;0;1;7
1234;2;5;0;0;1;7
1235;2;2;2;0;1;7
1236;2;1;4;0;1;7
1237;2;1;6;0;0;7
1238;2;3;4;0;1;7
1239;2;3;2;0;1;7
1240;2;3;2;0;1;7
1241;2;1;4;0;1;7
1242;2;2;4;0;1;7
1243;2;6;1;0;0;7
1244;2;4;1;0;1;7
1245;2;2;3;0;1;7
1246;2;2;5;0;1;7
1247;2;2;5;0;0;7
1248;2;3;2;0;1;7
1249;2;5;1;0;1;7
1250;2;1;2;0;1;7
1251;2;2;5;0;0;7
1252;2;4;3;0;1;7
1253;2;6;0;0;1;7
1254;2;4;0;0;0;7
1255;2;1;4;0;1;7
1256;2;2;5;0;1;7
1257;2;4;2;0;1;7
1258;2;6;0;0;1;7
1259;2;3;0;0;0;7
1260;2;1;5;0;1;7
1261;2;2;4;0;1;7
1262;2;2;4;0;1;7
1263;2;5;2;0;1;7
1264;2;4;0;0;1;7
1265;2;4;2;0;1;7
1266;2;2;2;0;0;7
1267;2;1;6;0;1;7
1268;2;3;4;0;1;7
1269;2;5;1;0;1;7
1270;2;3;0;0;1;7
1271;2;3;4;0;1;7
1272;2;2;4;0;0;7
1273;2;3;4;0;1;7
1274;2;5;1;0;1;7
1275;2;1;2;0;1;7
1276;2;0;6;0;1;7
1277;2;2;5;0;1;7
1278;2;3;3;0;1;7
1279;2;5;1;0;0;7
1280;2;3;3;0;1;7
1281;2;2;3;0;1;7
1282;2;3;3;0;1;7
1283;2;3;3;0;1;7
1284;2;4;2;0;1;7
1285;2;3;2;0;0;7
1286;2;1;4;0;1;7
1287;2;1;5;0;1;7
1288;2;5;2;0;1;7
1289;2;5;1;0;1;7
1290;2;5;1;0;0;7
1291;2;1;3;0;1;7
1292;2;1;5;0;1;7
1293;2;3;4;0;1;7
1294;2;5;0;0;1;7
1295;2;2;2;0;1;7
1296;2;2;4;0;0;7
1297;2;1;5;0;1;7
1298;2;3;4;0;1;7
1299;2;6;1;0;1;7
1300;2;4;0;0;1;7
1301;2;1;3;1;1;7
1302;2;3;3;0;0;7
1303;2;3;3;0;1;7
1304;2;4;2;0;1;7
1305;2;3;1;0;0;7
1306;2;2;5;0;1;7
1307;2;2;4;0;1;7
1308;2;3;3;0;1;7
1309;2;5;1;0;1;7
1310;2;1;3;0;1;7
1311;2;2;3;1;1;7
1312;2;3;3;0;0;7
1313;2;3;3;0;1;7
1314;2;4;2;0;1;7
1315;2;3;2;0;1;7
1316;2;2;3;0;1;7
1317;2;4;3;0;1;7
1318;2;5;0;0;1;7
1319;2;5;1;0;1;7
1320;2;3;3;0;1;7
1321;2;6;0;0;0;7
1322;2;2;2;0;1;7
1323;2;0;5;0;1;7
1324;2;2;5;0;1;7
1325;2;5;1;0;1;7
1326;2;3;2;0;1;7
1327;2;3;2;0;0;7
1328;2;2;4;0;1;7
1329;2;4;2;0;1;7
1330;2;3;3;0;1;7
1331;2;2;2;0;1;7
1332;2;3;4;0;0;7
1333;2;4;3;0;1;7
1334;2;6;0;0;1;7
1335;2;4;0;0;1;7
1336;2;2;3;0;1;7
1337;2;3;3;0;1;7
1338;2;3;2;0;0;7
1339;2;2;4;0;1;7
1340;2;3;3;0;1;7
1341;2;3;2;0;1;7
1342;2;5;2;0;1;7
1343;2;3;2;0;0;7
1344;2;3;3;0;1;7
1345;2;0;4;0;1;7
1346;2;2;5;0;1;7
1347;2;4;2;0;1;7
1348;2;4;2;0;0;7
1349;2;3;2;0;1;7
1350;2;1;3;0;1;7
1351;2;4;3;0;1;7
1352;2;1;3;0;1;7
1353;2;3;3;0;1;7
1354;2;4;2;0;1;7
1355;2;2;3;0;1;7
1356;2;2;4;0;0;7
1357;2;3;3;0;1;7
1358;2;3;3;0;1;7
1359;2;3;4;0;1;7
1360;2;3;2;0;1;7
1361;2;1;2;1;1;7
1362;2;3;4;0;0;7
1363;2;2;3;0;1;7
1364;2;3;2;0;1;7
1365;2;3;3;0;1;7
1366;2;4;3;0;0;7
1367;2;2;3;0;1;7
1368;2;3;3;0;1;7
1369;2;3;3;0;1;7
1370;2;3;2;0;1;7
1371;2;2;4;0;0;7
1372;2;5;2;0;1;7
1373;2;3;2;0;1;7
1374;2;3;3;0;1;7
1375;2;3;3;0;1;7
1376;2;4;1;0;1;7
1377;2;2;3;0;1;7
1378;2;1;5;0;0;7
1379;2;5;2;0;1;7
1380;2;6;1;0;1;7
1381;2;3;0;0;0;7
1382;2;2;4;0;1;7
1383;2;3;3;0;1;7
1384;2;3;3;0;1;7
1385;2;5;0;0;1;7
1386;2;4;2;1;1;7
1387;2;4;1;0;1;7
1388;2;3;3;0;0;7
1389;2;2;4;0;1;7
1390;2;2;3;0;1;7
1391;2;3;3;0;1;7
1392;2;4;2;0;1;7
1393;2;7;0;0;0;7
1394;2;3;1;0;1;7
1395;2;3;4;0;1;7
1396;2;1;3;0;1;7
1397;2;3;3;0;1;7
1398;2;6;1;0;0;7
1399;2;4;2;0;1;7
1400;2;2;2;0;1;7
1401;2;2;4;0;1;7
1402;2;2;4;0;1;7
1403;2;1;5;0;1;7
1404;2;5;1;0;0;7
1405;2;4;2;0;1;7
1406;2;5;0;0;1;7
1407;2;2;3;0;0;7
1408;2;1;5;0;1;7
1409;2;2;4;0;1;7
1410;2;2;4;0;1;7
1411;2;2;3;0;1;7
1412;2;2;5;0;1;7
1413;2;3;4;0;1;7
1414;2;6;0;0;1;7
1415;2;2;0;0;0;7
1416;2;1;6;0;1;7
1417;2;1;5;0;1;7
1418;2;4;3;0;1;7
1419;2;6;0;0;1;7
1420;2;3;2;0;0;7
1421;2;2;3;0;1;7
1422;2;1;4;0;1;7
1423;2;4;2;1;1;7
1424;2;5;1;0;0;7
1425;2;1;2;0;1;7
1426;2;1;6;0;1;7
1427;2;3;4;0;1;7
1428;2;4;2;0;0;7
1429;2;3;4;0;1;7
1430;2;3;1;0;1;7
1431;2;3;2;1;1;7
1432;2;3;2;1;1;7
1433;2;1;4;0;0;7
1434;2;2;4;0;1;7
1435;2;2;3;0;1;7
1436;2;4;2;0;1;7
1437;2;2;3;1;0;7
1438;2;3;2;0;1;7
1439;2;2;4;0;1;7
1440;2;0;5;0;1;7
1441;2;2;5;0;1;7
1442;2;2;3;0;1;7
1443;2;3;4;0;1;7
1444;2;4;2;0;0;7
1445;2;3;1;0;1;7
1446;2;2;3;0;1;7
1447;2;1;4;0;1;7
1448;2;2;5;0;0;7
1449;2;4;3;0;1;7
1450;2;1;3;0;1;7
1451;2;5;2;0;1;7
1452;2;5;1;0;0;7
1453;2;1;3;0;1;7
1454;2;4;2;0;1;7
1455;2;4;2;0;0;7
1456;2;2;4;0;1;7
1457;2;4;1;0;1;7
1458;2;2;2;1;1;7
1459;2;1;5;0;0;7
1460;2;3;3;0;1;7
1461;2;4;2;0;1;7
1462;2;2;1;1;1;7
1463;2;2;4;0;1;7
1464;2;4;1;1;0;7
1465;2;4;3;0;1;7
1466;2;3;2;0;1;7
1467;2;3;2;0;1;7
1468;2;1;3;1;1;7
1469;2;2;5;0;0;7
1470;2;2;4;0;1;7
1471;2;3;3;0;1;7
1472;2;2;2;0;1;7
1473;2;2;4;0;1;7
1474;2;2;4;0;0;7
1475;2;2;5;0;1;7
1476;2;5;1;0;1;7
1477;2;4;0;0;1;7
1478;2;3;3;0;0;7
1479;2;2;4;0;1;7
1480;2;4;2;0;1;7
1481;2;3;2;0;1;7
1482;2;3;2;0;1;7
1483;2;3;3;0;1;7
1484;2;4;3;0;0;7
1485;2;3;2;0;1;7
1486;2;2;3;0;1;7
1487;2;3;3;0;1;7
1488;2;5;2;0;1;7
1489;2;7;0;0;0;7
1490;2;2;0;0;1;7
1491;2;2;4;0;1;7
1492;2;2;4;0;1;7
1493;2;5;2;0;0;7
1494;2;3;2;0;1;7
1495;2;2;2;0;1;7
1496;2;1;5;0;1;7
1497;2;3;3;0;1;7
1498;2;3;3;0;0;7
1499;2;3;3;0;1;7
