,nodeId,ls,lc,le,ltx,number of neighbors,QOS,arm,jammed evaluation,label (jammed or not)
0,4,1,5,0,1,6,0.200,True,False,0
1,4,4,2,0,1,6,2.000,True,False,0
2,4,4,0,0,1,6,6.000,False,False,0
3,4,3,2,0,1,6,1.500,False,True,0
4,4,2,3,0,0,6,0.667,False,True,0
5,4,1,3,0,1,6,0.333,False,True,0
6,4,2,4,0,1,6,0.500,False,False,0
7,4,3,3,0,1,6,1.000,False,False,0
8,4,3,0,0,1,6,6.000,False,False,0
9,4,2,3,0,0,6,0.667,False,True,0
10,4,1,3,0,1,6,0.333,False,True,0
11,4,2,4,0,1,6,0.500,False,False,0
12,4,2,3,0,0,6,0.667,False,False,0
13,4,3,2,0,1,6,1.500,False,False,0
14,4,3,3,0,1,6,1.000,True,True,0
15,4,3,2,0,1,6,1.500,False,False,0
16,4,3,1,0,1,6,3.000,False,False,0
17,4,3,2,0,0,6,1.500,False,True,0
18,4,2,3,0,1,6,0.667,False,True,0
19,4,2,3,0,1,6,0.667,False,True,0
20,4,2,3,0,1,6,0.667,False,True,0
21,4,3,2,0,1,6,1.500,False,False,0
22,4,2,2,0,1,6,1.000,False,True,0
23,4,2,4,0,1,6,0.500,False,True,0
24,4,2,2,0,1,6,1.000,False,False,0
25,4,4,2,0,0,6,2.000,False,False,0
26,4,3,2,0,1,6,1.500,False,True,0
27,4,4,2,0,1,6,2.000,False,False,0
28,4,3,1,0,1,6,3.000,False,False,0
29,4,3,2,0,1,6,1.500,False,True,0
30,4,3,1,0,1,6,3.000,False,False,0
31,4,3,2,0,0,6,1.500,False,True,0
32,4,3,3,0,1,6,1.000,True,True,0
33,4,3,1,0,1,6,3.000,False,False,0
34,4,4,2,0,1,6,2.000,False,True,0
35,4,3,1,0,1,6,3.000,False,False,0
36,4,3,3,0,0,6,1.000,False,True,0
37,4,2,2,0,1,6,1.000,False,True,0
38,4,3,3,0,1,6,1.000,False,True,0
39,4,4,1,0,1,6,4.000,False,False,0
40,4,3,0,0,1,6,6.000,False,False,0
41,4,2,4,0,0,6,0.500,False,True,0
42,4,0,4,0,1,6,0.000,False,True,0
43,4,4,2,0,1,6,2.000,False,False,0
44,4,3,0,0,1,6,6.000,False,False,0
45,4,3,2,0,1,6,1.500,False,True,0
46,4,1,4,0,0,6,0.250,False,True,0
47,4,3,2,0,1,6,1.500,False,False,0
48,4,2,3,0,1,6,0.667,False,True,0
49,4,1,3,0,1,6,0.333,False,True,0
50,4,3,3,0,1,6,1.000,False,False,0
51,4,4,2,0,1,6,2.000,False,False,0
52,4,5,0,0,1,6,6.000,False,False,0
53,4,3,0,0,1,6,6.000,False,True,0
54,4,3,3,0,1,6,1.000,True,True,0
55,4,3,2,0,0,6,1.500,False,False,0
56,4,3,2,0,1,6,1.500,False,True,0
57,4,2,2,0,1,6,1.000,False,True,0
58,4,0,4,0,1,6,0.000,False,True,0
59,4,3,3,0,1,6,1.000,False,False,0
60,4,5,1,0,1,6,5.000,False,False,0
61,4,4,0,0,0,6,6.000,False,False,0
62,4,3,3,0,1,6,1.000,False,True,0
63,4,2,1,0,1,6,2.000,False,False,0
64,4,0,5,0,1,6,0.000,False,True,0
65,4,4,2,0,1,6,2.000,False,False,0
66,4,5,0,0,0,6,6.000,False,False,0
67,4,3,1,0,1,6,3.000,False,True,0
68,4,2,3,0,1,6,0.667,False,True,0
69,4,1,3,0,1,6,0.333,False,True,0
70,4,4,2,0,1,6,2.000,False,False,0
71,4,5,0,0,0,6,6.000,False,False,0
72,4,2,2,0,1,6,1.000,False,True,0
73,4,1,3,0,1,6,0.333,False,True,0
74,4,2,4,0,1,6,0.500,True,False,0
75,4,0,4,0,1,6,0.000,False,True,0
76,4,4,2,0,0,6,2.000,False,False,0
77,4,2,3,0,1,6,0.667,False,True,0
78,4,3,1,0,1,6,3.000,False,False,0
79,4,4,2,0,1,6,2.000,True,True,0
80,4,2,2,0,1,6,1.000,False,True,0
81,4,5,1,0,0,6,5.000,False,False,0
82,4,4,2,0,1,6,2.000,True,True,0
83,4,3,1,0,1,6,3.000,False,False,0
84,4,2,2,0,1,6,1.000,False,True,0
85,4,3,2,0,1,6,1.500,False,False,0
86,4,3,2,0,0,6,1.500,False,True,0
87,4,2,3,0,1,6,0.667,False,True,0
88,4,3,2,0,1,6,1.500,False,False,0
89,4,4,2,0,1,6,2.000,True,False,0
90,4,4,1,0,1,6,4.000,False,False,0
91,4,4,0,0,1,6,6.000,False,False,0
92,4,3,2,0,1,6,1.500,False,True,0
93,4,4,1,0,0,6,4.000,False,False,0
94,4,3,2,0,1,6,1.500,False,True,0
95,4,4,2,0,1,6,2.000,True,False,0
96,4,3,1,0,1,6,3.000,False,False,0
97,4,3,2,0,1,6,1.500,False,True,0
98,4,2,2,0,0,6,1.000,False,True,0
99,4,2,3,0,1,6,0.667,False,True,0
100,4,3,3,0,1,6,1.000,True,False,0
101,4,4,1,0,1,6,4.000,False,False,0
102,4,4,0,0,1,6,6.000,False,False,0
103,4,2,3,0,1,6,0.667,False,True,0
104,4,2,2,0,0,6,1.000,False,False,0
105,4,1,5,0,1,6,0.200,True,True,0
106,4,4,2,0,1,6,2.000,False,False,0
107,4,5,0,0,1,6,6.000,False,False,0
108,4,5,0,0,0,6,6.000,False,True,0
109,4,1,2,0,1,6,0.500,False,True,0
110,4,3,2,0,1,6,1.500,False,False,0
111,4,3,3,0,1,6,1.000,False,True,0
112,4,5,1,0,1,6,5.000,False,False,0
113,4,4,0,0,0,6,6.000,False,False,0
114,4,1,3,0,1,6,0.333,False,True,0
115,4,2,3,0,1,6,0.667,False,False,0
116,4,4,1,0,1,6,4.000,False,False,0
117,4,5,1,0,0,6,5.000,False,False,0
118,4,3,1,0,1,6,3.000,False,True,0
119,4,4,1,0,1,6,4.000,False,False,0
120,4,3,1,0,1,6,3.000,False,True,0
121,4,3,2,0,0,6,1.500,False,True,0
122,4,1,4,0,1,6,0.250,False,True,0
123,4,3,2,0,1,6,1.500,False,False,0
124,4,2,3,0,1,6,0.667,False,True,0
125,4,3,2,0,1,6,1.500,False,False,0
126,4,4,1,0,1,6,4.000,False,False,0
127,4,3,2,0,1,6,1.500,False,True,0
128,4,3,1,0,1,6,3.000,False,False,0
129,4,2,2,0,0,6,1.000,False,True,0
130,4,2,3,0,1,6,0.667,False,True,0
131,4,4,2,0,1,6,2.000,False,False,0
132,4,2,2,0,1,6,1.000,False,True,0
133,4,3,1,0,1,6,3.000,False,False,0
134,4,1,4,0,1,6,0.250,False,True,0
135,4,2,4,0,1,6,0.500,True,False,0
136,4,4,1,0,0,6,4.000,False,False,0
137,4,3,2,0,1,6,1.500,False,True,0
138,4,2,2,0,1,6,1.000,False,True,0
139,4,2,3,0,1,6,0.667,False,True,0
140,4,2,3,0,1,6,0.667,False,True,0
141,4,4,2,0,1,6,2.000,False,False,0
142,4,2,2,0,0,6,1.000,False,True,0
143,4,2,4,0,1,6,0.500,True,True,0
144,4,1,3,0,1,6,0.333,False,True,0
145,4,3,2,0,1,6,1.500,False,False,0
146,4,4,2,0,1,6,2.000,False,False,0
147,4,5,0,0,0,6,6.000,False,False,0
148,4,3,1,0,1,6,3.000,False,True,0
149,4,1,3,0,1,6,0.333,False,True,0
150,4,3,3,0,1,6,1.000,True,False,0
151,4,4,0,0,1,6,6.000,False,False,0
152,4,3,1,0,0,6,3.000,False,True,0
153,4,1,4,0,1,6,0.250,False,True,0
154,4,1,4,0,1,6,0.250,False,True,0
155,4,5,1,0,1,6,5.000,False,False,0
156,4,5,0,0,1,6,6.000,False,False,0
157,4,2,2,0,0,6,1.000,False,True,0
158,4,1,3,0,1,6,0.333,False,True,0
159,4,3,2,0,1,6,1.500,False,False,0
160,4,2,2,0,1,6,1.000,False,True,0
161,4,2,3,0,1,6,0.667,False,True,0
162,4,3,2,0,1,6,1.500,False,False,0
163,4,2,3,0,0,6,0.667,False,True,0
164,4,1,4,0,1,6,0.250,False,True,0
165,4,2,4,0,1,6,0.500,True,False,0
166,4,5,1,0,1,6,5.000,False,False,0
167,4,3,0,0,1,6,6.000,False,False,0
168,4,4,2,0,0,6,2.000,False,True,0
169,4,1,3,0,1,6,0.333,False,True,0
170,4,1,4,0,1,6,0.250,False,True,0
171,4,4,2,0,1,6,2.000,False,False,0
172,4,4,2,0,1,6,2.000,False,True,0
173,4,4,1,0,0,6,4.000,False,False,0
174,4,3,2,0,1,6,1.500,False,True,0
175,4,1,2,0,1,6,0.500,False,True,0
176,4,3,3,0,1,6,1.000,False,False,0
177,4,3,2,0,1,6,1.500,False,False,0
178,4,3,2,1,0,6,1.500,False,True,0
179,4,3,1,0,1,6,3.000,False,False,0
180,4,3,2,0,1,6,1.500,False,True,0
181,4,1,3,0,1,6,0.333,False,True,0
182,4,2,3,0,1,6,0.667,False,False,0
183,4,3,2,1,0,6,1.500,False,False,0
184,4,4,1,0,1,6,4.000,False,False,0
185,4,3,1,0,1,6,3.000,False,True,0
186,4,2,3,0,1,6,0.667,False,True,0
187,4,2,3,0,1,6,0.667,False,True,0
188,4,3,2,0,1,6,1.500,False,False,0
189,4,2,2,1,1,6,1.000,False,True,0
190,4,2,4,0,0,6,0.500,False,True,0
191,4,2,2,0,1,6,1.000,False,False,0
192,4,3,3,0,1,6,1.000,False,True,0
193,4,3,1,0,1,6,3.000,False,False,0
194,4,4,1,0,1,6,4.000,False,False,0
195,4,2,2,1,1,6,1.000,False,True,0
196,4,4,1,0,0,6,4.000,False,False,0
197,4,2,2,0,1,6,1.000,False,True,0
198,4,2,3,0,1,6,0.667,False,True,0
199,4,3,2,0,1,6,1.500,False,False,0
200,4,2,3,0,1,6,0.667,False,True,0
201,4,2,4,0,0,6,0.500,False,True,0
202,4,1,3,0,1,6,0.333,False,True,0
203,4,3,3,0,1,6,1.000,False,False,0
204,4,5,1,0,1,6,5.000,False,False,0
205,4,2,0,0,1,6,6.000,False,False,0
206,4,2,4,0,0,6,0.500,False,True,0
207,4,1,4,0,1,6,0.250,False,True,0
208,4,3,3,0,1,6,1.000,False,False,0
209,4,3,2,0,1,6,1.500,False,False,0
210,4,5,1,0,1,6,5.000,False,False,0
211,4,3,1,0,0,6,3.000,False,True,0
212,4,2,3,0,1,6,0.667,False,True,0
213,4,2,3,0,1,6,0.667,False,True,0
214,4,2,2,0,1,6,1.000,False,False,0
215,4,3,2,0,1,6,1.500,False,False,0
216,4,3,2,0,0,6,1.500,False,True,0
217,4,1,4,0,1,6,0.250,False,True,0
218,4,2,3,0,1,6,0.667,False,False,0
219,4,3,3,0,1,6,1.000,False,False,0
220,4,3,1,0,1,6,3.000,False,False,0
221,4,4,1,0,1,6,4.000,False,False,0
222,4,4,2,0,1,6,2.000,False,True,0
223,4,1,2,0,0,6,0.500,False,True,0
224,4,1,5,0,1,6,0.200,True,True,0
225,4,2,3,0,1,6,0.667,False,False,0
226,4,5,1,0,1,6,5.000,False,False,0
227,4,5,0,0,1,6,6.000,False,False,0
228,4,3,0,0,0,6,6.000,False,True,0
229,4,0,4,0,1,6,0.000,False,True,0
230,4,1,5,0,1,6,0.200,True,False,0
231,4,3,3,0,1,6,1.000,False,False,0
232,4,4,0,0,1,6,6.000,False,False,0
233,4,2,2,0,1,6,1.000,False,True,0
234,4,3,3,0,0,6,1.000,False,True,0
235,4,1,3,0,1,6,0.333,False,True,0
236,4,3,3,0,1,6,1.000,False,False,0
237,4,5,1,0,1,6,5.000,False,False,0
238,4,3,1,0,1,6,3.000,False,True,0
239,4,3,2,0,0,6,1.500,False,True,0
240,4,2,3,0,1,6,0.667,False,True,0
241,4,2,3,0,1,6,0.667,False,True,0
242,4,5,1,0,1,6,5.000,False,False,0
243,4,4,0,0,1,6,6.000,False,False,0
244,4,4,1,0,1,6,4.000,False,True,0
245,4,1,2,0,1,6,0.500,False,True,0
246,4,2,4,0,1,6,0.500,True,True,0
247,4,3,4,0,0,6,0.750,True,False,1
248,4,4,3,0,1,6,1.333,True,False,1
249,4,3,3,0,1,6,1.000,False,True,1
250,4,1,5,0,1,6,0.200,True,True,1
251,4,3,6,0,1,6,0.500,True,False,1
252,4,3,3,0,1,6,1.000,False,False,1
253,4,3,6,0,0,6,0.500,True,True,1
254,4,1,5,0,1,6,0.200,False,True,1
255,4,2,7,0,1,6,0.286,True,False,1
256,4,2,7,0,0,6,0.286,True,True,1
257,4,1,6,0,1,6,0.167,True,True,1
258,4,3,6,0,1,6,0.500,True,False,1
259,4,4,8,0,1,6,0.500,True,True,1
260,4,5,5,0,0,6,1.000,True,False,1
261,4,1,4,0,1,6,0.250,False,True,1
262,4,2,7,0,1,6,0.286,True,False,1
263,4,5,6,0,1,6,0.833,True,False,1
264,4,3,5,1,1,6,0.600,True,True,1
265,4,1,6,1,0,6,0.167,True,True,1
266,4,2,6,1,1,6,0.333,True,False,1
267,4,4,7,1,1,6,0.571,True,False,1
268,4,2,4,1,1,6,0.500,False,True,1
269,4,2,6,1,1,6,0.333,True,True,1
270,4,1,4,0,0,6,0.250,False,True,1
271,4,2,7,0,1,6,0.286,True,False,1
272,4,0,6,1,1,6,0.000,True,True,1
273,4,2,7,0,1,6,0.286,True,False,1
274,4,2,7,0,1,6,0.286,True,True,1
275,4,1,7,0,1,6,0.143,True,True,1
276,4,0,8,1,0,6,0.000,True,True,1
277,4,1,8,1,1,6,0.125,True,False,1
278,4,2,6,0,1,6,0.333,True,False,1
279,4,1,6,0,1,6,0.167,True,True,1
280,4,0,6,1,0,6,0.000,False,True,1
281,4,0,10,0,1,6,0.000,True,True,1
282,4,0,11,0,1,6,0.000,True,True,1
283,4,0,5,0,0,6,0.000,False,True,1
284,4,0,10,0,1,6,0.000,True,True,1
285,4,0,6,0,1,6,0.000,False,True,1
286,4,0,7,0,1,6,0.000,True,True,1
287,4,0,9,1,1,6,0.000,True,True,1
288,4,1,6,0,1,6,0.167,True,False,1
289,4,1,9,0,1,6,0.111,True,True,1
290,4,1,5,1,1,6,0.200,False,False,1
291,4,0,8,1,0,6,0.000,True,True,1
292,4,0,8,0,1,6,0.000,True,True,1
293,4,3,8,0,1,6,0.375,True,False,1
294,4,0,5,1,1,6,0.000,False,True,1
295,4,0,6,1,0,6,0.000,False,True,1
296,4,0,6,0,1,6,0.000,False,True,1
297,4,1,8,0,1,6,0.125,True,False,1
298,4,3,8,0,1,6,0.375,True,False,1
299,4,4,6,1,1,6,0.667,True,False,1
300,4,2,3,1,0,6,0.667,False,True,1
301,4,1,6,0,1,6,0.167,False,True,1
302,4,1,7,0,1,6,0.143,True,True,1
303,4,2,6,1,1,6,0.333,True,False,1
304,4,4,6,0,1,6,0.667,True,False,1
305,4,2,5,1,1,6,0.400,False,True,1
306,4,4,5,0,0,6,0.800,True,False,1
307,4,3,7,0,1,6,0.429,True,True,1
308,4,2,5,0,1,6,0.400,False,True,1
309,4,3,6,0,1,6,0.500,True,False,1
310,4,6,7,0,1,6,0.857,True,False,1
311,4,4,5,0,1,6,0.800,True,True,1
312,4,2,5,0,1,6,0.400,False,True,1
313,4,2,6,0,0,6,0.333,False,True,1
314,4,2,6,0,1,6,0.333,True,True,1
315,4,3,5,0,1,6,0.600,False,False,1
316,4,1,7,0,1,6,0.143,True,True,1
317,4,2,6,0,1,6,0.333,True,False,1
318,4,5,5,0,0,6,1.000,True,False,1
319,4,3,5,0,1,6,0.600,False,True,1
320,4,2,5,0,1,6,0.400,False,True,1
321,4,2,4,0,1,6,0.500,False,False,1
322,4,4,2,0,1,6,2.000,False,False,1
323,4,4,0,0,0,6,6.000,False,False,1
324,4,2,2,0,1,6,1.000,False,True,1
325,4,3,2,0,1,6,1.500,False,False,1
326,4,3,2,0,1,6,1.500,False,True,1
327,4,3,2,0,1,6,1.500,False,True,1
328,4,3,2,0,0,6,1.500,False,True,0
329,4,3,3,0,1,6,1.000,False,True,0
330,4,3,1,0,1,6,3.000,False,False,0
331,4,1,1,1,1,6,1.000,False,True,0
332,4,1,5,0,1,6,0.200,False,True,0
333,4,2,3,0,1,6,0.667,False,False,0
334,4,5,1,0,0,6,5.000,False,False,0
335,4,4,1,0,1,6,4.000,False,True,0
336,4,3,1,0,1,6,3.000,False,True,0
337,4,0,3,0,1,6,0.000,False,True,0
338,4,0,6,0,1,6,0.000,False,True,0
339,4,5,1,0,1,6,5.000,False,False,0
340,4,4,0,0,0,6,6.000,False,False,0
341,4,4,2,0,1,6,2.000,False,True,0
342,4,5,0,0,1,6,6.000,False,False,0
343,4,3,0,0,1,6,6.000,False,True,0
344,4,3,3,0,1,6,1.000,False,True,0
345,4,4,1,0,1,6,4.000,False,False,0
346,4,3,2,0,0,6,1.500,False,True,0
347,4,4,1,0,1,6,4.000,False,False,0
348,4,2,2,0,1,6,1.000,False,True,0
349,4,3,3,0,1,6,1.000,False,True,0
350,4,5,0,0,1,6,6.000,False,False,0
351,4,2,2,0,0,6,1.000,False,True,0
352,4,2,3,0,1,6,0.667,False,True,0
353,4,1,3,0,1,6,0.333,False,True,0
354,4,3,3,0,1,6,1.000,False,False,0
355,4,4,1,0,1,6,4.000,False,False,0
356,4,4,2,0,1,6,2.000,False,True,0
357,4,3,1,0,1,6,3.000,False,False,0
358,4,2,3,0,0,6,0.667,False,True,0
359,4,2,2,0,1,6,1.000,False,False,0
360,4,1,4,0,1,6,0.250,False,True,0
361,4,2,3,0,1,6,0.667,False,False,0
362,4,1,4,0,1,6,0.250,False,True,0
363,4,3,2,0,1,6,1.500,False,False,0
364,4,2,3,0,1,6,0.667,False,True,0
365,4,2,4,0,1,6,0.500,False,True,0
366,4,2,2,0,0,6,1.000,False,False,0
367,4,1,4,0,1,6,0.250,False,True,0
368,4,2,3,0,1,6,0.667,False,False,0
369,4,5,1,0,1,6,5.000,False,False,0
370,4,4,0,0,1,6,6.000,False,False,0
371,4,2,2,0,0,6,1.000,False,True,0
372,4,0,5,0,1,6,0.000,False,True,0
373,4,2,4,0,1,6,0.500,False,False,0
374,4,4,1,0,1,6,4.000,False,False,0
375,4,6,0,0,1,6,6.000,False,False,0
376,4,5,0,0,1,6,6.000,False,True,0
377,4,3,0,0,1,6,6.000,False,True,0
378,4,3,2,0,0,6,1.500,False,True,0
379,4,1,3,0,1,6,0.333,False,True,0
380,4,3,3,0,1,6,1.000,False,False,0
381,4,5,1,0,1,6,5.000,False,False,0
382,4,2,0,0,1,6,6.000,False,False,0
383,4,3,3,0,1,6,1.000,False,True,0
384,4,3,2,1,0,6,1.500,False,False,0
385,4,3,2,0,1,6,1.500,False,True,0
386,4,2,2,0,1,6,1.000,False,True,0
387,4,3,1,0,1,6,3.000,False,False,0
388,4,3,3,0,0,6,1.000,False,True,0
389,4,4,1,0,1,6,4.000,False,False,0
390,4,3,2,0,1,6,1.500,False,True,0
391,4,5,0,0,1,6,6.000,False,False,0
392,4,3,1,0,0,6,3.000,False,True,0
393,4,3,2,0,1,6,1.500,False,True,0
394,4,2,2,0,1,6,1.000,False,True,0
395,4,2,3,0,1,6,0.667,False,True,0
396,4,3,3,0,1,6,1.000,False,False,0
397,4,4,1,0,0,6,4.000,False,False,0
398,4,4,2,0,1,6,2.000,False,True,0
399,4,3,0,0,1,6,6.000,False,False,0
400,4,2,3,0,1,6,0.667,False,True,0
401,4,0,4,0,1,6,0.000,False,True,0
402,4,4,2,0,1,6,2.000,False,False,0
403,4,4,0,0,1,6,6.000,False,False,0
404,4,4,1,0,1,6,4.000,False,True,0
405,4,2,1,1,1,6,2.000,False,True,0
406,4,2,3,0,0,6,0.667,False,True,0
407,4,3,2,0,1,6,1.500,False,False,0
408,4,2,3,0,1,6,0.667,False,True,0
409,4,4,1,0,1,6,4.000,False,False,0
410,4,2,2,0,1,6,1.000,False,True,0
411,4,0,5,0,0,6,0.000,False,True,0
412,4,2,4,0,1,6,0.500,False,False,0
413,4,3,1,0,1,6,3.000,False,False,0
414,4,3,2,0,1,6,1.500,False,True,0
415,4,3,3,0,1,6,1.000,False,True,0
416,4,0,3,0,1,6,0.000,False,True,0
417,4,1,5,0,1,6,0.200,False,False,0
418,4,5,1,0,0,6,5.000,False,False,0
419,4,2,1,0,1,6,2.000,False,True,0
420,4,3,3,0,1,6,1.000,False,True,0
421,4,1,3,0,1,6,0.333,False,True,0
422,4,3,3,0,0,6,1.000,False,False,0
423,4,1,3,0,1,6,0.333,False,True,0
424,4,2,4,0,1,6,0.500,False,False,0
425,4,3,2,0,1,6,1.500,False,False,0
426,4,5,1,0,1,6,5.000,False,False,0
427,4,2,0,0,0,6,6.000,False,False,0
428,4,2,4,0,1,6,0.500,False,True,0
429,4,2,3,0,1,6,0.667,False,False,0
430,4,6,0,0,1,6,6.000,False,False,0
431,4,5,0,0,0,6,6.000,False,True,0
432,4,3,1,0,1,6,3.000,False,True,0
433,4,4,2,0,1,6,2.000,False,True,0
434,4,3,0,0,1,6,6.000,False,False,0
435,4,2,2,0,1,6,1.000,False,True,0
436,4,3,3,0,1,6,1.000,False,True,0
437,4,4,1,0,0,6,4.000,False,False,0
438,4,2,2,0,1,6,1.000,False,True,0
439,4,2,3,0,1,6,0.667,False,True,0
440,4,3,2,0,0,6,1.500,False,False,0
441,4,1,3,0,1,6,0.333,False,True,0
442,4,1,4,0,1,6,0.250,False,True,0
443,4,3,3,0,1,6,1.000,False,False,0
444,4,4,1,0,1,6,4.000,False,False,0
445,4,4,0,0,1,6,6.000,False,False,0
446,4,4,1,0,0,6,4.000,False,True,0
447,4,1,3,0,1,6,0.333,False,True,0
448,4,3,3,0,1,6,1.000,False,False,0
449,4,5,1,0,1,6,5.000,False,False,0
450,4,4,0,0,1,6,6.000,False,False,0
451,4,4,1,0,1,6,4.000,False,True,0
452,4,3,1,1,0,6,3.000,False,True,0
453,4,3,2,0,1,6,1.500,False,True,0
454,4,2,2,0,1,6,1.000,False,True,0
455,4,3,3,0,1,6,1.000,False,True,0
456,4,4,1,0,0,6,4.000,False,False,0
457,4,2,2,0,1,6,1.000,False,True,0
458,4,1,4,0,1,6,0.250,False,True,0
459,4,2,3,0,1,6,0.667,False,False,0
460,4,2,4,0,1,6,0.500,False,True,0
461,4,3,2,0,1,6,1.500,False,False,0
462,4,5,0,0,0,6,6.000,False,False,0
463,4,3,2,0,1,6,1.500,False,True,0
464,4,2,2,0,1,6,1.000,False,True,0
465,4,2,3,0,1,6,0.667,False,True,0
466,4,4,2,0,1,6,2.000,False,False,0
467,4,3,2,0,0,6,1.500,False,True,0
468,4,2,3,0,1,6,0.667,False,True,0
469,4,3,2,0,1,6,1.500,False,False,0
470,4,3,2,0,1,6,1.500,False,True,0
471,4,4,1,0,1,6,4.000,False,False,0
472,4,3,2,0,0,6,1.500,False,True,0
473,4,3,2,0,1,6,1.500,False,True,0
474,4,3,2,0,1,6,1.500,False,True,0
475,4,0,3,0,1,6,0.000,False,True,0
476,4,2,4,0,1,6,0.500,False,False,0
477,4,4,2,0,1,6,2.000,False,False,0
478,4,3,2,0,1,6,1.500,False,True,0
479,4,3,1,0,0,6,3.000,False,False,0
480,4,4,2,0,1,6,2.000,False,True,0
481,4,3,0,0,1,6,6.000,False,False,0
482,4,4,2,0,0,6,2.000,False,True,0
483,4,1,3,0,1,6,0.333,False,True,0
484,4,3,3,0,1,6,1.000,False,False,0
485,4,2,1,0,1,6,2.000,False,False,0
486,4,1,4,0,1,6,0.250,False,True,0
487,4,4,2,0,0,6,2.000,False,False,0
488,4,5,1,0,1,6,5.000,False,False,0
489,4,6,0,0,1,6,6.000,False,False,0
490,4,2,0,0,1,6,6.000,False,True,0
491,4,0,4,0,1,6,0.000,False,True,0
492,4,1,5,0,1,6,0.200,False,False,0
493,4,5,1,0,0,6,5.000,False,False,0
494,4,5,0,0,1,6,6.000,False,False,0
495,4,3,1,0,1,6,3.000,False,True,0
496,4,3,2,0,1,6,1.500,False,True,0
497,4,0,3,0,1,6,0.000,False,True,0
498,4,0,6,0,0,6,0.000,False,True,0
499,4,1,5,0,1,6,0.200,False,False,0
500,4,6,0,0,1,6,6.000,False,False,0
501,4,2,0,0,1,6,6.000,False,True,0
502,4,1,4,0,0,6,0.250,False,True,0
503,4,1,4,0,1,6,0.250,False,True,0
504,4,3,3,0,1,6,1.000,False,False,0
505,4,5,0,0,1,6,6.000,False,False,0
506,4,3,1,0,1,6,3.000,False,True,0
507,4,1,3,0,0,6,0.333,False,True,0
508,4,0,5,0,1,6,0.000,False,True,0
509,4,3,3,0,1,6,1.000,False,False,0
510,4,1,3,0,1,6,0.333,False,True,0
511,4,4,2,0,1,6,2.000,False,False,0
512,4,4,1,0,0,6,4.000,False,False,0
513,4,3,3,0,1,6,1.000,False,True,0
514,4,2,2,0,1,6,1.000,False,True,0
515,4,3,2,0,1,6,1.500,False,False,0
516,4,1,3,0,1,6,0.333,False,True,0
517,4,3,2,0,1,6,1.500,False,False,0
518,4,3,2,0,1,6,1.500,False,True,0
519,4,3,2,0,1,6,1.500,False,True,0
520,4,3,3,0,0,6,1.000,False,True,0
521,4,2,2,0,1,6,1.000,False,True,0
522,4,1,4,0,1,6,0.250,False,True,0
523,4,3,3,0,1,6,1.000,False,False,0
524,4,4,0,0,1,6,6.000,False,False,0
525,4,5,1,0,1,6,5.000,False,True,0
526,4,1,1,0,0,6,1.000,False,True,0
527,4,2,4,0,1,6,0.500,False,True,0
528,4,3,3,0,1,6,1.000,False,False,0
529,4,2,2,0,1,6,1.000,False,True,0
530,4,4,2,0,1,6,2.000,False,False,0
531,4,3,2,0,1,6,1.500,False,True,0
532,4,4,0,0,0,6,6.000,False,False,0
533,4,2,3,0,1,6,0.667,False,True,0
534,4,0,4,0,1,6,0.000,False,True,0
535,4,2,4,0,1,6,0.500,False,False,0
536,4,2,3,0,1,6,0.667,False,False,0
537,4,5,0,0,0,6,6.000,False,False,0
538,4,4,2,0,1,6,2.000,False,True,0
539,4,3,1,0,1,6,3.000,False,False,0
540,4,1,3,0,1,6,0.333,False,True,0
541,4,3,3,0,1,6,1.000,False,False,0
542,4,2,2,0,1,6,1.000,False,True,0
543,4,3,2,0,0,6,1.500,False,False,0
544,4,2,3,0,1,6,0.667,False,True,0
545,4,3,3,0,1,6,1.000,False,False,0
546,4,5,1,0,1,6,5.000,False,False,0
547,4,4,0,0,1,6,6.000,False,False,0
548,4,3,1,0,0,6,3.000,False,True,0
549,4,2,3,0,1,6,0.667,False,True,0
550,4,1,3,0,1,6,0.333,False,True,0
551,4,2,4,0,1,6,0.500,False,False,0
552,4,5,1,0,0,6,5.000,False,False,0
553,4,2,1,0,1,6,2.000,False,True,0
554,4,1,4,0,1,6,0.250,False,True,0
555,4,2,3,0,1,6,0.667,False,False,0
556,4,4,2,0,1,6,2.000,False,False,0
557,4,2,0,0,1,6,6.000,False,False,0
558,4,1,4,0,0,6,0.250,False,True,0
559,4,2,4,0,1,6,0.500,False,False,0
560,4,3,3,0,1,6,1.000,False,False,0
561,4,4,0,0,1,6,6.000,False,False,0
562,4,4,1,0,0,6,4.000,False,True,0
563,4,1,3,0,1,6,0.333,False,True,0
564,4,1,5,0,1,6,0.200,False,True,0
565,4,3,2,0,1,6,1.500,False,False,0
566,4,3,3,0,1,6,1.000,False,True,0
567,4,4,2,0,1,6,2.000,False,False,0
568,4,4,0,0,0,6,6.000,False,False,0
569,4,2,2,0,1,6,1.000,False,True,0
570,4,2,4,0,1,6,0.500,False,True,0
571,4,2,2,0,1,6,1.000,False,False,0
572,4,1,4,0,1,6,0.250,False,True,0
573,4,2,4,0,1,6,0.500,False,False,0
574,4,3,1,0,0,6,3.000,False,False,0
575,4,2,3,0,1,6,0.667,False,True,0
576,4,2,3,0,1,6,0.667,False,True,0
577,4,5,0,0,1,6,6.000,False,False,0
578,4,4,1,0,1,6,4.000,False,True,0
579,4,2,1,0,1,6,2.000,False,True,0
580,4,3,4,0,0,6,0.750,False,True,1
581,4,3,4,0,1,6,0.750,False,True,1
582,4,4,4,0,1,6,1.000,True,False,1
583,4,4,1,0,1,6,4.000,False,False,1
584,4,2,4,0,1,6,0.500,False,True,1
585,4,1,7,0,1,6,0.143,True,True,1
586,4,4,4,0,0,6,1.000,False,False,1
587,4,4,5,0,1,6,0.800,True,True,1
588,4,2,4,0,1,6,0.500,False,True,1
589,4,1,5,0,1,6,0.200,False,True,1
590,4,0,8,0,1,6,0.000,True,True,1
591,4,1,7,0,0,6,0.143,True,False,1
592,4,4,6,0,1,6,0.667,True,False,1
593,4,4,6,0,1,6,0.667,True,True,1
594,4,3,5,0,1,6,0.600,True,True,1
595,4,1,5,0,1,6,0.200,False,True,1
596,4,1,8,0,1,6,0.125,True,True,1
597,4,5,6,0,1,6,0.833,True,False,1
598,4,4,5,1,0,6,0.800,True,True,1
599,4,3,7,1,1,6,0.429,True,True,1
600,4,1,5,1,1,6,0.200,False,True,1
601,4,2,8,2,1,6,0.250,True,False,1
602,4,0,5,1,1,6,0.000,False,True,1
603,4,2,6,1,0,6,0.333,True,False,1
604,4,0,5,1,1,6,0.000,False,True,1
605,4,1,7,1,1,6,0.143,True,False,1
606,4,1,7,0,1,6,0.143,True,True,1
607,4,1,8,1,1,6,0.125,True,True,1
608,4,3,5,1,1,6,0.600,True,False,1
609,4,1,8,0,1,6,0.125,True,True,1
610,4,1,6,1,0,6,0.167,True,False,1
611,4,1,7,0,1,6,0.143,True,True,1
612,4,1,9,0,1,6,0.111,True,True,1
613,4,0,6,1,1,6,0.000,True,True,1
614,4,0,7,0,1,6,0.000,True,True,1
615,4,0,7,0,1,6,0.000,True,True,1
616,4,1,7,0,0,6,0.143,True,False,1
617,4,0,9,0,1,6,0.000,True,True,1
618,4,0,10,0,1,6,0.000,True,True,1
619,4,0,9,0,1,6,0.000,True,True,1
620,4,0,5,1,0,6,0.000,False,True,1
621,4,0,9,1,1,6,0.000,True,True,1
622,4,2,7,0,1,6,0.286,True,False,1
623,4,1,9,0,1,6,0.111,True,True,1
624,4,2,6,1,0,6,0.333,True,False,1
625,4,2,6,0,1,6,0.333,True,True,1
626,4,1,6,0,1,6,0.167,True,True,1
627,4,1,9,0,1,6,0.111,True,True,1
628,4,3,7,1,1,6,0.429,True,False,1
629,4,3,6,1,0,6,0.500,True,False,1
630,4,1,4,0,1,6,0.250,False,True,1
631,4,0,6,1,1,6,0.000,True,True,1
632,4,1,8,1,1,6,0.125,True,False,1
633,4,4,7,0,1,6,0.571,True,False,1
634,4,1,5,1,0,6,0.200,False,True,1
635,4,3,6,0,1,6,0.500,True,False,1
636,4,2,5,0,1,6,0.400,True,True,1
637,4,3,6,0,1,6,0.500,True,False,1
638,4,2,8,0,1,6,0.250,True,True,1
639,4,3,5,0,1,6,0.600,True,False,1
640,4,5,6,0,0,6,0.833,True,False,1
641,4,3,5,0,1,6,0.600,True,True,1
642,4,3,7,0,1,6,0.429,True,True,1
643,4,3,7,0,0,6,0.429,True,True,1
644,4,1,4,0,1,6,0.250,False,True,1
645,4,2,7,0,1,6,0.286,True,False,1
646,4,1,7,0,1,6,0.143,True,True,1
647,4,4,6,0,0,6,0.667,True,False,1
648,4,4,7,0,1,6,0.571,True,True,1
649,4,4,5,0,1,6,0.800,True,False,1
650,4,1,4,0,1,6,0.250,False,True,1
651,4,1,6,0,1,6,0.167,True,True,1
652,4,2,7,0,1,6,0.286,True,False,1
653,4,5,4,0,1,6,1.250,True,False,1
654,4,5,0,0,1,6,6.000,False,False,1
655,4,2,1,0,0,6,2.000,False,True,1
656,4,1,4,0,1,6,0.250,False,True,1
657,4,2,4,0,1,6,0.500,False,False,1
658,4,3,2,0,1,6,1.500,False,False,1
659,4,3,1,0,1,6,3.000,False,False,1
660,4,1,3,0,1,6,0.333,False,True,0
661,4,2,4,0,1,6,0.500,False,False,0
662,4,6,0,0,0,6,6.000,False,False,0
663,4,5,0,0,1,6,6.000,False,True,0
664,4,1,1,0,1,6,1.000,False,True,0
665,4,1,5,0,1,6,0.200,False,True,0
666,4,2,3,0,1,6,0.667,False,False,0
667,4,2,4,0,1,6,0.500,False,True,0
668,4,3,1,0,0,6,3.000,False,False,0
669,4,2,3,0,1,6,0.667,False,True,0
670,4,3,3,0,1,6,1.000,False,False,0
671,4,3,1,0,1,6,3.000,False,False,0
672,4,2,3,0,0,6,0.667,False,True,0
673,4,4,2,0,1,6,2.000,False,False,0
674,4,2,1,0,1,6,2.000,False,True,0
675,4,2,3,0,1,6,0.667,False,True,0
676,4,6,0,0,1,6,6.000,False,False,0
677,4,4,0,0,0,6,6.000,False,True,0
678,4,2,2,0,1,6,1.000,False,True,0
679,4,1,4,0,1,6,0.250,False,True,0
680,4,5,0,0,1,6,6.000,False,False,0
681,4,5,1,0,1,6,5.000,False,True,0
682,4,2,1,0,1,6,2.000,False,True,0
683,4,3,2,0,1,6,1.500,False,True,0
684,4,3,2,0,0,6,1.500,False,True,0
685,4,3,3,0,1,6,1.000,False,True,0
686,4,3,2,0,1,6,1.500,False,False,0
687,4,2,1,0,1,6,2.000,False,False,0
688,4,3,3,0,1,6,1.000,False,True,0
689,4,6,0,0,1,6,6.000,False,False,0
690,4,3,0,0,1,6,6.000,False,True,0
691,4,3,2,0,0,6,1.500,False,True,0
692,4,1,3,0,1,6,0.333,False,True,0
693,4,1,4,0,1,6,0.250,False,True,0
694,4,5,1,0,1,6,5.000,False,False,0
695,4,3,0,0,0,6,6.000,False,False,0
696,4,2,3,0,1,6,0.667,False,True,0
697,4,2,3,0,1,6,0.667,False,True,0
698,4,2,4,0,1,6,0.500,False,True,0
699,4,3,2,0,1,6,1.500,False,False,0
700,4,6,0,0,1,6,6.000,False,False,0
701,4,3,0,0,0,6,6.000,False,True,0
702,4,2,3,0,1,6,0.667,False,True,0
703,4,3,2,0,1,6,1.500,False,False,0
704,4,3,1,0,1,6,3.000,False,False,0
705,4,2,2,0,1,6,1.000,False,True,0
706,4,3,2,0,1,6,1.500,False,False,0
707,4,3,2,0,0,6,1.500,False,True,0
708,4,3,3,0,1,6,1.000,False,True,0
709,4,4,2,0,1,6,2.000,False,False,0
710,4,4,0,0,1,6,6.000,False,False,0
711,4,2,2,0,0,6,1.000,False,True,0
712,4,2,3,0,1,6,0.667,False,True,0
713,4,0,4,0,1,6,0.000,False,True,0
714,4,0,6,0,1,6,0.000,True,True,0
715,4,3,3,0,1,6,1.000,False,False,0
716,4,6,0,0,0,6,6.000,False,False,0
717,4,5,0,0,1,6,6.000,False,True,0
718,4,0,1,0,1,6,0.000,False,True,0
719,4,0,6,0,1,6,0.000,True,True,0
720,4,0,6,0,1,6,0.000,True,True,0
721,4,3,3,0,1,6,1.000,False,False,0
722,4,5,1,0,1,6,5.000,False,False,0
723,4,4,0,0,1,6,6.000,False,False,0
724,4,3,1,0,1,6,3.000,False,True,0
725,4,1,4,0,0,6,0.250,False,True,0
726,4,3,3,0,1,6,1.000,False,False,0
727,4,2,2,0,1,6,1.000,False,True,0
728,4,3,2,0,1,6,1.500,False,False,0
729,4,0,3,0,1,6,0.000,False,True,0
730,4,1,5,0,1,6,0.200,False,False,0
731,4,4,2,0,0,6,2.000,False,False,0
732,4,4,0,0,1,6,6.000,False,False,0
733,4,3,2,0,1,6,1.500,False,True,0
734,4,0,3,0,1,6,0.000,False,True,0
735,4,2,4,0,1,6,0.500,False,False,0
736,4,2,3,0,1,6,0.667,False,False,0
737,4,4,1,0,1,6,4.000,False,False,0
738,4,4,1,0,0,6,4.000,False,True,0
739,4,3,3,0,1,6,1.000,False,True,0
740,4,1,2,0,1,6,0.500,False,True,0
741,4,2,4,0,1,6,0.500,False,True,0
742,4,4,1,0,1,6,4.000,False,False,0
743,4,4,1,0,1,6,4.000,False,True,0
744,4,2,1,0,0,6,2.000,False,True,0
745,4,3,3,0,1,6,1.000,False,True,0
746,4,3,2,0,1,6,1.500,False,False,0
747,4,5,1,0,1,6,5.000,False,False,0
748,4,3,0,0,1,6,6.000,False,False,0
749,4,4,2,0,0,6,2.000,False,True,0
750,4,1,3,0,1,6,0.333,False,True,0
751,4,2,4,0,1,6,0.500,False,False,0
752,4,3,1,1,1,6,3.000,False,False,0
753,4,2,1,0,0,6,2.000,False,True,0
754,4,2,4,0,1,6,0.500,False,True,0
755,4,2,3,0,1,6,0.667,False,False,0
756,4,2,3,0,1,6,0.667,False,True,0
757,4,4,1,1,1,6,4.000,False,False,0
758,4,2,1,1,1,6,2.000,False,True,0
759,4,1,4,0,0,6,0.250,False,True,0
760,4,3,2,0,1,6,1.500,False,False,0
761,4,4,2,0,1,6,2.000,False,False,0
762,4,4,0,0,1,6,6.000,False,False,0
763,4,3,1,0,0,6,3.000,False,True,0
764,4,0,4,0,1,6,0.000,False,True,0
765,4,3,3,0,1,6,1.000,False,False,0
766,4,4,1,0,1,6,4.000,False,False,0
767,4,2,1,0,1,6,2.000,False,True,0
768,4,1,4,0,0,6,0.250,False,True,0
769,4,0,5,0,1,6,0.000,False,True,0
770,4,2,4,0,1,6,0.500,False,False,0
771,4,6,0,0,1,6,6.000,False,False,0
772,4,5,0,0,1,6,6.000,False,True,0
773,4,4,0,0,1,6,6.000,False,True,0
774,4,0,3,0,0,6,0.000,False,True,0
775,4,0,6,0,1,6,0.000,True,True,0
776,4,2,4,0,1,6,0.500,False,False,0
777,4,2,3,0,1,6,0.667,False,False,0
778,4,2,2,0,1,6,1.000,False,False,0
779,4,3,3,0,1,6,1.000,False,True,0
780,4,0,3,0,0,6,0.000,False,True,0
781,4,2,4,0,1,6,0.500,False,False,0
782,4,4,1,1,1,6,4.000,False,False,0
783,4,3,1,1,0,6,3.000,False,True,0
784,4,3,2,0,1,6,1.500,False,True,0
785,4,3,2,0,1,6,1.500,False,True,0
786,4,2,3,0,1,6,0.667,False,True,0
787,4,1,3,0,1,6,0.333,False,True,0
788,4,4,2,0,1,6,2.000,False,False,0
789,4,4,1,0,1,6,4.000,False,False,0
790,4,2,1,0,1,6,2.000,False,True,0
791,4,2,4,0,1,6,0.500,False,True,0
792,4,3,2,0,0,6,1.500,False,False,0
793,4,4,2,0,1,6,2.000,False,False,0
794,4,3,1,0,1,6,3.000,False,False,0
795,4,0,2,1,1,6,0.000,False,True,0
796,4,2,4,0,1,6,0.500,False,False,0
797,4,4,2,0,0,6,2.000,False,False,0
798,4,4,0,0,1,6,6.000,False,False,0
799,4,2,2,0,1,6,1.000,False,True,0
800,4,0,4,0,1,6,0.000,False,True,0
801,4,2,4,0,1,6,0.500,False,False,0
802,4,3,3,0,1,6,1.000,False,False,0
803,4,5,0,0,1,6,6.000,False,False,0
804,4,4,0,0,0,6,6.000,False,True,0
805,4,0,3,0,1,6,0.000,False,True,0
806,4,1,5,0,1,6,0.200,False,False,0
807,4,4,2,0,1,6,2.000,False,False,0
808,4,4,0,0,1,6,6.000,False,False,0
809,4,1,2,0,0,6,0.500,False,True,0
810,4,0,5,0,1,6,0.000,False,True,0
811,4,2,4,0,1,6,0.500,False,False,0
812,4,4,2,0,1,6,2.000,False,False,0
813,4,4,1,0,1,6,4.000,False,False,0
814,4,5,0,0,0,6,6.000,False,False,0
815,4,2,2,0,1,6,1.000,False,True,0
816,4,2,2,0,1,6,1.000,False,True,0
817,4,3,3,0,1,6,1.000,False,True,0
818,4,3,1,0,0,6,3.000,False,False,0
819,4,1,3,0,1,6,0.333,False,True,0
820,4,1,4,0,1,6,0.250,False,True,0
821,4,3,3,0,1,6,1.000,False,False,0
822,4,3,2,0,0,6,1.500,False,False,0
823,4,2,2,0,1,6,1.000,False,True,0
824,4,1,3,0,1,6,0.333,False,True,0
825,4,1,4,0,1,6,0.250,False,True,0
826,4,3,3,0,1,6,1.000,False,False,0
827,4,4,1,1,1,6,4.000,False,False,0
828,4,4,0,0,0,6,6.000,False,False,0
829,4,1,2,0,1,6,0.500,False,True,0
830,4,1,5,0,1,6,0.200,False,True,0
831,4,1,4,0,1,6,0.250,False,False,0
832,4,2,4,0,1,6,0.500,False,False,0
833,4,3,1,0,0,6,3.000,False,False,0
834,4,1,4,0,1,6,0.250,False,True,0
835,4,4,2,0,1,6,2.000,False,False,0
836,4,4,1,0,1,6,4.000,False,False,0
837,4,4,0,0,1,6,6.000,False,False,0
838,4,4,2,0,1,6,2.000,False,True,0
839,4,3,1,0,1,6,3.000,False,False,0
840,4,3,2,0,0,6,1.500,False,True,0
841,4,0,4,0,1,6,0.000,False,True,0
842,4,2,4,0,1,6,0.500,False,False,0
843,4,4,2,0,1,6,2.000,False,False,0
844,4,3,2,0,1,6,1.500,False,True,0
845,4,3,1,0,1,6,3.000,False,False,0
846,4,2,4,0,0,6,0.500,False,True,0
847,4,4,1,0,1,6,4.000,False,False,0
848,4,3,1,1,1,6,3.000,False,True,0
849,4,5,0,0,1,6,6.000,False,False,0
850,4,3,2,0,1,6,1.500,False,True,0
851,4,2,1,0,0,6,2.000,False,False,0
852,4,0,5,0,1,6,0.000,False,True,0
853,4,3,3,0,1,6,1.000,False,False,0
854,4,6,0,0,1,6,6.000,False,False,0
855,4,5,0,0,1,6,6.000,False,True,0
856,4,3,0,0,0,6,6.000,False,True,0
857,4,1,4,0,1,6,0.250,False,True,0
858,4,3,2,0,1,6,1.500,False,False,0
859,4,2,2,0,1,6,1.000,False,True,0
860,4,3,2,0,1,6,1.500,False,False,0
861,4,3,2,0,0,6,1.500,False,True,0
862,4,1,3,0,1,6,0.333,False,True,0
863,4,3,3,0,1,6,1.000,False,False,0
864,4,5,1,0,1,6,5.000,False,False,0
865,4,5,0,0,1,6,6.000,False,False,0
866,4,2,0,0,1,6,6.000,False,True,0
867,4,3,3,0,0,6,1.000,False,True,0
868,4,1,4,0,1,6,0.250,False,True,0
869,4,3,3,0,1,6,1.000,False,False,0
870,4,6,0,0,1,6,6.000,False,False,0
871,4,3,2,0,0,6,1.500,False,True,0
872,4,3,1,0,1,6,3.000,False,False,0
873,4,0,3,0,1,6,0.000,False,True,0
874,4,0,6,0,1,6,0.000,True,True,0
875,4,5,1,0,1,6,5.000,False,False,0
876,4,5,0,0,1,6,6.000,False,False,0
877,4,5,0,0,1,6,6.000,False,True,0
878,4,2,1,0,0,6,2.000,False,True,0
879,4,1,4,0,1,6,0.250,False,True,0
880,4,2,4,0,1,6,0.500,False,False,0
881,4,4,1,0,1,6,4.000,False,False,0
882,4,5,0,0,1,6,6.000,False,False,0
883,4,5,0,0,1,6,6.000,False,True,0
884,4,2,1,0,0,6,2.000,False,True,0
885,4,1,4,0,1,6,0.250,False,True,0
886,4,1,5,0,1,6,0.200,False,True,0
887,4,3,2,0,1,6,1.500,False,False,0
888,4,5,0,0,1,6,6.000,False,False,0
889,4,3,0,0,1,6,6.000,False,True,0
890,4,2,4,0,1,6,0.500,False,True,0
891,4,4,2,0,1,6,2.000,False,False,0
892,4,3,0,0,1,6,6.000,False,False,0
893,4,2,4,0,0,6,0.500,False,True,0
894,4,2,3,0,1,6,0.667,False,False,0
895,4,3,2,0,1,6,1.500,False,False,0
896,4,4,1,0,1,6,4.000,False,False,0
897,4,4,1,0,1,6,4.000,False,True,0
898,4,3,1,0,0,6,3.000,False,True,0
899,4,1,4,0,1,6,0.250,False,True,0
900,4,1,4,0,1,6,0.250,False,True,0
901,4,4,2,0,1,6,2.000,False,False,0
902,4,3,2,0,1,6,1.500,False,True,0
903,4,3,2,0,1,6,1.500,False,True,0
904,4,4,0,0,1,6,6.000,False,False,0
905,4,1,3,0,0,6,0.333,False,True,0
906,4,3,3,0,1,6,1.000,False,False,0
907,4,2,3,0,1,6,0.667,False,True,0
908,4,4,0,0,1,6,6.000,False,False,0
909,4,3,2,0,1,6,1.500,False,True,0
910,4,2,2,0,0,6,1.000,False,True,0
911,4,2,4,0,1,6,0.500,False,True,0
912,4,1,4,0,1,6,0.250,False,True,0
913,4,4,1,0,0,6,4.000,False,False,0
914,4,4,2,0,1,6,2.000,False,True,0
915,4,2,2,0,1,6,1.000,False,True,0
916,4,2,2,0,1,6,1.000,False,True,0
917,4,1,5,0,1,6,0.200,True,True,0
918,4,1,4,0,1,6,0.250,False,False,0
919,4,3,2,0,0,6,1.500,False,False,0
920,4,1,4,0,1,6,0.250,False,True,0
921,4,4,2,0,1,6,2.000,False,False,0
922,4,5,0,0,1,6,6.000,False,False,0
923,4,3,1,0,1,6,3.000,False,True,0
924,4,2,3,0,0,6,0.667,False,True,0
925,4,0,4,0,1,6,0.000,False,True,0
926,4,3,3,0,1,6,1.000,False,False,0
927,4,3,3,0,1,6,1.000,False,True,0
928,4,4,2,0,0,6,2.000,False,False,0
929,4,3,2,0,1,6,1.500,False,True,0
930,4,4,0,0,1,6,6.000,False,False,0
931,4,1,2,0,1,6,0.500,False,True,0
932,4,2,4,0,1,6,0.500,False,True,0
933,4,4,2,0,0,6,2.000,False,False,0
934,4,3,2,0,1,6,1.500,False,True,0
935,4,3,2,0,1,6,1.500,False,True,0
936,4,2,3,0,1,6,0.667,False,True,0
937,4,3,2,0,1,6,1.500,False,False,0
938,4,1,3,0,1,6,0.333,False,True,0
939,4,4,1,0,1,6,4.000,False,False,0
940,4,4,2,0,0,6,2.000,False,True,0
941,4,3,1,0,1,6,3.000,False,False,0
942,4,2,2,0,1,6,1.000,False,True,0
943,4,4,2,0,1,6,2.000,False,False,0
944,4,6,0,0,1,6,6.000,False,False,0
945,4,2,0,0,1,6,6.000,False,True,0
946,4,1,4,0,1,6,0.250,False,True,0
947,4,3,2,0,0,6,1.500,False,False,0
948,4,2,3,0,1,6,0.667,False,True,0
949,4,1,4,0,1,6,0.250,False,True,0
950,4,1,4,0,1,6,0.250,False,True,0
951,4,5,1,0,1,6,5.000,False,False,0
952,4,4,0,0,1,6,6.000,False,False,0
953,4,2,2,0,1,6,1.000,False,True,0
954,4,4,2,0,0,6,2.000,False,False,0
955,4,4,2,0,1,6,2.000,False,True,0
956,4,2,1,0,1,6,2.000,False,True,0
957,4,0,4,0,1,6,0.000,False,True,0
958,4,3,3,0,1,6,1.000,False,False,0
959,4,3,1,0,1,6,3.000,False,False,0
960,4,3,2,0,1,6,1.500,False,True,0
961,4,3,2,0,1,6,1.500,False,True,0
962,4,1,3,0,0,6,0.333,False,True,0
963,4,3,3,0,1,6,1.000,False,False,0
964,4,3,2,0,1,6,1.500,False,False,0
965,4,2,1,1,1,6,2.000,False,False,0
966,4,3,2,0,1,6,1.500,False,True,0
967,4,4,1,0,0,6,4.000,False,False,0
968,4,3,2,0,1,6,1.500,False,True,0
969,4,4,1,0,1,6,4.000,False,False,0
970,4,3,1,1,1,6,3.000,False,True,0
971,4,3,1,0,1,6,3.000,False,True,0
972,4,3,2,0,0,6,1.500,False,True,0
973,4,4,2,0,1,6,2.000,False,False,0
974,4,3,2,0,1,6,1.500,False,True,0
975,4,3,2,0,1,6,1.500,False,True,0
976,4,2,2,0,1,6,1.000,False,True,0
977,4,2,2,0,1,6,1.000,False,True,0
978,4,2,3,0,0,6,0.667,False,True,0
979,4,1,4,0,1,6,0.250,False,True,0
980,4,3,3,0,1,6,1.000,False,False,0
981,4,3,2,0,1,6,1.500,False,False,0
982,4,5,0,0,1,6,6.000,False,False,0
983,4,3,1,0,0,6,3.000,False,True,0
984,4,2,3,0,1,6,0.667,False,True,0
985,4,1,3,0,1,6,0.333,False,True,0
986,4,2,4,0,1,6,0.500,False,False,0
987,4,4,1,0,1,6,4.000,False,False,0
988,4,5,1,0,0,6,5.000,False,False,0
989,4,2,2,0,1,6,1.000,False,True,0
990,4,3,2,0,1,6,1.500,False,False,0
991,4,4,2,0,1,6,2.000,False,False,0
992,4,2,2,0,1,6,1.000,False,True,0
993,4,3,3,0,1,6,1.000,False,True,0
994,4,3,0,0,0,6,6.000,False,False,0
995,4,0,4,0,1,6,0.000,False,True,0
996,4,1,5,0,1,6,0.200,True,False,0
997,4,4,1,1,1,6,4.000,False,False,0
998,4,4,1,0,1,6,4.000,False,True,0
999,4,4,0,0,0,6,6.000,False,False,0
1000,4,1,3,0,1,6,0.333,False,True,0
1001,4,2,3,0,1,6,0.667,False,False,0
1002,4,3,2,0,1,6,1.500,False,False,0
1003,4,3,2,0,1,6,1.500,False,True,0
1004,4,3,1,0,0,6,3.000,False,False,0
1005,4,2,4,0,1,6,0.500,False,True,0
1006,4,3,2,0,1,6,1.500,False,False,0
1007,4,4,1,0,1,6,4.000,False,False,0
1008,4,5,0,0,1,6,6.000,False,False,0
1009,4,3,2,0,1,6,1.500,False,True,0
1010,4,0,3,0,0,6,0.000,False,True,0
1011,4,1,5,0,1,6,0.200,True,False,0
1012,4,3,2,0,1,6,1.500,False,False,0
1013,4,3,2,0,1,6,1.500,False,True,0
1014,4,2,2,0,1,6,1.000,False,True,0
1015,4,2,4,0,1,6,0.500,False,True,0
1016,4,2,2,0,1,6,1.000,False,False,0
1017,4,4,2,0,0,6,2.000,False,False,0
1018,4,2,2,0,1,6,1.000,False,True,0
1019,4,4,2,0,1,6,2.000,False,False,0
1020,4,2,2,0,1,6,1.000,False,True,0
1021,4,1,4,0,1,6,0.250,False,True,0
1022,4,3,2,0,0,6,1.500,False,False,0
1023,4,5,1,0,1,6,5.000,False,False,0
1024,4,2,0,0,1,6,6.000,False,False,0
1025,4,0,5,0,0,6,0.000,False,True,0
1026,4,3,3,0,1,6,1.000,False,False,0
1027,4,4,2,0,1,6,2.000,False,False,0
1028,4,3,0,0,1,6,6.000,False,False,0
1029,4,4,2,0,0,6,2.000,False,True,0
1030,4,1,3,0,1,6,0.333,False,True,0
1031,4,3,2,0,1,6,1.500,False,False,0
1032,4,5,1,0,1,6,5.000,False,False,0
1033,4,5,0,0,1,6,6.000,False,False,0
1034,4,5,0,0,0,6,6.000,False,True,0
1035,4,1,2,0,1,6,0.500,False,True,0
1036,4,1,4,0,1,6,0.250,False,True,0
1037,4,1,4,0,1,6,0.250,False,True,0
1038,4,4,2,0,1,6,2.000,False,False,0
1039,4,3,2,0,1,6,1.500,False,True,0
1040,4,3,1,0,1,6,3.000,False,False,0
1041,4,3,2,0,0,6,1.500,False,True,0
1042,4,3,2,0,1,6,1.500,False,True,0
1043,4,3,2,0,1,6,1.500,False,True,0
1044,4,3,2,0,1,6,1.500,False,True,0
1045,4,4,2,0,1,6,2.000,False,False,0
1046,4,3,0,0,1,6,6.000,False,False,0
1047,4,1,4,0,1,6,0.250,False,True,0
1048,4,3,2,0,1,6,1.500,False,False,0
1049,4,3,2,0,0,6,1.500,False,True,0
1050,4,3,2,0,1,6,1.500,False,True,0
1051,4,2,2,0,1,6,1.000,False,True,0
1052,4,2,3,0,1,6,0.667,False,True,0
1053,4,4,2,0,1,6,2.000,False,False,0
1054,4,5,0,0,1,6,6.000,False,False,0
1055,4,3,0,0,0,6,6.000,False,True,0
1056,4,2,4,0,1,6,0.500,False,True,0
1057,4,1,3,0,1,6,0.333,False,True,0
1058,4,4,2,0,1,6,2.000,False,False,0
1059,4,6,0,0,1,6,6.000,False,False,0
1060,4,2,0,0,1,6,6.000,False,True,0
1061,4,1,4,0,0,6,0.250,False,True,0
1062,4,3,3,0,1,6,1.000,False,False,0
1063,4,3,2,0,1,6,1.500,False,False,0
1064,4,5,0,0,1,6,6.000,False,False,0
1065,4,3,1,0,1,6,3.000,False,True,0
1066,4,2,3,0,1,6,0.667,False,True,0
1067,4,3,2,0,0,6,1.500,False,False,0
1068,4,5,1,0,1,6,5.000,False,False,0
1069,4,3,0,0,1,6,6.000,False,False,0
1070,4,2,2,0,1,6,1.000,False,True,0
1071,4,0,5,0,1,6,0.000,False,True,0
1072,4,2,4,0,1,6,0.500,False,False,0
1073,4,3,2,0,0,6,1.500,False,False,0
1074,4,5,1,0,1,6,5.000,False,False,0
1075,4,4,1,0,1,6,4.000,False,True,0
1076,4,2,2,0,1,6,1.000,False,True,0
1077,4,3,3,0,1,6,1.000,False,True,0
1078,4,2,3,0,0,6,0.667,False,True,0
1079,4,2,3,0,1,6,0.667,False,True,0
1080,4,5,1,0,1,6,5.000,False,False,0
1081,4,2,1,0,1,6,2.000,False,True,0
1082,4,3,2,0,1,6,1.500,False,True,0
1083,4,3,2,0,1,6,1.500,False,True,0
1084,4,1,4,0,0,6,0.250,False,True,0
1085,4,2,3,0,1,6,0.667,False,False,0
1086,4,4,2,0,1,6,2.000,False,False,0
1087,4,4,0,0,1,6,6.000,False,False,0
1088,4,3,2,0,1,6,1.500,False,True,0
1089,4,1,3,0,0,6,0.333,False,True,0
1090,4,2,4,0,1,6,0.500,False,False,0
1091,4,5,1,0,1,6,5.000,False,False,0
1092,4,4,0,0,1,6,6.000,False,False,0
1093,4,1,2,0,1,6,0.500,False,True,0
1094,4,0,5,0,1,6,0.000,False,True,0
1095,4,0,6,0,0,6,0.000,True,True,0
1096,4,2,4,0,1,6,0.500,False,False,0
1097,4,5,0,0,1,6,6.000,False,False,0
1098,4,4,1,0,1,6,4.000,False,True,0
1099,4,3,1,0,1,6,3.000,False,True,0
1100,4,0,4,0,0,6,0.000,False,True,0
1101,4,2,4,0,1,6,0.500,False,False,0
1102,4,4,1,0,1,6,4.000,False,False,0
1103,4,3,1,0,1,6,3.000,False,True,0
1104,4,4,1,0,1,6,4.000,False,False,0
1105,4,4,1,0,0,6,4.000,False,True,0
1106,4,3,2,0,1,6,1.500,False,True,0
1107,4,4,1,0,1,6,4.000,False,False,0
1108,4,2,1,0,0,6,2.000,False,True,0
1109,4,1,4,0,1,6,0.250,False,True,0
1110,4,1,4,0,1,6,0.250,False,True,0
1111,4,4,2,0,1,6,2.000,False,False,0
1112,4,4,1,0,1,6,4.000,False,False,0
1113,4,3,1,1,1,6,3.000,False,True,0
1114,4,3,1,0,0,6,3.000,False,True,0
1115,4,2,4,0,1,6,0.500,False,True,0
1116,4,0,4,0,1,6,0.000,False,True,0
1117,4,2,4,0,1,6,0.500,False,False,0
1118,4,4,1,0,1,6,4.000,False,False,0
1119,4,4,0,0,0,6,6.000,False,False,0
1120,4,2,2,0,1,6,1.000,False,True,0
1121,4,2,4,0,1,6,0.500,False,True,0
1122,4,4,1,0,1,6,4.000,False,False,0
1123,4,3,2,0,1,6,1.500,False,True,0
1124,4,3,2,0,0,6,1.500,False,True,0
1125,4,3,2,0,1,6,1.500,False,True,0
1126,4,4,2,0,1,6,2.000,False,False,0
1127,4,4,0,0,1,6,6.000,False,False,0
1128,4,3,1,0,1,6,3.000,False,True,0
1129,4,3,3,0,1,6,1.000,False,True,0
1130,4,3,2,0,0,6,1.500,False,False,0
1131,4,4,1,0,1,6,4.000,False,False,0
1132,4,4,2,0,1,6,2.000,False,True,0
1133,4,3,0,0,1,6,6.000,False,False,0
1134,4,2,3,0,1,6,0.667,False,True,0
1135,4,3,3,0,0,6,1.000,False,False,0
1136,4,3,2,0,1,6,1.500,False,False,0
1137,4,3,2,0,1,6,1.500,False,True,0
1138,4,2,1,0,1,6,2.000,False,False,0
1139,4,1,5,0,0,6,0.200,False,True,0
1140,4,3,3,0,1,6,1.000,False,False,0
1141,4,3,2,0,1,6,1.500,False,False,0
1142,4,2,3,0,1,6,0.667,False,True,0
1143,4,2,1,1,1,6,2.000,False,False,0
1144,4,4,2,0,0,6,2.000,False,True,0
1145,4,4,1,0,1,6,4.000,False,False,0
1146,4,2,2,0,1,6,1.000,False,True,0
1147,4,4,2,0,1,6,2.000,False,False,0
1148,4,3,2,0,1,6,1.500,False,True,0
1149,4,2,2,0,1,6,1.000,False,True,0
1150,4,3,2,0,1,6,1.500,False,False,0
1151,4,5,0,0,0,6,6.000,False,False,0
1152,4,2,2,0,1,6,1.000,False,True,0
1153,4,3,2,0,1,6,1.500,False,False,0
1154,4,3,2,0,1,6,1.500,False,True,0
1155,4,3,2,0,1,6,1.500,False,True,0
1156,4,5,0,0,0,6,6.000,False,False,0
1157,4,2,2,0,1,6,1.000,False,True,0
1158,4,2,3,0,1,6,0.667,False,True,0
1159,4,4,2,0,1,6,2.000,False,False,0
1160,4,3,2,0,1,6,1.500,False,True,0
1161,4,3,1,0,0,6,3.000,False,False,0
1162,4,2,3,0,1,6,0.667,False,True,0
1163,4,5,1,0,1,6,5.000,False,False,0
1164,4,4,0,0,1,6,6.000,False,False,0
1165,4,3,2,0,1,6,1.500,False,True,0
1166,4,5,0,0,1,6,6.000,False,False,0
1167,4,4,1,1,0,6,4.000,False,True,0
1168,4,3,1,0,1,6,3.000,False,True,0
1169,4,2,2,0,1,6,1.000,False,True,0
1170,4,2,4,0,1,6,0.500,False,True,0
1171,4,3,2,0,0,6,1.500,False,False,0
1172,4,5,1,0,1,6,5.000,False,False,0
1173,4,2,1,0,1,6,2.000,False,True,0
1174,4,2,2,0,1,6,1.000,False,True,0
1175,4,1,4,0,0,6,0.250,False,True,0
1176,4,2,4,0,1,6,0.500,False,False,0
1177,4,4,1,0,1,6,4.000,False,False,0
1178,4,4,0,0,1,6,6.000,False,False,0
1179,4,1,2,0,1,6,0.500,False,True,0
1180,4,1,5,0,1,6,0.200,True,True,0
1181,4,2,4,0,0,6,0.500,False,False,0
1182,4,5,1,0,1,6,5.000,False,False,0
1183,4,4,1,0,1,6,4.000,False,True,0
1184,4,3,1,0,1,6,3.000,False,True,0
1185,4,3,1,0,0,6,3.000,False,True,0
1186,4,2,4,0,1,6,0.500,False,True,0
1187,4,0,4,0,1,6,0.000,False,True,0
1188,4,5,1,0,1,6,5.000,False,False,0
1189,4,4,0,0,0,6,6.000,False,False,0
1190,4,1,3,0,1,6,0.333,False,True,0
1191,4,1,5,0,1,6,0.200,True,True,0
1192,4,3,3,0,1,6,1.000,False,False,0
1193,4,5,0,0,1,6,6.000,False,False,0
1194,4,2,0,0,1,6,6.000,False,True,0
1195,4,2,4,0,0,6,0.500,False,True,0
1196,4,1,4,0,1,6,0.250,False,True,0
1197,4,2,3,0,1,6,0.667,False,False,0
1198,4,2,3,0,0,6,0.667,False,True,0
1199,4,3,3,0,1,6,1.000,False,False,0
1200,4,2,1,0,1,6,2.000,False,False,0
1201,4,2,3,0,1,6,0.667,False,True,0
1202,4,2,3,0,1,6,0.667,False,True,0
1203,4,5,1,0,1,6,5.000,False,False,0
1204,4,3,1,0,1,6,3.000,False,True,0
1205,4,3,2,0,1,6,1.500,False,True,0
1206,4,2,3,0,1,6,0.667,False,True,0
1207,4,2,4,0,0,6,0.500,False,True,0
1208,4,2,2,0,1,6,1.000,False,False,0
1209,4,4,2,0,1,6,2.000,False,False,0
1210,4,3,2,0,1,6,1.500,False,True,0
1211,4,3,1,0,1,6,3.000,False,False,0
1212,4,3,3,0,0,6,1.000,False,True,0
1213,4,2,3,0,1,6,0.667,False,True,0
1214,4,3,2,0,1,6,1.500,False,False,0
1215,4,4,1,0,0,6,4.000,False,False,0
1216,4,3,3,0,1,6,1.000,False,True,0
1217,4,2,1,0,1,6,2.000,False,False,0
1218,4,3,3,0,1,6,1.000,False,True,0
1219,4,2,2,0,1,6,1.000,False,True,0
1220,4,3,2,0,1,6,1.500,False,False,0
1221,4,4,2,0,0,6,2.000,False,False,0
1222,4,3,3,0,1,6,1.000,False,True,0
1223,4,2,1,0,1,6,2.000,False,False,0
1224,4,2,3,0,1,6,0.667,False,True,0
1225,4,2,2,1,1,6,1.000,False,False,0
1226,4,3,1,0,1,6,3.000,False,False,0
1227,4,4,2,0,0,6,2.000,False,True,0
1228,4,3,2,0,1,6,1.500,False,True,0
1229,4,3,1,0,1,6,3.000,False,False,0
1230,4,5,1,0,1,6,5.000,False,False,0
1231,4,4,0,0,1,6,6.000,False,False,0
1232,4,2,2,0,1,6,1.000,False,True,0
1233,4,1,4,0,0,6,0.250,False,True,0
1234,4,0,5,0,1,6,0.000,False,True,0
1235,4,2,4,0,1,6,0.500,False,False,0
1236,4,4,1,0,1,6,4.000,False,False,0
1237,4,4,0,0,1,6,6.000,False,False,0
1238,4,1,2,0,1,6,0.500,False,True,0
1239,4,2,4,0,0,6,0.500,False,True,0
1240,4,4,2,0,1,6,2.000,False,False,0
1241,4,3,1,0,1,6,3.000,False,False,0
1242,4,2,2,0,1,6,1.000,False,True,0
1243,4,2,4,0,1,6,0.500,False,True,0
1244,4,2,4,0,1,6,0.500,False,True,0
1245,4,2,2,0,1,6,1.000,False,False,0
1246,4,4,1,0,1,6,4.000,False,False,0
1247,4,1,2,0,0,6,0.500,False,True,0
1248,4,2,4,0,1,6,0.500,False,True,0
1249,4,3,2,0,1,6,1.500,False,False,0
1250,4,5,0,0,1,6,6.000,False,False,0
1251,4,4,1,0,0,6,4.000,False,True,0
1252,4,1,3,0,1,6,0.333,False,True,0
1253,4,2,4,0,1,6,0.500,False,False,0
1254,4,3,2,0,1,6,1.500,False,False,0
1255,4,5,0,0,0,6,6.000,False,False,0
1256,4,2,1,0,1,6,2.000,False,True,0
1257,4,2,3,0,1,6,0.667,False,True,0
1258,4,1,4,0,1,6,0.250,False,True,0
1259,4,1,5,0,0,6,0.200,False,True,0
1260,4,3,2,0,1,6,1.500,False,False,0
1261,4,3,1,0,1,6,3.000,False,False,0
1262,4,3,2,0,1,6,1.500,False,True,0
1263,4,2,2,0,0,6,1.000,False,True,0
1264,4,1,5,0,1,6,0.200,True,True,0
1265,4,1,4,0,1,6,0.250,False,False,0
1266,4,5,1,0,1,6,5.000,False,False,0
1267,4,2,0,0,1,6,6.000,False,False,0
1268,4,2,4,0,1,6,0.500,False,True,0
1269,4,2,4,0,0,6,0.500,False,True,0
1270,4,4,2,0,1,6,2.000,False,False,0
1271,4,5,0,0,1,6,6.000,False,False,0
1272,4,1,1,0,0,6,1.000,False,True,0
1273,4,0,6,0,1,6,0.000,True,True,0
1274,4,2,4,0,1,6,0.500,False,False,0
1275,4,4,1,0,1,6,4.000,False,False,0
1276,4,3,1,0,1,6,3.000,False,True,0
1277,4,2,3,0,1,6,0.667,False,True,0
1278,4,2,3,0,0,6,0.667,False,True,0
1279,4,3,3,0,1,6,1.000,False,False,0
1280,4,3,2,0,1,6,1.500,False,False,0
1281,4,2,2,0,1,6,1.000,False,True,0
1282,4,2,2,0,1,6,1.000,False,True,0
1283,4,1,4,0,0,6,0.250,False,True,0
1284,4,2,4,0,1,6,0.500,False,False,0
1285,4,6,0,0,1,6,6.000,False,False,0
1286,4,4,0,0,1,6,6.000,False,True,0
1287,4,5,1,0,0,6,5.000,False,True,0
1288,4,1,2,0,1,6,0.500,False,True,0
1289,4,0,5,0,1,6,0.000,False,True,0
1290,4,2,4,0,1,6,0.500,False,False,0
1291,4,4,1,0,0,6,4.000,False,False,0
1292,4,3,1,0,1,6,3.000,False,True,0
1293,4,2,3,0,1,6,0.667,False,True,0
1294,4,0,4,0,1,6,0.000,False,True,0
1295,4,3,3,0,1,6,1.000,False,False,0
1296,4,5,1,0,1,6,5.000,False,False,0
1297,4,4,0,0,0,6,6.000,False,False,0
1298,4,2,3,0,1,6,0.667,False,True,0
1299,4,1,3,0,1,6,0.333,False,True,0
1300,4,3,2,0,1,6,1.500,False,False,0
1301,4,1,4,0,1,6,0.250,False,True,0
1302,4,4,1,0,0,6,4.000,False,False,0
1303,4,3,3,0,1,6,1.000,False,True,0
1304,4,3,2,0,1,6,1.500,False,False,0
1305,4,2,2,0,1,6,1.000,False,True,0
1306,4,3,2,0,1,6,1.500,False,False,0
1307,4,1,3,0,0,6,0.333,False,True,0
1308,4,3,3,0,1,6,1.000,False,False,0
1309,4,2,2,0,1,6,1.000,False,True,0
1310,4,2,3,0,1,6,0.667,False,True,0
1311,4,3,2,0,1,6,1.500,False,False,0
1312,4,4,1,0,1,6,4.000,False,False,0
1313,4,4,1,0,0,6,4.000,False,True,0
1314,4,3,2,0,1,6,1.500,False,True,0
1315,4,3,1,0,1,6,3.000,False,False,0
1316,4,3,2,0,1,6,1.500,False,True,0
1317,4,2,3,0,1,6,0.667,False,True,0
1318,4,5,1,0,1,6,5.000,False,False,0
1319,4,3,1,0,0,6,3.000,False,True,0
1320,4,1,3,0,1,6,0.333,False,True,0
1321,4,1,4,0,1,6,0.250,False,True,0
1322,4,4,2,0,1,6,2.000,False,False,0
1323,4,3,1,0,1,6,3.000,False,False,0
1324,4,3,1,0,1,6,3.000,False,True,0
1325,4,2,4,0,0,6,0.500,False,True,0
1326,4,4,1,0,1,6,4.000,False,False,0
1327,4,3,2,0,1,6,1.500,False,True,0
1328,4,1,2,0,1,6,0.500,False,True,0
1329,4,1,5,0,1,6,0.200,True,True,0
1330,4,3,3,0,1,6,1.000,False,False,0
1331,4,5,0,0,1,6,6.000,False,False,0
1332,4,4,0,0,0,6,6.000,False,True,0
1333,4,3,2,0,1,6,1.500,False,True,0
1334,4,1,3,0,1,6,0.333,False,True,0
1335,4,2,3,0,0,6,0.667,False,False,0
1336,4,2,3,0,1,6,0.667,False,True,0
1337,4,4,2,0,1,6,2.000,False,False,0
1338,4,1,2,0,1,6,0.500,False,True,0
1339,4,1,5,0,1,6,0.200,True,True,0
1340,4,2,3,0,0,6,0.667,False,False,0
1341,4,4,2,0,1,6,2.000,False,False,0
1342,4,1,2,0,1,6,0.500,False,True,0
1343,4,2,3,0,1,6,0.667,False,False,0
1344,4,3,2,0,1,6,1.500,False,False,0
1345,4,3,2,0,1,6,1.500,False,True,0
1346,4,4,1,0,1,6,4.000,False,False,0
1347,4,4,0,0,0,6,6.000,False,False,0
1348,4,3,2,0,1,6,1.500,False,True,0
1349,4,0,3,0,1,6,0.000,False,True,0
1350,4,2,4,0,1,6,0.500,False,False,0
1351,4,2,3,0,1,6,0.667,False,False,0
1352,4,2,3,0,0,6,0.667,False,True,0
1353,4,2,3,0,1,6,0.667,False,True,0
1354,4,1,3,0,1,6,0.333,False,True,0
1355,4,2,3,0,1,6,0.667,False,False,0
1356,4,2,4,0,1,6,0.500,False,True,0
1357,4,2,2,0,1,6,1.000,False,False,0
1358,4,2,2,0,1,6,1.000,False,True,0
1359,4,3,3,0,1,6,1.000,False,True,0
1360,4,1,2,0,1,6,0.500,False,True,0
1361,4,3,2,0,1,6,1.500,False,False,0
1362,4,2,3,0,1,6,0.667,False,True,0
1363,4,4,2,0,1,6,2.000,False,False,0
1364,4,3,2,0,0,6,1.500,False,True,0
1365,4,2,2,0,1,6,1.000,False,True,0
1366,4,3,3,0,1,6,1.000,False,True,0
1367,4,2,2,0,1,6,1.000,False,True,0
1368,4,2,4,0,0,6,0.500,False,True,0
1369,4,4,1,0,1,6,4.000,False,False,0
1370,4,2,2,0,1,6,1.000,False,True,0
1371,4,3,3,0,1,6,1.000,False,True,0
1372,4,4,1,0,1,6,4.000,False,False,0
1373,4,3,0,0,1,6,6.000,False,False,0
1374,4,2,3,0,0,6,0.667,False,True,0
1375,4,0,5,0,1,6,0.000,False,True,0
1376,4,5,1,0,1,6,5.000,False,False,0
1377,4,5,1,0,1,6,5.000,False,True,0
1378,4,3,0,0,0,6,6.000,False,False,0
1379,4,2,3,0,1,6,0.667,False,True,0
1380,4,3,2,0,1,6,1.500,False,False,0
1381,4,3,2,0,1,6,1.500,False,True,0
1382,4,5,0,0,0,6,6.000,False,False,0
1383,4,3,2,0,1,6,1.500,False,True,0
1384,4,3,2,0,1,6,1.500,False,True,0
1385,4,2,3,0,1,6,0.667,False,True,0
1386,4,2,3,0,1,6,0.667,False,True,0
1387,4,3,2,0,0,6,1.500,False,False,0
1388,4,3,2,0,1,6,1.500,False,True,0
1389,4,4,1,0,1,6,4.000,False,False,0
1390,4,6,0,0,1,6,6.000,False,False,0
1391,4,3,0,0,0,6,6.000,False,True,0
1392,4,2,4,0,1,6,0.500,False,True,0
1393,4,1,3,0,1,6,0.333,False,True,0
1394,4,2,3,0,1,6,0.667,False,False,0
1395,4,5,0,0,1,6,6.000,False,False,0
1396,4,4,1,0,1,6,4.000,False,True,0
1397,4,2,2,0,0,6,1.000,False,True,0
1398,4,1,4,0,1,6,0.250,False,True,0
1399,4,1,4,0,1,6,0.250,False,True,0
1400,4,2,4,0,1,6,0.500,False,False,0
1401,4,5,0,0,1,6,6.000,False,False,0
1402,4,2,1,1,1,6,2.000,False,True,0
1403,4,3,2,0,0,6,1.500,False,True,0
1404,4,3,2,0,1,6,1.500,False,True,0
1405,4,2,3,0,1,6,0.667,False,True,0
1406,4,2,3,0,1,6,0.667,False,True,0
1407,4,3,2,0,0,6,1.500,False,False,0
1408,4,1,3,0,1,6,0.333,False,True,0
1409,4,1,5,0,1,6,0.200,True,True,0
1410,4,2,4,0,1,6,0.500,False,False,0
1411,4,6,0,0,1,6,6.000,False,False,0
1412,4,2,0,0,0,6,6.000,False,True,0
1413,4,1,4,0,1,6,0.250,False,True,0
1414,4,1,4,0,1,6,0.250,False,True,0
1415,4,4,2,0,1,6,2.000,False,False,0
1416,4,5,0,0,1,6,6.000,False,False,0
1417,4,2,1,1,1,6,2.000,False,True,0
1418,4,2,2,0,1,6,1.000,False,True,0
1419,4,2,3,0,0,6,0.667,False,True,0
1420,4,4,2,0,1,6,2.000,False,False,0
1421,4,4,1,0,1,6,4.000,False,False,0
1422,4,1,1,0,1,6,1.000,False,True,0
1423,4,1,5,0,1,6,0.200,True,True,0
1424,4,2,4,0,1,6,0.500,False,False,0
1425,4,1,4,0,1,6,0.250,False,True,0
1426,4,4,2,0,1,6,2.000,False,False,0
1427,4,3,0,0,0,6,6.000,False,False,0
1428,4,2,3,0,1,6,0.667,False,True,0
1429,4,2,3,0,1,6,0.667,False,True,0
1430,4,1,4,0,1,6,0.250,False,True,0
1431,4,3,2,0,1,6,1.500,False,False,0
1432,4,1,2,0,1,6,0.500,False,True,0
1433,4,3,3,0,0,6,1.000,False,False,0
1434,4,2,4,0,1,6,0.500,False,True,0
1435,4,4,0,0,1,6,6.000,False,False,0
1436,4,3,2,0,1,6,1.500,False,True,0
1437,4,0,3,0,1,6,0.000,False,True,0
1438,4,2,4,0,1,6,0.500,False,False,0
1439,4,2,3,0,0,6,0.667,False,False,0
1440,4,2,4,0,1,6,0.500,False,True,0
1441,4,4,1,0,1,6,4.000,False,False,0
1442,4,4,0,0,1,6,6.000,False,False,0
1443,4,2,1,1,0,6,2.000,False,True,0
1444,4,0,4,0,1,6,0.000,False,True,0
1445,4,2,4,0,1,6,0.500,False,False,0
1446,4,4,2,0,1,6,2.000,False,False,0
1447,4,2,1,0,1,6,2.000,False,True,0
1448,4,3,2,1,1,6,1.500,False,True,0
1449,4,5,1,0,0,6,5.000,False,False,0
1450,4,2,1,0,1,6,2.000,False,True,0
1451,4,2,3,0,1,6,0.667,False,True,0
1452,4,2,3,0,1,6,0.667,False,True,0
1453,4,3,3,0,0,6,1.000,False,False,0
1454,4,3,1,0,1,6,3.000,False,False,0
1455,4,1,3,0,1,6,0.333,False,True,0
1456,4,1,4,0,1,6,0.250,False,True,0
1457,4,3,3,0,1,6,1.000,False,False,0
1458,4,5,0,0,0,6,6.000,False,False,0
1459,4,1,2,0,1,6,0.500,False,True,0
1460,4,1,4,0,1,6,0.250,False,True,0
1461,4,4,2,0,1,6,2.000,False,False,0
1462,4,5,1,0,1,6,5.000,False,False,0
1463,4,4,0,0,1,6,6.000,False,False,0
1464,4,2,1,0,1,6,2.000,False,True,0
1465,4,0,5,0,0,6,0.000,False,True,0
1466,4,1,5,0,1,6,0.200,True,False,0
1467,4,5,1,0,1,6,5.000,False,False,0
1468,4,3,1,1,1,6,3.000,False,True,0
1469,4,4,0,0,0,6,6.000,False,False,0
1470,4,1,3,0,1,6,0.333,False,True,0
1471,4,1,4,0,1,6,0.250,False,True,0
1472,4,1,5,0,1,6,0.200,True,True,0
1473,4,4,1,0,1,6,4.000,False,False,0
1474,4,3,0,0,1,6,6.000,False,False,0
1475,4,2,3,0,1,6,0.667,False,True,0
1476,4,1,4,0,1,6,0.250,False,True,0
1477,4,5,1,0,0,6,5.000,False,False,0
1478,4,3,1,0,1,6,3.000,False,True,0
1479,4,1,3,0,1,6,0.333,False,True,0
1480,4,2,3,0,1,6,0.667,False,False,0
1481,4,2,4,0,1,6,0.500,False,True,0
1482,4,2,2,1,0,6,1.000,False,False,0
1483,4,2,2,0,1,6,1.000,False,True,0
1484,4,3,2,0,1,6,1.500,False,False,0
1485,4,4,2,0,1,6,2.000,False,False,0
1486,4,6,0,0,1,6,6.000,False,False,0
1487,4,1,0,0,1,6,6.000,False,True,0
1488,4,1,5,0,0,6,0.200,False,True,0
1489,4,1,4,0,1,6,0.250,False,False,0
1490,4,5,1,0,1,6,5.000,False,False,0
1491,4,3,1,0,1,6,3.000,False,True,0
1492,4,2,1,0,1,6,2.000,False,True,0
1493,4,1,5,0,0,6,0.200,False,True,0
1494,4,2,3,0,1,6,0.667,False,False,0
1495,4,2,3,0,1,6,0.667,False,True,0
1496,4,2,3,0,1,6,0.667,False,True,0
1497,4,0,0,0,0,6,6.000,False,False,0
