,nodeId,ls,lc,le,ltx,number of neighbors,QOS,arm,jammed
0,1.0,4.0,0.0,0.0,0.0,8.0,8.000,False,False
1,1.0,2.0,3.0,0.0,0.0,8.0,0.667,True,True
2,1.0,2.0,5.0,0.0,0.0,8.0,0.400,False,True
3,1.0,6.0,2.0,0.0,0.0,8.0,3.000,True,False
4,1.0,6.0,0.0,0.0,0.0,8.0,8.000,True,False
5,1.0,5.0,2.0,0.0,0.0,8.0,2.500,False,True
6,1.0,2.0,3.0,0.0,0.0,8.0,0.667,False,True
7,1.0,2.0,4.0,0.0,0.0,8.0,0.500,False,True
8,1.0,3.0,5.0,0.0,0.0,8.0,0.600,False,True
9,1.0,4.0,4.0,0.0,0.0,8.0,1.000,False,False
10,1.0,5.0,0.0,0.0,0.0,8.0,8.000,False,False
11,1.0,2.0,3.0,0.0,0.0,8.0,0.667,False,True
12,1.0,2.0,5.0,0.0,0.0,8.0,0.400,True,True
13,1.0,5.0,3.0,0.0,0.0,8.0,1.667,True,False
14,1.0,5.0,1.0,0.0,0.0,8.0,5.000,True,False
15,1.0,6.0,1.0,0.0,0.0,8.0,6.000,True,False
16,1.0,4.0,3.0,0.0,0.0,8.0,1.333,True,True
17,1.0,5.0,2.0,0.0,0.0,8.0,2.500,False,False
18,1.0,4.0,1.0,0.0,0.0,8.0,4.000,False,False
19,1.0,4.0,2.0,0.0,0.0,8.0,2.000,False,True
20,1.0,3.0,4.0,0.0,0.0,8.0,0.750,False,True
21,1.0,3.0,4.0,0.0,0.0,8.0,0.750,False,True
22,1.0,4.0,3.0,0.0,0.0,8.0,1.333,False,False
23,1.0,3.0,2.0,1.0,0.0,8.0,1.500,True,True
24,1.0,3.0,3.0,0.0,0.0,8.0,1.000,False,True
25,1.0,4.0,4.0,0.0,0.0,8.0,1.000,False,True
26,1.0,3.0,3.0,0.0,0.0,8.0,1.000,True,True
27,1.0,4.0,2.0,1.0,0.0,8.0,2.000,True,False
28,1.0,4.0,3.0,0.0,0.0,8.0,1.333,True,True
29,1.0,4.0,3.0,0.0,0.0,8.0,1.333,True,True
30,1.0,4.0,2.0,0.0,0.0,8.0,2.000,True,False
31,1.0,4.0,3.0,0.0,0.0,8.0,1.333,False,True
32,1.0,4.0,1.0,1.0,0.0,8.0,4.000,False,False
33,1.0,2.0,2.0,1.0,0.0,8.0,1.000,False,True
34,1.0,4.0,4.0,0.0,0.0,8.0,1.000,True,True
35,1.0,4.0,2.0,0.0,0.0,8.0,2.000,True,False
36,1.0,4.0,3.0,0.0,0.0,8.0,1.333,False,True
37,1.0,3.0,2.0,0.0,0.0,8.0,1.500,False,True
38,1.0,3.0,4.0,0.0,0.0,8.0,0.750,False,True
39,1.0,4.0,3.0,0.0,0.0,8.0,1.333,False,False
40,1.0,5.0,3.0,0.0,0.0,8.0,1.667,True,False
41,1.0,6.0,0.0,0.0,0.0,8.0,8.000,True,False
42,1.0,4.0,1.0,0.0,0.0,8.0,4.000,True,True
43,1.0,2.0,5.0,0.0,0.0,8.0,0.400,False,True
44,1.0,1.0,5.0,0.0,0.0,8.0,0.200,False,True
45,1.0,5.0,2.0,0.0,0.0,8.0,2.500,False,False
46,1.0,3.0,2.0,0.0,0.0,8.0,1.500,True,True
47,1.0,4.0,3.0,0.0,0.0,8.0,1.333,False,True
48,1.0,2.0,5.0,0.0,0.0,8.0,0.400,False,True
49,1.0,4.0,2.0,0.0,0.0,8.0,2.000,True,False
50,1.0,4.0,3.0,0.0,0.0,8.0,1.333,False,True
51,1.0,3.0,3.0,0.0,0.0,8.0,1.000,False,True
52,1.0,3.0,4.0,0.0,0.0,8.0,0.750,False,True
53,1.0,3.0,4.0,0.0,0.0,8.0,0.750,False,True
54,1.0,5.0,2.0,0.0,0.0,8.0,2.500,False,False
55,1.0,5.0,1.0,0.0,0.0,8.0,5.000,False,False
56,1.0,5.0,3.0,0.0,0.0,8.0,1.667,True,True
57,1.0,3.0,1.0,1.0,0.0,8.0,3.000,True,False
58,1.0,5.0,2.0,0.0,0.0,8.0,2.500,False,True
59,1.0,2.0,3.0,0.0,0.0,8.0,0.667,True,True
60,1.0,3.0,4.0,0.0,0.0,8.0,0.750,False,True
61,1.0,5.0,3.0,0.0,0.0,8.0,1.667,False,False
62,1.0,7.0,0.0,0.0,0.0,8.0,8.000,True,False
63,1.0,5.0,0.0,0.0,0.0,8.0,8.000,True,True
64,1.0,5.0,3.0,0.0,0.0,8.0,1.667,True,True
65,1.0,2.0,2.0,0.0,0.0,8.0,1.000,False,True
66,1.0,3.0,5.0,0.0,0.0,8.0,0.600,False,True
67,1.0,4.0,3.0,0.0,0.0,8.0,1.333,False,False
68,1.0,6.0,0.0,0.0,0.0,8.0,8.000,False,False
69,1.0,4.0,2.0,0.0,0.0,8.0,2.000,True,True
70,1.0,3.0,4.0,0.0,0.0,8.0,0.750,False,True
71,1.0,3.0,4.0,0.0,0.0,8.0,0.750,False,True
72,1.0,6.0,1.0,0.0,0.0,8.0,6.000,False,False
73,1.0,6.0,0.0,0.0,0.0,8.0,8.000,True,False
74,1.0,3.0,1.0,1.0,0.0,8.0,3.000,False,True
75,1.0,2.0,4.0,0.0,0.0,8.0,0.500,True,True
76,1.0,4.0,3.0,1.0,0.0,8.0,1.333,False,False
77,1.0,2.0,3.0,1.0,0.0,8.0,0.667,True,True
78,1.0,5.0,2.0,0.0,0.0,8.0,2.500,False,False
79,1.0,4.0,3.0,0.0,0.0,8.0,1.333,False,True
80,1.0,4.0,1.0,0.0,0.0,8.0,4.000,False,False
81,1.0,4.0,3.0,0.0,0.0,8.0,1.333,False,True
82,1.0,3.0,4.0,0.0,0.0,8.0,0.750,False,True
83,1.0,6.0,1.0,0.0,0.0,8.0,6.000,True,False
84,1.0,5.0,1.0,1.0,0.0,8.0,5.000,False,True
85,1.0,5.0,1.0,0.0,0.0,8.0,5.000,True,True
86,1.0,3.0,3.0,0.0,0.0,8.0,1.000,False,True
87,1.0,3.0,3.0,0.0,0.0,8.0,1.000,True,True
88,1.0,3.0,3.0,1.0,0.0,8.0,1.000,True,True
89,1.0,4.0,3.0,0.0,0.0,8.0,1.333,True,False
90,1.0,4.0,2.0,0.0,0.0,8.0,2.000,False,False
91,1.0,4.0,4.0,0.0,0.0,8.0,1.000,False,True
92,1.0,6.0,1.0,0.0,0.0,8.0,6.000,False,False
93,1.0,5.0,1.0,0.0,0.0,8.0,5.000,False,True
94,1.0,4.0,2.0,0.0,0.0,8.0,2.000,False,True
95,1.0,4.0,2.0,0.0,0.0,8.0,2.000,False,True
96,1.0,5.0,3.0,0.0,0.0,8.0,1.667,False,True
97,1.0,4.0,1.0,1.0,0.0,8.0,4.000,False,False
98,1.0,4.0,2.0,0.0,0.0,8.0,2.000,True,True
99,1.0,4.0,2.0,1.0,0.0,8.0,2.000,False,True
100,1.0,1.0,3.0,1.0,0.0,8.0,0.333,False,True
101,1.0,4.0,4.0,0.0,0.0,8.0,1.000,True,False
102,1.0,4.0,3.0,0.0,0.0,8.0,1.333,True,False
103,1.0,6.0,1.0,0.0,0.0,8.0,6.000,False,False
104,1.0,4.0,2.0,0.0,0.0,8.0,2.000,True,True
105,1.0,3.0,3.0,0.0,0.0,8.0,1.000,False,True
106,1.0,3.0,3.0,0.0,0.0,8.0,1.000,False,True
107,1.0,2.0,5.0,1.0,0.0,8.0,0.400,False,True
108,1.0,5.0,2.0,0.0,0.0,8.0,2.500,False,False
109,1.0,7.0,0.0,0.0,0.0,8.0,8.000,False,False
110,1.0,6.0,1.0,0.0,0.0,8.0,6.000,True,True
111,1.0,3.0,2.0,0.0,0.0,8.0,1.500,True,True
112,1.0,2.0,3.0,0.0,0.0,8.0,0.667,False,True
113,1.0,3.0,5.0,0.0,0.0,8.0,0.600,False,True
114,1.0,6.0,2.0,0.0,0.0,8.0,3.000,True,False
115,1.0,6.0,0.0,0.0,0.0,8.0,8.000,True,False
116,1.0,1.0,3.0,0.0,0.0,8.0,0.333,False,True
117,1.0,3.0,4.0,0.0,0.0,8.0,0.750,False,False
118,1.0,4.0,3.0,0.0,0.0,8.0,1.333,False,False
119,1.0,4.0,3.0,0.0,0.0,8.0,1.333,False,True
120,1.0,6.0,1.0,0.0,0.0,8.0,6.000,False,False
121,1.0,6.0,0.0,0.0,0.0,8.0,8.000,False,False
122,1.0,4.0,1.0,0.0,0.0,8.0,4.000,True,True
123,1.0,2.0,4.0,0.0,0.0,8.0,0.500,True,True
124,1.0,2.0,5.0,0.0,0.0,8.0,0.400,True,True
125,1.0,5.0,3.0,0.0,0.0,8.0,1.667,True,False
126,1.0,4.0,3.0,0.0,0.0,8.0,1.333,True,True
127,1.0,4.0,2.0,0.0,0.0,8.0,2.000,True,False
128,1.0,4.0,2.0,0.0,0.0,8.0,2.000,True,True
129,1.0,5.0,2.0,0.0,0.0,8.0,2.500,True,False
130,1.0,4.0,3.0,0.0,0.0,8.0,1.333,False,True
131,1.0,2.0,3.0,0.0,0.0,8.0,0.667,False,True
132,1.0,3.0,4.0,0.0,0.0,8.0,0.750,False,True
133,1.0,5.0,3.0,0.0,0.0,8.0,1.667,False,False
134,1.0,3.0,3.0,0.0,0.0,8.0,1.000,True,True
135,1.0,4.0,1.0,0.0,0.0,8.0,4.000,True,False
136,1.0,3.0,4.0,0.0,0.0,8.0,0.750,False,True
137,1.0,4.0,4.0,0.0,0.0,8.0,1.000,False,False
138,1.0,4.0,2.0,0.0,0.0,8.0,2.000,True,False
139,1.0,5.0,3.0,0.0,0.0,8.0,1.667,False,True
140,1.0,3.0,2.0,0.0,0.0,8.0,1.500,True,True
141,1.0,3.0,4.0,0.0,0.0,8.0,0.750,False,True
142,1.0,3.0,3.0,1.0,0.0,8.0,1.000,False,False
143,1.0,6.0,2.0,0.0,0.0,8.0,3.000,False,False
144,1.0,2.0,2.0,0.0,0.0,8.0,1.000,True,True
145,1.0,4.0,4.0,0.0,0.0,8.0,1.000,False,True
146,1.0,3.0,4.0,0.0,0.0,8.0,0.750,True,True
147,1.0,6.0,1.0,0.0,0.0,8.0,6.000,True,False
148,1.0,6.0,1.0,0.0,0.0,8.0,6.000,True,True
149,1.0,5.0,0.0,0.0,0.0,8.0,8.000,True,False
150,1.0,3.0,3.0,0.0,0.0,8.0,1.000,False,True
151,1.0,2.0,4.0,0.0,0.0,8.0,0.500,False,True
152,1.0,5.0,2.0,1.0,0.0,8.0,2.500,False,False
153,1.0,5.0,0.0,0.0,0.0,8.0,8.000,True,False
154,1.0,3.0,2.0,0.0,0.0,8.0,1.500,False,True
155,1.0,3.0,4.0,0.0,0.0,8.0,0.750,False,True
156,1.0,3.0,4.0,0.0,0.0,8.0,0.750,True,True
157,1.0,6.0,1.0,0.0,0.0,8.0,6.000,True,False
158,1.0,4.0,1.0,1.0,0.0,8.0,4.000,False,True
159,1.0,4.0,2.0,0.0,0.0,8.0,2.000,False,True
160,1.0,3.0,3.0,0.0,0.0,8.0,1.000,True,True
161,1.0,6.0,1.0,0.0,0.0,8.0,6.000,True,False
162,1.0,2.0,3.0,0.0,0.0,8.0,0.667,False,True
163,1.0,3.0,3.0,1.0,0.0,8.0,1.000,False,False
164,1.0,3.0,3.0,0.0,0.0,8.0,1.000,True,True
165,1.0,2.0,4.0,0.0,0.0,8.0,0.500,True,True
166,1.0,2.0,5.0,0.0,0.0,8.0,0.400,True,True
167,1.0,3.0,5.0,0.0,0.0,8.0,0.600,True,True
168,1.0,8.0,0.0,0.0,0.0,8.0,8.000,True,False
169,1.0,4.0,0.0,0.0,0.0,8.0,8.000,False,True
170,1.0,4.0,3.0,0.0,0.0,8.0,1.333,False,True
171,1.0,2.0,4.0,0.0,0.0,8.0,0.500,True,True
172,1.0,3.0,4.0,0.0,0.0,8.0,0.750,True,False
173,1.0,5.0,2.0,0.0,0.0,8.0,2.500,True,False
174,1.0,5.0,2.0,1.0,0.0,8.0,2.500,False,True
175,1.0,4.0,1.0,1.0,0.0,8.0,4.000,True,False
176,1.0,5.0,2.0,0.0,0.0,8.0,2.500,False,True
177,1.0,3.0,1.0,0.0,0.0,8.0,3.000,False,False
178,1.0,4.0,4.0,0.0,0.0,8.0,1.000,True,True
179,1.0,4.0,3.0,0.0,0.0,8.0,1.333,True,False
180,1.0,5.0,2.0,0.0,0.0,8.0,2.500,False,False
181,1.0,5.0,1.0,0.0,0.0,8.0,5.000,False,False
182,1.0,3.0,3.0,0.0,0.0,8.0,1.000,False,True
183,1.0,2.0,4.0,0.0,0.0,8.0,0.500,True,True
184,1.0,3.0,4.0,0.0,0.0,8.0,0.750,True,False
185,1.0,4.0,3.0,0.0,0.0,8.0,1.333,True,False
186,1.0,5.0,1.0,1.0,0.0,8.0,5.000,False,False
187,1.0,4.0,1.0,0.0,0.0,8.0,4.000,False,True
188,1.0,3.0,4.0,0.0,0.0,8.0,0.750,False,True
189,1.0,2.0,4.0,0.0,0.0,8.0,0.500,True,True
190,1.0,5.0,3.0,0.0,0.0,8.0,1.667,True,False
191,1.0,4.0,2.0,0.0,0.0,8.0,2.000,True,False
192,1.0,3.0,4.0,0.0,0.0,8.0,0.750,True,True
193,1.0,2.0,4.0,0.0,0.0,8.0,0.500,True,True
194,1.0,4.0,4.0,0.0,0.0,8.0,1.000,True,False
195,1.0,4.0,3.0,0.0,0.0,8.0,1.333,True,False
196,1.0,6.0,0.0,0.0,0.0,8.0,8.000,False,False
197,1.0,5.0,2.0,0.0,0.0,8.0,2.500,False,True
198,1.0,3.0,1.0,1.0,0.0,8.0,3.000,True,False
199,1.0,3.0,3.0,0.0,0.0,8.0,1.000,False,True
200,1.0,4.0,4.0,0.0,0.0,8.0,1.000,True,True
201,1.0,4.0,1.0,0.0,0.0,8.0,4.000,True,False
202,1.0,4.0,3.0,0.0,0.0,8.0,1.333,True,True
203,1.0,3.0,4.0,0.0,0.0,8.0,0.750,False,True
204,1.0,3.0,3.0,0.0,0.0,8.0,1.000,False,False
205,1.0,5.0,3.0,0.0,0.0,8.0,1.667,True,False
206,1.0,7.0,1.0,0.0,0.0,8.0,7.000,True,False
207,1.0,3.0,1.0,0.0,0.0,8.0,3.000,True,True
208,1.0,4.0,3.0,0.0,0.0,8.0,1.333,False,True
209,1.0,3.0,4.0,0.0,0.0,8.0,0.750,False,True
210,1.0,4.0,3.0,0.0,0.0,8.0,1.333,False,False
211,1.0,5.0,2.0,0.0,0.0,8.0,2.500,False,False
212,1.0,5.0,2.0,0.0,0.0,8.0,2.500,False,True
213,1.0,2.0,3.0,0.0,0.0,8.0,0.667,False,True
214,1.0,2.0,5.0,0.0,0.0,8.0,0.400,False,True
215,1.0,4.0,4.0,0.0,0.0,8.0,1.000,True,False
216,1.0,4.0,1.0,0.0,0.0,8.0,4.000,True,False
217,1.0,3.0,3.0,0.0,0.0,8.0,1.000,False,True
218,1.0,3.0,4.0,0.0,0.0,8.0,0.750,False,True
219,1.0,2.0,5.0,0.0,0.0,8.0,0.400,False,True
220,1.0,3.0,4.0,0.0,0.0,8.0,0.750,False,False
221,1.0,4.0,3.0,0.0,0.0,8.0,1.333,False,False
222,1.0,5.0,1.0,0.0,0.0,8.0,5.000,False,False
223,1.0,5.0,2.0,0.0,0.0,8.0,2.500,False,True
224,1.0,6.0,2.0,0.0,0.0,8.0,3.000,False,False
225,1.0,3.0,2.0,0.0,0.0,8.0,1.500,True,True
226,1.0,1.0,5.0,0.0,0.0,8.0,0.200,False,True
227,1.0,2.0,5.0,0.0,0.0,8.0,0.400,False,True
228,1.0,4.0,4.0,0.0,0.0,8.0,1.000,False,False
229,1.0,6.0,1.0,0.0,0.0,8.0,6.000,True,False
230,1.0,2.0,1.0,0.0,0.0,8.0,2.000,True,True
231,1.0,2.0,5.0,0.0,0.0,8.0,0.400,False,True
232,1.0,2.0,5.0,0.0,0.0,8.0,0.400,False,True
233,1.0,4.0,4.0,0.0,0.0,8.0,1.000,False,False
234,1.0,4.0,2.0,0.0,0.0,8.0,2.000,True,False
235,1.0,5.0,2.0,0.0,0.0,8.0,2.500,True,False
236,1.0,4.0,2.0,0.0,0.0,8.0,2.000,False,True
237,1.0,2.0,3.0,0.0,0.0,8.0,0.667,True,True
238,1.0,5.0,3.0,0.0,0.0,8.0,1.667,False,False
239,1.0,6.0,2.0,0.0,0.0,8.0,3.000,False,False
240,1.0,4.0,2.0,0.0,0.0,8.0,2.000,True,True
241,1.0,3.0,3.0,0.0,0.0,8.0,1.000,True,True
242,1.0,4.0,3.0,0.0,0.0,8.0,1.333,True,False
243,1.0,4.0,3.0,0.0,0.0,8.0,1.333,False,True
244,1.0,6.0,1.0,1.0,0.0,8.0,6.000,False,False
245,1.0,5.0,0.0,0.0,0.0,8.0,8.000,True,False
246,1.0,5.0,2.0,0.0,0.0,8.0,2.500,True,True
247,1.0,2.0,3.0,0.0,0.0,8.0,0.667,False,True
248,1.0,5.0,2.0,1.0,0.0,8.0,2.500,False,False
249,1.0,3.0,3.0,1.0,0.0,8.0,1.000,False,True
250,1.0,5.0,4.0,0.0,0.0,8.0,1.250,False,False
251,1.0,5.0,4.0,0.0,0.0,8.0,1.250,True,True
252,1.0,3.0,3.0,0.0,0.0,8.0,1.000,True,True
253,1.0,5.0,5.0,0.0,0.0,8.0,1.000,True,True
254,1.0,5.0,5.0,0.0,0.0,8.0,1.000,True,True
255,1.0,3.0,4.0,1.0,0.0,8.0,0.750,True,True
256,1.0,1.0,6.0,0.0,0.0,8.0,0.167,True,True
257,1.0,4.0,7.0,0.0,0.0,8.0,0.571,True,False
258,1.0,4.0,7.0,0.0,0.0,8.0,0.571,True,True
259,1.0,3.0,8.0,0.0,0.0,8.0,0.375,True,True
260,1.0,1.0,5.0,1.0,0.0,8.0,0.200,True,True
261,1.0,2.0,9.0,2.0,0.0,8.0,0.222,True,True
262,1.0,2.0,8.0,0.0,0.0,8.0,0.250,True,True
263,1.0,3.0,6.0,0.0,0.0,8.0,0.500,True,False
264,1.0,2.0,8.0,1.0,0.0,8.0,0.250,True,True
265,1.0,3.0,10.0,0.0,0.0,8.0,0.300,True,True
266,1.0,2.0,7.0,0.0,0.0,8.0,0.286,True,True
267,1.0,2.0,7.0,0.0,0.0,8.0,0.286,True,True
268,1.0,2.0,9.0,0.0,0.0,8.0,0.222,True,True
269,1.0,2.0,11.0,0.0,0.0,8.0,0.182,True,True
270,1.0,3.0,7.0,1.0,0.0,8.0,0.429,True,False
271,1.0,1.0,8.0,1.0,0.0,8.0,0.125,True,True
272,1.0,1.0,5.0,0.0,0.0,8.0,0.200,True,True
273,1.0,2.0,10.0,0.0,0.0,8.0,0.200,True,True
274,1.0,1.0,7.0,0.0,0.0,8.0,0.143,True,True
275,1.0,1.0,9.0,1.0,0.0,8.0,0.111,True,True
276,1.0,1.0,11.0,1.0,0.0,8.0,0.091,True,True
277,1.0,1.0,8.0,0.0,0.0,8.0,0.125,True,True
278,1.0,0.0,9.0,1.0,0.0,8.0,0.000,True,True
279,1.0,0.0,11.0,1.0,0.0,8.0,0.000,True,True
280,1.0,0.0,10.0,0.0,0.0,8.0,0.000,True,True
281,1.0,1.0,9.0,0.0,0.0,8.0,0.111,True,True
282,1.0,0.0,9.0,0.0,0.0,8.0,0.000,True,True
283,1.0,1.0,12.0,0.0,0.0,8.0,0.083,True,True
284,1.0,0.0,14.0,0.0,0.0,8.0,0.000,True,True
285,1.0,1.0,3.0,1.0,0.0,8.0,0.333,True,False
286,1.0,0.0,9.0,0.0,0.0,8.0,0.000,False,True
287,1.0,0.0,8.0,1.0,0.0,8.0,0.000,True,True
288,1.0,1.0,9.0,1.0,0.0,8.0,0.111,True,True
289,1.0,0.0,9.0,0.0,0.0,8.0,0.000,True,True
290,1.0,1.0,10.0,0.0,0.0,8.0,0.100,True,True
291,1.0,1.0,11.0,0.0,0.0,8.0,0.091,True,True
292,1.0,2.0,8.0,1.0,0.0,8.0,0.250,True,True
293,1.0,2.0,9.0,1.0,0.0,8.0,0.222,True,True
294,1.0,0.0,7.0,0.0,0.0,8.0,0.000,True,True
295,1.0,2.0,9.0,1.0,0.0,8.0,0.222,True,False
296,1.0,2.0,7.0,1.0,0.0,8.0,0.286,True,True
297,1.0,0.0,6.0,1.0,0.0,8.0,0.000,True,True
298,1.0,2.0,7.0,0.0,0.0,8.0,0.286,True,False
299,1.0,3.0,8.0,0.0,0.0,8.0,0.375,True,True
300,1.0,2.0,7.0,2.0,0.0,8.0,0.286,True,True
301,1.0,3.0,9.0,2.0,0.0,8.0,0.333,True,True
302,1.0,2.0,5.0,1.0,0.0,8.0,0.400,True,True
303,1.0,2.0,9.0,0.0,0.0,8.0,0.222,True,True
304,1.0,1.0,8.0,1.0,0.0,8.0,0.125,True,True
305,1.0,3.0,8.0,0.0,0.0,8.0,0.375,True,False
306,1.0,3.0,7.0,3.0,0.0,7.0,0.429,True,True
307,1.0,3.0,5.0,1.0,0.0,6.0,0.600,True,True
308,1.0,2.0,6.0,1.0,0.0,6.0,0.333,True,True
309,1.0,3.0,8.0,1.0,0.0,6.0,0.375,True,True
310,1.0,3.0,7.0,0.0,0.0,5.0,0.429,True,True
311,1.0,4.0,6.0,0.0,0.0,6.0,0.667,True,False
312,1.0,5.0,8.0,1.0,0.0,7.0,0.625,True,True
313,1.0,6.0,6.0,0.0,0.0,7.0,1.000,True,False
314,1.0,4.0,6.0,1.0,0.0,7.0,0.667,True,True
315,1.0,3.0,7.0,0.0,0.0,7.0,0.429,True,True
316,1.0,3.0,8.0,0.0,0.0,7.0,0.375,True,True
317,1.0,4.0,5.0,0.0,0.0,8.0,0.800,True,False
318,1.0,3.0,7.0,0.0,0.0,8.0,0.429,True,True
319,1.0,4.0,6.0,0.0,0.0,8.0,0.667,True,False
320,1.0,4.0,2.0,0.0,0.0,8.0,2.000,True,False
321,1.0,5.0,2.0,0.0,0.0,8.0,2.500,False,False
322,1.0,3.0,2.0,0.0,0.0,8.0,1.500,False,True
323,1.0,5.0,3.0,0.0,0.0,8.0,1.667,False,True
324,1.0,6.0,2.0,0.0,0.0,8.0,3.000,True,False
325,1.0,4.0,1.0,0.0,0.0,8.0,4.000,True,False
326,1.0,3.0,3.0,0.0,0.0,8.0,1.000,False,True
327,1.0,4.0,3.0,0.0,0.0,8.0,1.333,False,False
328,1.0,4.0,2.0,0.0,0.0,8.0,2.000,True,False
329,1.0,4.0,3.0,0.0,0.0,8.0,1.333,False,True
330,1.0,4.0,2.0,0.0,0.0,8.0,2.000,True,False
331,1.0,3.0,4.0,0.0,0.0,8.0,0.750,False,True
332,1.0,4.0,2.0,0.0,0.0,8.0,2.000,True,False
333,1.0,3.0,2.0,0.0,0.0,8.0,1.500,False,True
334,1.0,3.0,5.0,0.0,0.0,8.0,0.600,False,True
335,1.0,4.0,3.0,0.0,0.0,8.0,1.333,True,False
336,1.0,5.0,1.0,1.0,0.0,8.0,5.000,True,False
337,1.0,6.0,1.0,0.0,0.0,8.0,6.000,False,False
338,1.0,4.0,1.0,0.0,0.0,8.0,4.000,False,True
339,1.0,1.0,4.0,0.0,0.0,8.0,0.250,False,True
340,1.0,2.0,6.0,0.0,0.0,8.0,0.333,False,True
341,1.0,6.0,2.0,0.0,0.0,8.0,3.000,True,False
342,1.0,5.0,0.0,0.0,0.0,8.0,8.000,True,False
343,1.0,3.0,3.0,0.0,0.0,8.0,1.000,False,True
344,1.0,5.0,2.0,0.0,0.0,8.0,2.500,False,False
345,1.0,5.0,1.0,0.0,0.0,8.0,5.000,False,False
346,1.0,5.0,3.0,0.0,0.0,8.0,1.667,False,True
347,1.0,4.0,2.0,0.0,0.0,8.0,2.000,True,False
348,1.0,3.0,2.0,0.0,0.0,8.0,1.500,False,True
349,1.0,5.0,2.0,0.0,0.0,8.0,2.500,False,False
350,1.0,3.0,3.0,0.0,0.0,8.0,1.000,False,True
351,1.0,5.0,3.0,0.0,0.0,8.0,1.667,False,False
352,1.0,7.0,0.0,0.0,0.0,8.0,8.000,True,False
353,1.0,3.0,1.0,0.0,0.0,8.0,3.000,False,True
354,1.0,2.0,5.0,0.0,0.0,8.0,0.400,False,True
355,1.0,1.0,5.0,0.0,0.0,8.0,0.200,True,True
356,1.0,5.0,3.0,0.0,0.0,8.0,1.667,True,False
357,1.0,6.0,1.0,0.0,0.0,8.0,6.000,True,False
358,1.0,6.0,2.0,0.0,0.0,8.0,3.000,False,True
359,1.0,5.0,0.0,0.0,0.0,8.0,8.000,False,False
360,1.0,2.0,3.0,1.0,0.0,8.0,0.667,False,True
361,1.0,2.0,4.0,0.0,0.0,8.0,0.500,False,True
362,1.0,3.0,4.0,0.0,0.0,8.0,0.750,True,False
363,1.0,4.0,3.0,0.0,0.0,8.0,1.333,True,False
364,1.0,3.0,4.0,0.0,0.0,8.0,0.750,True,True
365,1.0,4.0,3.0,0.0,0.0,8.0,1.333,True,False
366,1.0,3.0,2.0,1.0,0.0,8.0,1.500,True,True
367,1.0,3.0,5.0,0.0,0.0,8.0,0.600,False,True
368,1.0,3.0,2.0,0.0,0.0,8.0,1.500,True,False
369,1.0,3.0,4.0,0.0,0.0,8.0,0.750,False,True
370,1.0,3.0,3.0,0.0,0.0,8.0,1.000,True,False
371,1.0,6.0,2.0,0.0,0.0,8.0,3.000,False,False
372,1.0,5.0,1.0,0.0,0.0,8.0,5.000,False,False
373,1.0,2.0,3.0,0.0,0.0,8.0,0.667,False,True
374,1.0,2.0,6.0,0.0,0.0,8.0,0.333,False,True
375,1.0,3.0,4.0,0.0,0.0,8.0,0.750,True,False
376,1.0,6.0,1.0,0.0,0.0,8.0,6.000,True,False
377,1.0,7.0,1.0,0.0,0.0,8.0,7.000,False,False
378,1.0,5.0,1.0,0.0,0.0,8.0,5.000,False,True
379,1.0,5.0,1.0,0.0,0.0,8.0,5.000,False,True
380,1.0,4.0,1.0,1.0,0.0,8.0,4.000,False,True
381,1.0,1.0,3.0,0.0,0.0,8.0,0.333,False,True
382,1.0,3.0,5.0,0.0,0.0,8.0,0.600,False,False
383,1.0,5.0,3.0,0.0,0.0,8.0,1.667,True,False
384,1.0,5.0,0.0,0.0,0.0,8.0,8.000,True,False
385,1.0,5.0,3.0,0.0,0.0,8.0,1.667,False,True
386,1.0,4.0,2.0,0.0,0.0,8.0,2.000,True,False
387,1.0,4.0,3.0,0.0,0.0,8.0,1.333,False,True
388,1.0,3.0,3.0,0.0,0.0,8.0,1.000,True,True
389,1.0,5.0,1.0,1.0,0.0,8.0,5.000,False,False
390,1.0,3.0,3.0,0.0,0.0,8.0,1.000,False,True
391,1.0,5.0,2.0,0.0,0.0,8.0,2.500,False,False
392,1.0,4.0,3.0,0.0,0.0,8.0,1.333,False,True
393,1.0,6.0,0.0,0.0,0.0,8.0,8.000,True,False
394,1.0,4.0,2.0,0.0,0.0,8.0,2.000,False,True
395,1.0,5.0,2.0,0.0,0.0,8.0,2.500,False,False
396,1.0,3.0,2.0,0.0,0.0,8.0,1.500,False,True
397,1.0,4.0,3.0,0.0,0.0,8.0,1.333,False,True
398,1.0,2.0,4.0,1.0,0.0,8.0,0.500,True,True
399,1.0,3.0,4.0,0.0,0.0,8.0,0.750,True,False
400,1.0,6.0,2.0,0.0,0.0,8.0,3.000,True,False
401,1.0,3.0,1.0,0.0,0.0,8.0,3.000,False,True
402,1.0,3.0,4.0,0.0,0.0,8.0,0.750,False,True
403,1.0,1.0,5.0,1.0,0.0,8.0,0.200,True,True
404,1.0,6.0,2.0,0.0,0.0,8.0,3.000,True,False
405,1.0,5.0,0.0,0.0,0.0,8.0,8.000,False,False
406,1.0,5.0,2.0,0.0,0.0,8.0,2.500,False,True
407,1.0,3.0,2.0,0.0,0.0,8.0,1.500,False,True
408,1.0,3.0,4.0,0.0,0.0,8.0,0.750,False,True
409,1.0,3.0,4.0,0.0,0.0,8.0,0.750,True,True
410,1.0,2.0,4.0,0.0,0.0,8.0,0.500,True,True
411,1.0,5.0,2.0,0.0,0.0,8.0,2.500,True,False
412,1.0,2.0,3.0,0.0,0.0,8.0,0.667,False,True
413,1.0,1.0,6.0,0.0,0.0,8.0,0.167,False,True
414,1.0,4.0,4.0,0.0,0.0,8.0,1.000,True,False
415,1.0,5.0,0.0,0.0,0.0,8.0,8.000,True,False
416,1.0,3.0,3.0,0.0,0.0,8.0,1.000,False,True
417,1.0,3.0,5.0,0.0,0.0,8.0,0.600,False,True
418,1.0,3.0,3.0,0.0,0.0,8.0,1.000,True,False
419,1.0,4.0,3.0,1.0,0.0,8.0,1.333,False,False
420,1.0,7.0,0.0,0.0,0.0,8.0,8.000,True,False
421,1.0,3.0,0.0,0.0,0.0,8.0,8.000,False,True
422,1.0,3.0,5.0,0.0,0.0,8.0,0.600,False,True
423,1.0,3.0,3.0,0.0,0.0,8.0,1.000,True,False
424,1.0,4.0,2.0,1.0,0.0,8.0,2.000,False,False
425,1.0,3.0,4.0,0.0,0.0,8.0,0.750,False,True
426,1.0,3.0,3.0,0.0,0.0,8.0,1.000,True,False
427,1.0,5.0,2.0,0.0,0.0,8.0,2.500,False,False
428,1.0,7.0,1.0,0.0,0.0,8.0,7.000,False,False
429,1.0,3.0,0.0,0.0,0.0,8.0,8.000,False,False
430,1.0,1.0,6.0,0.0,0.0,8.0,0.167,False,True
431,1.0,4.0,4.0,0.0,0.0,8.0,1.000,True,False
432,1.0,8.0,0.0,0.0,0.0,8.0,8.000,True,False
433,1.0,6.0,0.0,0.0,0.0,8.0,8.000,False,True
434,1.0,4.0,1.0,0.0,0.0,8.0,4.000,False,True
435,1.0,3.0,4.0,0.0,0.0,8.0,0.750,False,True
436,1.0,4.0,2.0,0.0,0.0,8.0,2.000,True,False
437,1.0,3.0,3.0,0.0,0.0,8.0,1.000,False,True
438,1.0,5.0,3.0,0.0,0.0,8.0,1.667,False,False
439,1.0,6.0,0.0,0.0,0.0,8.0,8.000,True,False
440,1.0,2.0,3.0,0.0,0.0,8.0,0.667,False,True
441,1.0,5.0,2.0,0.0,0.0,8.0,2.500,False,False
442,1.0,3.0,3.0,0.0,0.0,8.0,1.000,False,True
443,1.0,2.0,3.0,1.0,0.0,8.0,0.667,False,True
444,1.0,1.0,5.0,0.0,0.0,8.0,0.200,False,True
445,1.0,4.0,4.0,0.0,0.0,8.0,1.000,True,False
446,1.0,6.0,1.0,0.0,0.0,8.0,6.000,True,False
447,1.0,6.0,0.0,0.0,0.0,8.0,8.000,False,False
448,1.0,4.0,1.0,1.0,0.0,8.0,4.000,False,True
449,1.0,4.0,2.0,0.0,0.0,8.0,2.000,False,True
450,1.0,3.0,4.0,0.0,0.0,8.0,0.750,False,True
451,1.0,7.0,1.0,0.0,0.0,8.0,7.000,True,False
452,1.0,5.0,1.0,0.0,0.0,8.0,5.000,False,True
453,1.0,5.0,2.0,0.0,0.0,8.0,2.500,False,True
454,1.0,3.0,2.0,0.0,0.0,8.0,1.500,False,True
455,1.0,4.0,3.0,0.0,0.0,8.0,1.333,False,True
456,1.0,1.0,3.0,1.0,0.0,8.0,0.333,False,True
457,1.0,4.0,4.0,0.0,0.0,8.0,1.000,False,False
458,1.0,4.0,3.0,0.0,0.0,8.0,1.333,True,False
459,1.0,4.0,2.0,0.0,0.0,8.0,2.000,False,False
460,1.0,3.0,4.0,0.0,0.0,8.0,0.750,False,True
461,1.0,1.0,4.0,0.0,0.0,8.0,0.250,True,True
462,1.0,2.0,6.0,0.0,0.0,8.0,0.333,False,True
463,1.0,3.0,4.0,0.0,0.0,8.0,0.750,True,False
464,1.0,7.0,0.0,0.0,0.0,8.0,8.000,True,False
465,1.0,4.0,2.0,0.0,0.0,8.0,2.000,False,True
466,1.0,4.0,2.0,0.0,0.0,8.0,2.000,False,True
467,1.0,2.0,3.0,1.0,0.0,8.0,0.667,False,True
468,1.0,4.0,4.0,0.0,0.0,8.0,1.000,False,False
469,1.0,4.0,2.0,0.0,0.0,8.0,2.000,True,False
470,1.0,2.0,4.0,0.0,0.0,8.0,0.500,False,True
471,1.0,4.0,3.0,0.0,0.0,8.0,1.333,False,False
472,1.0,5.0,2.0,0.0,0.0,8.0,2.500,False,False
473,1.0,5.0,2.0,0.0,0.0,8.0,2.500,False,True
474,1.0,3.0,2.0,1.0,0.0,8.0,1.500,False,True
475,1.0,3.0,3.0,0.0,0.0,8.0,1.000,False,True
476,1.0,4.0,3.0,0.0,0.0,8.0,1.333,False,False
477,1.0,1.0,4.0,0.0,0.0,8.0,0.250,False,True
478,1.0,2.0,6.0,0.0,0.0,8.0,0.333,False,True
479,1.0,5.0,3.0,0.0,0.0,8.0,1.667,True,False
480,1.0,4.0,2.0,1.0,0.0,8.0,2.000,True,False
481,1.0,4.0,1.0,0.0,0.0,8.0,4.000,False,False
482,1.0,4.0,3.0,0.0,0.0,8.0,1.333,False,True
483,1.0,4.0,1.0,0.0,0.0,8.0,4.000,False,False
484,1.0,4.0,3.0,0.0,0.0,8.0,1.333,False,True
485,1.0,3.0,3.0,0.0,0.0,8.0,1.000,False,True
486,1.0,4.0,3.0,0.0,0.0,8.0,1.333,False,False
487,1.0,2.0,2.0,0.0,0.0,8.0,1.000,False,True
488,1.0,3.0,5.0,0.0,0.0,8.0,0.600,False,True
489,1.0,4.0,3.0,0.0,0.0,8.0,1.333,True,False
490,1.0,7.0,1.0,0.0,0.0,8.0,7.000,False,False
491,1.0,6.0,1.0,0.0,0.0,8.0,6.000,False,True
492,1.0,3.0,1.0,0.0,0.0,8.0,3.000,False,True
493,1.0,1.0,5.0,0.0,0.0,8.0,0.200,False,True
494,1.0,4.0,4.0,0.0,0.0,8.0,1.000,True,False
495,1.0,4.0,2.0,0.0,0.0,8.0,2.000,True,False
496,1.0,5.0,2.0,0.0,0.0,8.0,2.500,False,False
497,1.0,4.0,2.0,0.0,0.0,8.0,2.000,False,True
498,1.0,4.0,3.0,0.0,0.0,8.0,1.333,False,True
499,1.0,1.0,2.0,1.0,0.0,8.0,0.500,False,True
500,1.0,1.0,6.0,0.0,0.0,8.0,0.167,False,True
501,1.0,2.0,6.0,0.0,0.0,8.0,0.333,True,True
502,1.0,7.0,1.0,0.0,0.0,8.0,7.000,True,False
503,1.0,5.0,0.0,0.0,0.0,8.0,8.000,False,False
504,1.0,1.0,2.0,1.0,0.0,8.0,0.500,False,True
505,1.0,2.0,5.0,0.0,0.0,8.0,0.400,False,True
506,1.0,3.0,5.0,0.0,0.0,8.0,0.600,True,True
507,1.0,6.0,1.0,0.0,0.0,8.0,6.000,True,False
508,1.0,5.0,1.0,1.0,0.0,8.0,5.000,False,True
509,1.0,2.0,1.0,0.0,0.0,8.0,2.000,False,True
510,1.0,1.0,6.0,0.0,0.0,8.0,0.167,False,True
511,1.0,4.0,4.0,0.0,0.0,8.0,1.000,True,False
512,1.0,3.0,4.0,0.0,0.0,8.0,0.750,True,True
513,1.0,7.0,1.0,0.0,0.0,8.0,7.000,True,False
514,1.0,6.0,0.0,0.0,0.0,8.0,8.000,False,False
515,1.0,4.0,3.0,0.0,0.0,8.0,1.333,False,True
516,1.0,3.0,2.0,0.0,0.0,8.0,1.500,False,True
517,1.0,4.0,3.0,0.0,0.0,8.0,1.333,False,True
518,1.0,3.0,4.0,0.0,0.0,8.0,0.750,False,True
519,1.0,6.0,1.0,0.0,0.0,8.0,6.000,True,False
520,1.0,5.0,1.0,0.0,0.0,8.0,5.000,False,True
521,1.0,4.0,2.0,0.0,0.0,8.0,2.000,False,True
522,1.0,3.0,4.0,0.0,0.0,8.0,0.750,False,True
523,1.0,3.0,3.0,0.0,0.0,8.0,1.000,True,False
524,1.0,2.0,6.0,0.0,0.0,8.0,0.333,False,True
525,1.0,5.0,3.0,0.0,0.0,8.0,1.667,True,False
526,1.0,5.0,0.0,0.0,0.0,8.0,8.000,True,False
527,1.0,6.0,2.0,0.0,0.0,8.0,3.000,False,True
528,1.0,2.0,2.0,0.0,0.0,8.0,1.000,False,True
529,1.0,3.0,4.0,0.0,0.0,8.0,0.750,False,True
530,1.0,4.0,4.0,0.0,0.0,8.0,1.000,True,False
531,1.0,2.0,3.0,0.0,0.0,8.0,0.667,True,True
532,1.0,5.0,3.0,0.0,0.0,8.0,1.667,False,False
533,1.0,4.0,2.0,0.0,0.0,8.0,2.000,True,False
534,1.0,5.0,1.0,0.0,0.0,8.0,5.000,False,False
535,1.0,4.0,3.0,0.0,0.0,8.0,1.333,False,True
536,1.0,2.0,4.0,0.0,0.0,8.0,0.500,False,True
537,1.0,3.0,4.0,0.0,0.0,8.0,0.750,False,False
538,1.0,4.0,3.0,0.0,0.0,8.0,1.333,True,False
539,1.0,4.0,1.0,0.0,0.0,8.0,4.000,False,False
540,1.0,4.0,3.0,1.0,0.0,8.0,1.333,False,True
541,1.0,4.0,2.0,0.0,0.0,8.0,2.000,True,False
542,1.0,3.0,3.0,0.0,0.0,8.0,1.000,False,True
543,1.0,6.0,2.0,0.0,0.0,8.0,3.000,False,False
544,1.0,3.0,2.0,0.0,0.0,8.0,1.500,False,True
545,1.0,3.0,3.0,0.0,0.0,8.0,1.000,False,True
546,1.0,4.0,4.0,0.0,0.0,8.0,1.000,False,True
547,1.0,2.0,5.0,0.0,0.0,8.0,0.400,True,True
548,1.0,7.0,1.0,0.0,0.0,8.0,7.000,True,False
549,1.0,4.0,1.0,0.0,0.0,8.0,4.000,False,True
550,1.0,2.0,2.0,1.0,0.0,8.0,1.000,False,True
551,1.0,3.0,5.0,0.0,0.0,8.0,0.600,False,True
552,1.0,2.0,3.0,0.0,0.0,8.0,0.667,True,True
553,1.0,6.0,2.0,0.0,0.0,8.0,3.000,False,False
554,1.0,5.0,2.0,0.0,0.0,8.0,2.500,False,True
555,1.0,2.0,1.0,1.0,0.0,8.0,2.000,False,True
556,1.0,1.0,6.0,0.0,0.0,8.0,0.167,False,True
557,1.0,4.0,3.0,0.0,0.0,8.0,1.333,True,False
558,1.0,6.0,2.0,0.0,0.0,8.0,3.000,False,False
559,1.0,4.0,0.0,0.0,0.0,8.0,8.000,False,False
560,1.0,2.0,3.0,1.0,0.0,8.0,0.667,False,True
561,1.0,3.0,5.0,0.0,0.0,8.0,0.600,False,True
562,1.0,5.0,2.0,0.0,0.0,8.0,2.500,True,False
563,1.0,5.0,1.0,0.0,0.0,8.0,5.000,False,False
564,1.0,4.0,1.0,1.0,0.0,8.0,4.000,False,True
565,1.0,3.0,3.0,0.0,0.0,8.0,1.000,False,True
566,1.0,2.0,5.0,1.0,0.0,8.0,0.400,False,True
567,1.0,4.0,2.0,0.0,0.0,8.0,2.000,True,False
568,1.0,5.0,3.0,0.0,0.0,8.0,1.667,False,True
569,1.0,5.0,2.0,0.0,0.0,8.0,2.500,True,False
570,1.0,6.0,0.0,0.0,0.0,8.0,8.000,False,False
571,1.0,4.0,1.0,0.0,0.0,8.0,4.000,False,True
572,1.0,4.0,4.0,0.0,0.0,8.0,1.000,False,True
573,1.0,2.0,3.0,0.0,0.0,8.0,0.667,True,True
574,1.0,3.0,5.0,0.0,0.0,8.0,0.600,False,True
575,1.0,4.0,2.0,1.0,0.0,8.0,2.000,True,False
576,1.0,3.0,2.0,0.0,0.0,8.0,1.500,False,True
577,1.0,4.0,3.0,0.0,0.0,8.0,1.333,False,True
578,1.0,4.0,2.0,0.0,0.0,8.0,2.000,False,False
579,1.0,5.0,1.0,0.0,0.0,8.0,5.000,False,False
580,1.0,4.0,3.0,0.0,0.0,8.0,1.333,False,True
581,1.0,4.0,2.0,0.0,0.0,8.0,2.000,False,False
582,1.0,4.0,3.0,0.0,0.0,8.0,1.333,False,True
583,1.0,4.0,3.0,0.0,0.0,8.0,1.333,False,True
584,1.0,3.0,3.0,1.0,0.0,8.0,1.000,False,True
585,1.0,4.0,2.0,0.0,0.0,8.0,2.000,True,False
586,1.0,3.0,3.0,0.0,0.0,8.0,1.000,False,True
587,1.0,4.0,3.0,0.0,0.0,8.0,1.333,False,False
588,1.0,4.0,2.0,0.0,0.0,8.0,2.000,False,False
589,1.0,5.0,2.0,0.0,0.0,8.0,2.500,False,False
590,1.0,4.0,2.0,0.0,0.0,8.0,2.000,False,True
591,1.0,3.0,3.0,0.0,0.0,8.0,1.000,False,True
592,1.0,3.0,5.0,0.0,0.0,8.0,0.600,False,True
593,1.0,2.0,4.0,0.0,0.0,8.0,0.500,True,True
594,1.0,5.0,2.0,0.0,0.0,8.0,2.500,False,False
595,1.0,4.0,2.0,0.0,0.0,8.0,2.000,False,True
596,1.0,3.0,4.0,0.0,0.0,8.0,0.750,False,True
597,1.0,2.0,4.0,0.0,0.0,8.0,0.500,True,True
598,1.0,4.0,4.0,0.0,0.0,8.0,1.000,False,False
599,1.0,6.0,1.0,0.0,0.0,8.0,6.000,True,False
600,1.0,6.0,0.0,0.0,0.0,8.0,8.000,False,False
601,1.0,3.0,3.0,0.0,0.0,8.0,1.000,False,True
602,1.0,2.0,4.0,0.0,0.0,8.0,0.500,False,True
603,1.0,5.0,3.0,0.0,0.0,8.0,1.667,False,False
604,1.0,3.0,2.0,1.0,0.0,8.0,1.500,True,True
605,1.0,5.0,2.0,0.0,0.0,8.0,2.500,False,False
606,1.0,3.0,1.0,1.0,0.0,8.0,3.000,False,False
607,1.0,3.0,4.0,0.0,0.0,8.0,0.750,False,True
608,1.0,2.0,5.0,0.0,0.0,8.0,0.400,True,True
609,1.0,5.0,2.0,0.0,0.0,8.0,2.500,True,False
610,1.0,6.0,1.0,0.0,0.0,8.0,6.000,False,False
611,1.0,7.0,0.0,0.0,0.0,8.0,8.000,False,False
612,1.0,2.0,2.0,0.0,0.0,8.0,1.000,False,True
613,1.0,2.0,5.0,0.0,0.0,8.0,0.400,False,True
614,1.0,4.0,3.0,0.0,0.0,8.0,1.333,True,False
615,1.0,3.0,3.0,0.0,0.0,8.0,1.000,False,True
616,1.0,5.0,2.0,0.0,0.0,8.0,2.500,False,False
617,1.0,2.0,3.0,1.0,0.0,8.0,0.667,False,True
618,1.0,2.0,3.0,1.0,0.0,8.0,0.667,False,True
619,1.0,3.0,4.0,0.0,0.0,8.0,0.750,False,True
620,1.0,5.0,2.0,0.0,0.0,8.0,2.500,True,False
621,1.0,4.0,3.0,0.0,0.0,8.0,1.333,False,True
622,1.0,2.0,2.0,0.0,0.0,8.0,1.000,False,True
623,1.0,4.0,4.0,0.0,0.0,8.0,1.000,False,True
624,1.0,4.0,2.0,0.0,0.0,8.0,2.000,True,False
625,1.0,5.0,2.0,0.0,0.0,8.0,2.500,False,False
626,1.0,3.0,3.0,0.0,0.0,8.0,1.000,False,True
627,1.0,4.0,3.0,0.0,0.0,8.0,1.333,False,False
628,1.0,4.0,2.0,0.0,0.0,8.0,2.000,False,False
629,1.0,3.0,4.0,0.0,0.0,8.0,0.750,False,True
630,1.0,6.0,1.0,0.0,0.0,8.0,6.000,True,False
631,1.0,5.0,0.0,0.0,0.0,8.0,8.000,False,False
632,1.0,2.0,3.0,0.0,0.0,8.0,0.667,False,True
633,1.0,2.0,5.0,0.0,0.0,8.0,0.400,False,True
634,1.0,4.0,4.0,0.0,0.0,8.0,1.000,True,False
635,1.0,5.0,2.0,1.0,0.0,8.0,2.500,True,False
636,1.0,5.0,0.0,0.0,0.0,8.0,8.000,True,False
637,1.0,5.0,3.0,0.0,0.0,8.0,1.667,False,True
638,1.0,2.0,1.0,1.0,0.0,8.0,2.000,True,False
639,1.0,4.0,3.0,0.0,0.0,8.0,1.333,False,True
640,1.0,4.0,4.0,0.0,0.0,8.0,1.000,False,True
641,1.0,4.0,2.0,0.0,0.0,8.0,2.000,True,False
642,1.0,5.0,2.0,0.0,0.0,8.0,2.500,False,False
643,1.0,4.0,1.0,1.0,0.0,8.0,4.000,False,False
644,1.0,5.0,1.0,1.0,0.0,8.0,5.000,False,False
645,1.0,2.0,2.0,1.0,0.0,8.0,1.000,False,True
646,1.0,2.0,4.0,0.0,0.0,8.0,0.500,False,True
647,1.0,3.0,5.0,0.0,0.0,8.0,0.600,False,True
648,1.0,4.0,3.0,0.0,0.0,8.0,1.333,True,False
649,1.0,5.0,2.0,0.0,0.0,8.0,2.500,False,False
650,1.0,4.0,3.0,0.0,0.0,8.0,1.333,False,True
651,1.0,2.0,3.0,0.0,0.0,8.0,0.667,False,True
652,1.0,3.0,3.0,0.0,0.0,8.0,1.000,False,False
653,1.0,2.0,4.0,0.0,0.0,8.0,0.500,False,True
654,1.0,3.0,5.0,0.0,0.0,8.0,0.600,False,True
655,1.0,5.0,1.0,1.0,0.0,8.0,5.000,True,False
656,1.0,4.0,2.0,1.0,0.0,8.0,2.000,False,True
657,1.0,2.0,2.0,0.0,0.0,8.0,1.000,False,True
658,1.0,3.0,4.0,0.0,0.0,8.0,0.750,False,True
659,1.0,4.0,4.0,0.0,0.0,8.0,1.000,True,False
660,1.0,4.0,2.0,0.0,0.0,8.0,2.000,True,False
661,1.0,2.0,2.0,1.0,0.0,8.0,1.000,False,True
662,1.0,3.0,4.0,0.0,0.0,8.0,0.750,False,True
663,1.0,4.0,4.0,0.0,0.0,8.0,1.000,True,False
664,1.0,6.0,1.0,0.0,0.0,8.0,6.000,True,False
665,1.0,5.0,1.0,0.0,0.0,8.0,5.000,False,True
666,1.0,2.0,3.0,0.0,0.0,8.0,0.667,False,True
667,1.0,3.0,5.0,0.0,0.0,8.0,0.600,False,True
668,1.0,4.0,2.0,1.0,0.0,8.0,2.000,True,False
669,1.0,4.0,2.0,1.0,0.0,8.0,2.000,False,True
670,1.0,3.0,2.0,0.0,0.0,8.0,1.500,False,True
671,1.0,3.0,4.0,0.0,0.0,8.0,0.750,False,True
672,1.0,5.0,3.0,0.0,0.0,8.0,1.667,True,False
673,1.0,5.0,1.0,0.0,0.0,8.0,5.000,True,False
674,1.0,3.0,2.0,1.0,0.0,8.0,1.500,False,True
675,1.0,5.0,3.0,0.0,0.0,8.0,1.667,False,True
676,1.0,4.0,1.0,1.0,0.0,8.0,4.000,True,False
677,1.0,3.0,2.0,0.0,0.0,8.0,1.500,False,True
678,1.0,5.0,3.0,0.0,0.0,8.0,1.667,False,True
679,1.0,3.0,2.0,0.0,0.0,8.0,1.500,True,True
680,1.0,3.0,3.0,0.0,0.0,8.0,1.000,False,True
681,1.0,1.0,5.0,0.0,0.0,8.0,0.200,False,True
682,1.0,6.0,1.0,0.0,0.0,8.0,6.000,True,False
683,1.0,6.0,1.0,1.0,0.0,8.0,6.000,False,True
684,1.0,5.0,0.0,0.0,0.0,8.0,8.000,False,False
685,1.0,3.0,3.0,0.0,0.0,8.0,1.000,False,True
686,1.0,3.0,3.0,0.0,0.0,8.0,1.000,False,True
687,1.0,5.0,3.0,0.0,0.0,8.0,1.667,False,False
688,1.0,5.0,2.0,0.0,0.0,8.0,2.500,True,False
689,1.0,3.0,2.0,0.0,0.0,8.0,1.500,False,True
690,1.0,4.0,4.0,0.0,0.0,8.0,1.000,False,True
691,1.0,7.0,0.0,0.0,0.0,8.0,8.000,True,False
692,1.0,6.0,0.0,0.0,0.0,8.0,8.000,False,True
693,1.0,2.0,2.0,1.0,0.0,8.0,1.000,False,True
694,1.0,3.0,3.0,0.0,0.0,8.0,1.000,False,True
695,1.0,2.0,5.0,0.0,0.0,8.0,0.400,False,True
696,1.0,7.0,1.0,0.0,0.0,8.0,7.000,True,False
697,1.0,3.0,0.0,0.0,0.0,8.0,8.000,False,False
698,1.0,3.0,4.0,0.0,0.0,8.0,0.750,False,True
699,1.0,3.0,4.0,0.0,0.0,8.0,0.750,False,True
700,1.0,4.0,4.0,0.0,0.0,8.0,1.000,False,False
701,1.0,4.0,3.0,0.0,0.0,8.0,1.333,True,False
702,1.0,8.0,0.0,0.0,0.0,8.0,8.000,False,False
703,1.0,3.0,0.0,0.0,0.0,8.0,8.000,False,True
704,1.0,3.0,4.0,0.0,0.0,8.0,0.750,False,True
705,1.0,4.0,3.0,0.0,0.0,8.0,1.333,False,False
706,1.0,4.0,3.0,0.0,0.0,8.0,1.333,False,True
707,1.0,2.0,4.0,0.0,0.0,8.0,0.500,False,True
708,1.0,5.0,2.0,0.0,0.0,8.0,2.500,False,False
709,1.0,4.0,2.0,0.0,0.0,8.0,2.000,False,True
710,1.0,3.0,4.0,0.0,0.0,8.0,0.750,False,True
711,1.0,4.0,3.0,0.0,0.0,8.0,1.333,False,False
712,1.0,6.0,1.0,0.0,0.0,8.0,6.000,False,False
713,1.0,5.0,0.0,0.0,0.0,8.0,8.000,False,False
714,1.0,3.0,3.0,0.0,0.0,8.0,1.000,False,True
715,1.0,0.0,5.0,0.0,0.0,8.0,0.000,False,True
716,1.0,2.0,6.0,0.0,0.0,8.0,0.333,False,False
717,1.0,4.0,4.0,0.0,0.0,8.0,1.000,True,False
718,1.0,6.0,1.0,0.0,0.0,8.0,6.000,True,False
719,1.0,6.0,1.0,0.0,0.0,8.0,6.000,False,True
720,1.0,2.0,1.0,1.0,0.0,8.0,2.000,False,True
721,1.0,1.0,6.0,0.0,0.0,8.0,0.167,False,True
722,1.0,2.0,6.0,0.0,0.0,8.0,0.333,True,True
723,1.0,4.0,3.0,0.0,0.0,8.0,1.333,True,False
724,1.0,7.0,1.0,0.0,0.0,8.0,7.000,False,False
725,1.0,6.0,0.0,0.0,0.0,8.0,8.000,False,False
726,1.0,3.0,2.0,0.0,0.0,8.0,1.500,False,True
727,1.0,1.0,5.0,0.0,0.0,8.0,0.200,False,True
728,1.0,2.0,6.0,0.0,0.0,8.0,0.333,True,True
729,1.0,4.0,3.0,0.0,0.0,8.0,1.333,True,False
730,1.0,4.0,2.0,0.0,0.0,8.0,2.000,False,False
731,1.0,1.0,2.0,1.0,0.0,8.0,0.500,False,True
732,1.0,2.0,6.0,0.0,0.0,8.0,0.333,False,True
733,1.0,3.0,4.0,0.0,0.0,8.0,0.750,True,False
734,1.0,7.0,0.0,0.0,0.0,8.0,8.000,False,False
735,1.0,4.0,1.0,0.0,0.0,8.0,4.000,False,True
736,1.0,1.0,4.0,0.0,0.0,8.0,0.250,False,True
737,1.0,2.0,6.0,0.0,0.0,8.0,0.333,False,True
738,1.0,5.0,2.0,1.0,0.0,8.0,2.500,True,False
739,1.0,7.0,0.0,0.0,0.0,8.0,8.000,True,False
740,1.0,5.0,0.0,0.0,0.0,8.0,8.000,False,True
741,1.0,4.0,3.0,0.0,0.0,8.0,1.333,False,True
742,1.0,1.0,4.0,0.0,0.0,8.0,0.250,False,True
743,1.0,4.0,4.0,0.0,0.0,8.0,1.000,False,False
744,1.0,5.0,2.0,0.0,0.0,8.0,2.500,True,False
745,1.0,5.0,2.0,0.0,0.0,8.0,2.500,False,True
746,1.0,3.0,1.0,0.0,0.0,8.0,3.000,False,False
747,1.0,3.0,4.0,0.0,0.0,8.0,0.750,False,True
748,1.0,3.0,3.0,0.0,0.0,8.0,1.000,False,False
749,1.0,5.0,3.0,0.0,0.0,8.0,1.667,False,False
750,1.0,4.0,2.0,0.0,0.0,8.0,2.000,True,False
751,1.0,4.0,2.0,1.0,0.0,8.0,2.000,False,True
752,1.0,3.0,3.0,0.0,0.0,8.0,1.000,False,True
753,1.0,2.0,5.0,0.0,0.0,8.0,0.400,False,True
754,1.0,5.0,1.0,0.0,0.0,8.0,5.000,True,False
755,1.0,2.0,3.0,0.0,0.0,8.0,0.667,False,True
756,1.0,3.0,5.0,0.0,0.0,8.0,0.600,False,True
757,1.0,2.0,5.0,0.0,0.0,8.0,0.400,True,True
758,1.0,4.0,2.0,1.0,0.0,8.0,2.000,True,False
759,1.0,6.0,2.0,0.0,0.0,8.0,3.000,False,False
760,1.0,2.0,2.0,0.0,0.0,8.0,1.000,False,True
761,1.0,1.0,5.0,0.0,0.0,8.0,0.200,False,True
762,1.0,5.0,3.0,0.0,0.0,8.0,1.667,True,False
763,1.0,7.0,1.0,0.0,0.0,8.0,7.000,True,False
764,1.0,5.0,0.0,0.0,0.0,8.0,8.000,False,False
765,1.0,3.0,2.0,0.0,0.0,8.0,1.500,False,True
766,1.0,1.0,5.0,0.0,0.0,8.0,0.200,False,True
767,1.0,5.0,3.0,0.0,0.0,8.0,1.667,True,False
768,1.0,5.0,1.0,0.0,0.0,8.0,5.000,True,False
769,1.0,4.0,1.0,0.0,0.0,8.0,4.000,False,True
770,1.0,2.0,4.0,0.0,0.0,8.0,0.500,False,True
771,1.0,1.0,6.0,0.0,0.0,8.0,0.167,False,True
772,1.0,3.0,5.0,0.0,0.0,8.0,0.600,True,False
773,1.0,6.0,1.0,0.0,0.0,8.0,6.000,True,False
774,1.0,7.0,0.0,0.0,0.0,8.0,8.000,False,False
775,1.0,5.0,1.0,0.0,0.0,8.0,5.000,False,True
776,1.0,2.0,2.0,1.0,0.0,8.0,1.000,False,True
777,1.0,1.0,6.0,0.0,0.0,8.0,0.167,False,True
778,1.0,3.0,5.0,0.0,0.0,8.0,0.600,True,False
779,1.0,3.0,3.0,0.0,0.0,8.0,1.000,True,False
780,1.0,4.0,2.0,0.0,0.0,8.0,2.000,False,False
781,1.0,5.0,2.0,1.0,0.0,8.0,2.500,False,False
782,1.0,2.0,2.0,1.0,0.0,8.0,1.000,True,True
783,1.0,2.0,4.0,0.0,0.0,8.0,0.500,False,True
784,1.0,5.0,3.0,0.0,0.0,8.0,1.667,False,False
785,1.0,4.0,2.0,0.0,0.0,8.0,2.000,True,False
786,1.0,4.0,3.0,0.0,0.0,8.0,1.333,False,True
787,1.0,3.0,3.0,0.0,0.0,8.0,1.000,False,True
788,1.0,4.0,4.0,0.0,0.0,8.0,1.000,False,True
789,1.0,3.0,2.0,0.0,0.0,8.0,1.500,True,False
790,1.0,4.0,4.0,0.0,0.0,8.0,1.000,False,True
791,1.0,6.0,2.0,0.0,0.0,8.0,3.000,True,False
792,1.0,4.0,0.0,0.0,0.0,8.0,8.000,False,False
793,1.0,4.0,4.0,0.0,0.0,8.0,1.000,False,True
794,1.0,2.0,3.0,0.0,0.0,8.0,0.667,True,True
795,1.0,4.0,4.0,0.0,0.0,8.0,1.000,False,False
796,1.0,5.0,1.0,1.0,0.0,8.0,5.000,True,False
797,1.0,2.0,2.0,0.0,0.0,8.0,1.000,False,True
798,1.0,4.0,3.0,0.0,0.0,8.0,1.333,False,False
799,1.0,4.0,3.0,0.0,0.0,8.0,1.333,False,True
800,1.0,4.0,2.0,0.0,0.0,8.0,2.000,False,False
801,1.0,2.0,3.0,0.0,0.0,8.0,0.667,False,True
802,1.0,1.0,6.0,0.0,0.0,8.0,0.167,False,True
803,1.0,3.0,5.0,0.0,0.0,8.0,0.600,True,False
804,1.0,6.0,2.0,0.0,0.0,8.0,3.000,True,False
805,1.0,7.0,0.0,0.0,0.0,8.0,8.000,False,False
806,1.0,4.0,0.0,0.0,0.0,8.0,8.000,False,True
807,1.0,1.0,4.0,0.0,0.0,8.0,0.250,False,True
808,1.0,3.0,5.0,0.0,0.0,8.0,0.600,False,False
809,1.0,5.0,3.0,0.0,0.0,8.0,1.667,True,False
810,1.0,7.0,0.0,0.0,0.0,8.0,8.000,True,False
811,1.0,3.0,0.0,0.0,0.0,8.0,8.000,False,True
812,1.0,0.0,6.0,0.0,0.0,8.0,0.000,False,True
813,1.0,2.0,6.0,0.0,0.0,8.0,0.333,True,False
814,1.0,4.0,4.0,0.0,0.0,8.0,1.000,True,False
815,1.0,6.0,1.0,0.0,0.0,8.0,6.000,True,False
816,1.0,7.0,0.0,0.0,0.0,8.0,8.000,False,False
817,1.0,4.0,2.0,0.0,0.0,8.0,2.000,False,True
818,1.0,3.0,1.0,0.0,0.0,8.0,3.000,False,False
819,1.0,3.0,5.0,0.0,0.0,8.0,0.600,False,True
820,1.0,3.0,3.0,0.0,0.0,8.0,1.000,True,False
821,1.0,3.0,3.0,0.0,0.0,8.0,1.000,False,True
822,1.0,4.0,2.0,1.0,0.0,8.0,2.000,False,False
823,1.0,5.0,2.0,0.0,0.0,8.0,2.500,False,False
824,1.0,2.0,3.0,0.0,0.0,8.0,0.667,False,True
825,1.0,3.0,4.0,0.0,0.0,8.0,0.750,False,True
826,1.0,3.0,3.0,0.0,0.0,8.0,1.000,False,False
827,1.0,2.0,5.0,0.0,0.0,8.0,0.400,False,True
828,1.0,4.0,3.0,0.0,0.0,8.0,1.333,True,False
829,1.0,6.0,2.0,0.0,0.0,8.0,3.000,False,False
830,1.0,5.0,0.0,0.0,0.0,8.0,8.000,False,False
831,1.0,2.0,3.0,0.0,0.0,8.0,0.667,False,True
832,1.0,3.0,5.0,0.0,0.0,8.0,0.600,False,True
833,1.0,3.0,2.0,1.0,0.0,8.0,1.500,True,False
834,1.0,4.0,4.0,0.0,0.0,8.0,1.000,False,True
835,1.0,4.0,2.0,0.0,0.0,8.0,2.000,True,False
836,1.0,2.0,4.0,0.0,0.0,8.0,0.500,False,True
837,1.0,4.0,4.0,0.0,0.0,8.0,1.000,False,False
838,1.0,5.0,2.0,0.0,0.0,8.0,2.500,True,False
839,1.0,6.0,0.0,0.0,0.0,8.0,8.000,False,False
840,1.0,6.0,1.0,0.0,0.0,8.0,6.000,False,True
841,1.0,5.0,1.0,0.0,0.0,8.0,5.000,False,True
842,1.0,3.0,2.0,0.0,0.0,8.0,1.500,False,True
843,1.0,3.0,3.0,0.0,0.0,8.0,1.000,False,True
844,1.0,2.0,6.0,0.0,0.0,8.0,0.333,False,True
845,1.0,5.0,2.0,0.0,0.0,8.0,2.500,True,False
846,1.0,4.0,3.0,0.0,0.0,8.0,1.333,False,True
847,1.0,3.0,3.0,0.0,0.0,8.0,1.000,False,True
848,1.0,3.0,4.0,0.0,0.0,8.0,0.750,False,True
849,1.0,5.0,2.0,0.0,0.0,8.0,2.500,False,False
850,1.0,5.0,2.0,0.0,0.0,8.0,2.500,False,True
851,1.0,7.0,0.0,0.0,0.0,8.0,8.000,False,False
852,1.0,6.0,1.0,0.0,0.0,8.0,6.000,False,True
853,1.0,2.0,1.0,0.0,0.0,8.0,2.000,False,True
854,1.0,1.0,6.0,0.0,0.0,8.0,0.167,False,True
855,1.0,5.0,3.0,0.0,0.0,8.0,1.667,True,False
856,1.0,6.0,1.0,0.0,0.0,8.0,6.000,True,False
857,1.0,6.0,1.0,0.0,0.0,8.0,6.000,False,True
858,1.0,4.0,1.0,0.0,0.0,8.0,4.000,False,True
859,1.0,2.0,4.0,0.0,0.0,8.0,0.500,False,True
860,1.0,5.0,2.0,0.0,0.0,8.0,2.500,False,False
861,1.0,5.0,2.0,0.0,0.0,8.0,2.500,False,True
862,1.0,5.0,1.0,0.0,0.0,8.0,5.000,False,False
863,1.0,4.0,2.0,0.0,0.0,8.0,2.000,False,True
864,1.0,1.0,4.0,0.0,0.0,8.0,0.250,False,True
865,1.0,4.0,4.0,0.0,0.0,8.0,1.000,False,False
866,1.0,6.0,2.0,0.0,0.0,8.0,3.000,True,False
867,1.0,7.0,0.0,0.0,0.0,8.0,8.000,False,False
868,1.0,4.0,0.0,0.0,0.0,8.0,8.000,False,True
869,1.0,3.0,4.0,0.0,0.0,8.0,0.750,False,True
870,1.0,1.0,5.0,0.0,0.0,8.0,0.200,False,True
871,1.0,2.0,6.0,0.0,0.0,8.0,0.333,False,True
872,1.0,7.0,0.0,0.0,0.0,8.0,8.000,True,False
873,1.0,4.0,2.0,0.0,0.0,8.0,2.000,False,True
874,1.0,5.0,1.0,0.0,0.0,8.0,5.000,False,False
875,1.0,2.0,3.0,0.0,0.0,8.0,0.667,False,True
876,1.0,1.0,6.0,0.0,0.0,8.0,0.167,False,True
877,1.0,6.0,2.0,0.0,0.0,8.0,3.000,True,False
878,1.0,8.0,0.0,0.0,0.0,8.0,8.000,False,False
879,1.0,6.0,0.0,0.0,0.0,8.0,8.000,False,True
880,1.0,2.0,1.0,1.0,0.0,8.0,2.000,False,True
881,1.0,0.0,6.0,0.0,0.0,8.0,0.000,False,True
882,1.0,3.0,5.0,0.0,0.0,8.0,0.600,True,False
883,1.0,6.0,2.0,0.0,0.0,8.0,3.000,True,False
884,1.0,7.0,0.0,0.0,0.0,8.0,8.000,False,False
885,1.0,7.0,0.0,0.0,0.0,8.0,8.000,False,True
886,1.0,2.0,1.0,0.0,0.0,8.0,2.000,False,True
887,1.0,2.0,5.0,0.0,0.0,8.0,0.400,False,True
888,1.0,2.0,6.0,0.0,0.0,8.0,0.333,True,True
889,1.0,4.0,3.0,0.0,0.0,8.0,1.333,True,False
890,1.0,5.0,0.0,0.0,0.0,8.0,8.000,False,False
891,1.0,4.0,2.0,0.0,0.0,8.0,2.000,False,True
892,1.0,4.0,4.0,0.0,0.0,8.0,1.000,False,True
893,1.0,6.0,2.0,0.0,0.0,8.0,3.000,True,False
894,1.0,5.0,0.0,0.0,0.0,8.0,8.000,False,False
895,1.0,2.0,3.0,1.0,0.0,8.0,0.667,False,True
896,1.0,2.0,5.0,0.0,0.0,8.0,0.400,False,True
897,1.0,4.0,3.0,0.0,0.0,8.0,1.333,True,False
898,1.0,6.0,1.0,0.0,0.0,8.0,6.000,False,False
899,1.0,6.0,1.0,0.0,0.0,8.0,6.000,False,True
900,1.0,3.0,2.0,0.0,0.0,8.0,1.500,False,True
901,1.0,2.0,5.0,0.0,0.0,8.0,0.400,False,True
902,1.0,2.0,6.0,0.0,0.0,8.0,0.333,True,True
903,1.0,4.0,1.0,1.0,0.0,8.0,4.000,True,False
904,1.0,4.0,3.0,0.0,0.0,8.0,1.333,False,True
905,1.0,4.0,3.0,0.0,0.0,8.0,1.333,False,True
906,1.0,5.0,0.0,0.0,0.0,8.0,8.000,False,False
907,1.0,1.0,3.0,1.0,0.0,8.0,0.333,False,True
908,1.0,4.0,4.0,0.0,0.0,8.0,1.000,False,False
909,1.0,3.0,4.0,0.0,0.0,8.0,0.750,True,True
910,1.0,4.0,2.0,0.0,0.0,8.0,2.000,False,False
911,1.0,3.0,3.0,0.0,0.0,8.0,1.000,False,True
912,1.0,3.0,3.0,0.0,0.0,8.0,1.000,False,True
913,1.0,4.0,4.0,0.0,0.0,8.0,1.000,False,True
914,1.0,3.0,3.0,0.0,0.0,8.0,1.000,True,True
915,1.0,3.0,2.0,1.0,0.0,8.0,1.500,False,False
916,1.0,5.0,3.0,0.0,0.0,8.0,1.667,False,True
917,1.0,3.0,3.0,0.0,0.0,8.0,1.000,True,True
918,1.0,4.0,2.0,0.0,0.0,8.0,2.000,False,False
919,1.0,4.0,4.0,0.0,0.0,8.0,1.000,False,True
920,1.0,4.0,2.0,1.0,0.0,8.0,2.000,True,False
921,1.0,4.0,1.0,0.0,0.0,8.0,4.000,False,False
922,1.0,1.0,5.0,0.0,0.0,8.0,0.200,False,True
923,1.0,4.0,4.0,0.0,0.0,8.0,1.000,False,False
924,1.0,6.0,1.0,0.0,0.0,8.0,6.000,True,False
925,1.0,3.0,2.0,0.0,0.0,8.0,1.500,False,True
926,1.0,3.0,3.0,1.0,0.0,8.0,1.000,False,True
927,1.0,0.0,5.0,0.0,0.0,8.0,0.000,True,True
928,1.0,4.0,4.0,0.0,0.0,8.0,1.000,False,False
929,1.0,5.0,3.0,0.0,0.0,8.0,1.667,True,False
930,1.0,4.0,2.0,0.0,0.0,8.0,2.000,True,False
931,1.0,5.0,2.0,0.0,0.0,8.0,2.500,False,False
932,1.0,6.0,1.0,0.0,0.0,8.0,6.000,False,False
933,1.0,3.0,1.0,0.0,0.0,8.0,3.000,False,True
934,1.0,4.0,4.0,0.0,0.0,8.0,1.000,False,True
935,1.0,5.0,2.0,0.0,0.0,8.0,2.500,True,False
936,1.0,3.0,3.0,0.0,0.0,8.0,1.000,False,True
937,1.0,3.0,4.0,0.0,0.0,8.0,0.750,False,True
938,1.0,2.0,5.0,0.0,0.0,8.0,0.400,False,True
939,1.0,4.0,3.0,0.0,0.0,8.0,1.333,True,False
940,1.0,5.0,0.0,0.0,0.0,8.0,8.000,False,False
941,1.0,4.0,2.0,1.0,0.0,8.0,2.000,False,True
942,1.0,3.0,2.0,1.0,0.0,8.0,1.500,False,True
943,1.0,4.0,3.0,0.0,0.0,8.0,1.333,False,True
944,1.0,4.0,2.0,0.0,0.0,8.0,2.000,False,False
945,1.0,5.0,3.0,0.0,0.0,8.0,1.667,False,True
946,1.0,7.0,0.0,0.0,0.0,8.0,8.000,True,False
947,1.0,3.0,1.0,0.0,0.0,8.0,3.000,False,True
948,1.0,3.0,4.0,0.0,0.0,8.0,0.750,False,True
949,1.0,4.0,2.0,0.0,0.0,8.0,2.000,False,False
950,1.0,3.0,4.0,0.0,0.0,8.0,0.750,False,True
951,1.0,2.0,5.0,0.0,0.0,8.0,0.400,False,True
952,1.0,1.0,5.0,0.0,0.0,8.0,0.200,True,True
953,1.0,6.0,2.0,0.0,0.0,8.0,3.000,True,False
954,1.0,4.0,2.0,0.0,0.0,8.0,2.000,False,True
955,1.0,4.0,2.0,0.0,0.0,8.0,2.000,False,True
956,1.0,4.0,3.0,0.0,0.0,8.0,1.333,False,True
957,1.0,4.0,3.0,0.0,0.0,8.0,1.333,False,True
958,1.0,2.0,2.0,0.0,0.0,8.0,1.000,False,True
959,1.0,1.0,6.0,0.0,0.0,8.0,0.167,False,True
960,1.0,4.0,4.0,0.0,0.0,8.0,1.000,True,False
961,1.0,5.0,1.0,0.0,0.0,8.0,5.000,True,False
962,1.0,6.0,1.0,0.0,0.0,8.0,6.000,False,False
963,1.0,5.0,2.0,0.0,0.0,8.0,2.500,False,True
964,1.0,1.0,2.0,1.0,0.0,8.0,0.500,False,True
965,1.0,4.0,4.0,0.0,0.0,8.0,1.000,False,False
966,1.0,4.0,3.0,0.0,0.0,8.0,1.333,True,False
967,1.0,4.0,2.0,0.0,0.0,8.0,2.000,False,False
968,1.0,4.0,3.0,0.0,0.0,8.0,1.333,False,True
969,1.0,4.0,1.0,1.0,0.0,8.0,4.000,False,False
970,1.0,5.0,2.0,0.0,0.0,8.0,2.500,False,True
971,1.0,6.0,1.0,0.0,0.0,8.0,6.000,False,False
972,1.0,4.0,2.0,0.0,0.0,8.0,2.000,False,True
973,1.0,5.0,2.0,0.0,0.0,8.0,2.500,False,False
974,1.0,4.0,2.0,0.0,0.0,8.0,2.000,False,True
975,1.0,5.0,3.0,0.0,0.0,8.0,1.667,False,True
976,1.0,4.0,2.0,0.0,0.0,8.0,2.000,True,False
977,1.0,4.0,3.0,0.0,0.0,8.0,1.333,False,True
978,1.0,3.0,4.0,0.0,0.0,8.0,0.750,False,True
979,1.0,3.0,2.0,1.0,0.0,8.0,1.500,False,False
980,1.0,2.0,3.0,0.0,0.0,8.0,0.667,False,True
981,1.0,3.0,4.0,0.0,0.0,8.0,0.750,False,True
982,1.0,5.0,3.0,0.0,0.0,8.0,1.667,False,False
983,1.0,5.0,1.0,0.0,0.0,8.0,5.000,True,False
984,1.0,6.0,1.0,0.0,0.0,8.0,6.000,False,False
985,1.0,2.0,2.0,0.0,0.0,8.0,1.000,False,True
986,1.0,2.0,5.0,0.0,0.0,8.0,0.400,False,True
987,1.0,3.0,4.0,0.0,0.0,8.0,0.750,True,False
988,1.0,4.0,4.0,0.0,0.0,8.0,1.000,False,False
989,1.0,7.0,0.0,0.0,0.0,8.0,8.000,True,False
990,1.0,4.0,2.0,0.0,0.0,8.0,2.000,False,True
991,1.0,3.0,3.0,0.0,0.0,8.0,1.000,False,True
992,1.0,5.0,2.0,0.0,0.0,8.0,2.500,False,False
993,1.0,6.0,2.0,0.0,0.0,8.0,3.000,False,False
994,1.0,5.0,1.0,0.0,0.0,8.0,5.000,False,False
995,1.0,4.0,3.0,0.0,0.0,8.0,1.333,False,True
996,1.0,4.0,1.0,0.0,0.0,8.0,4.000,False,False
997,1.0,2.0,4.0,0.0,0.0,8.0,0.500,False,True
998,1.0,2.0,5.0,0.0,0.0,8.0,0.400,False,True
999,1.0,5.0,2.0,0.0,0.0,8.0,2.500,True,False
1000,1.0,6.0,1.0,0.0,0.0,8.0,6.000,False,False
1001,1.0,4.0,1.0,0.0,0.0,8.0,4.000,False,True
1002,1.0,2.0,4.0,0.0,0.0,8.0,0.500,False,True
1003,1.0,4.0,4.0,0.0,0.0,8.0,1.000,False,False
1004,1.0,3.0,2.0,0.0,0.0,8.0,1.500,True,False
1005,1.0,3.0,4.0,0.0,0.0,8.0,0.750,False,True
1006,1.0,3.0,2.0,1.0,0.0,8.0,1.500,False,False
1007,1.0,3.0,5.0,0.0,0.0,8.0,0.600,False,True
1008,1.0,5.0,1.0,0.0,0.0,8.0,5.000,True,False
1009,1.0,6.0,1.0,0.0,0.0,8.0,6.000,False,False
1010,1.0,5.0,1.0,0.0,0.0,8.0,5.000,False,True
1011,1.0,4.0,2.0,1.0,0.0,8.0,2.000,False,True
1012,1.0,0.0,3.0,1.0,0.0,8.0,0.000,False,True
1013,1.0,3.0,5.0,0.0,0.0,8.0,0.600,False,False
1014,1.0,5.0,2.0,0.0,0.0,8.0,2.500,True,False
1015,1.0,4.0,2.0,0.0,0.0,8.0,2.000,False,True
1016,1.0,2.0,4.0,0.0,0.0,8.0,0.500,False,True
1017,1.0,3.0,5.0,0.0,0.0,8.0,0.600,False,True
1018,1.0,4.0,2.0,0.0,0.0,8.0,2.000,True,False
1019,1.0,5.0,2.0,0.0,0.0,8.0,2.500,False,False
1020,1.0,3.0,2.0,0.0,0.0,8.0,1.500,False,True
1021,1.0,4.0,4.0,0.0,0.0,8.0,1.000,False,True
1022,1.0,3.0,4.0,0.0,0.0,8.0,0.750,True,True
1023,1.0,3.0,3.0,1.0,0.0,8.0,1.000,False,False
1024,1.0,3.0,2.0,1.0,0.0,8.0,1.500,True,False
1025,1.0,5.0,2.0,0.0,0.0,8.0,2.500,False,False
1026,1.0,4.0,1.0,0.0,0.0,8.0,4.000,False,False
1027,1.0,2.0,4.0,0.0,0.0,8.0,0.500,False,True
1028,1.0,3.0,3.0,1.0,0.0,8.0,1.000,False,False
1029,1.0,5.0,3.0,0.0,0.0,8.0,1.667,True,False
1030,1.0,5.0,1.0,0.0,0.0,8.0,5.000,True,False
1031,1.0,5.0,1.0,0.0,0.0,8.0,5.000,False,True
1032,1.0,3.0,3.0,0.0,0.0,8.0,1.000,False,True
1033,1.0,4.0,3.0,0.0,0.0,8.0,1.333,False,False
1034,1.0,4.0,1.0,1.0,0.0,8.0,4.000,False,False
1035,1.0,6.0,1.0,0.0,0.0,8.0,6.000,False,False
1036,1.0,4.0,2.0,0.0,0.0,8.0,2.000,False,True
1037,1.0,2.0,4.0,0.0,0.0,8.0,0.500,False,True
1038,1.0,3.0,4.0,0.0,0.0,8.0,0.750,False,False
1039,1.0,3.0,4.0,0.0,0.0,8.0,0.750,False,True
1040,1.0,6.0,1.0,0.0,0.0,8.0,6.000,False,False
1041,1.0,3.0,2.0,1.0,0.0,8.0,1.500,False,True
1042,1.0,4.0,2.0,0.0,0.0,8.0,2.000,False,False
1043,1.0,3.0,3.0,0.0,0.0,8.0,1.000,False,True
1044,1.0,4.0,4.0,0.0,0.0,8.0,1.000,False,True
1045,1.0,4.0,2.0,0.0,0.0,8.0,2.000,True,False
1046,1.0,5.0,2.0,0.0,0.0,8.0,2.500,False,False
1047,1.0,5.0,2.0,0.0,0.0,8.0,2.500,False,True
1048,1.0,5.0,1.0,0.0,0.0,8.0,5.000,False,False
1049,1.0,5.0,1.0,0.0,0.0,8.0,5.000,False,True
1050,1.0,5.0,2.0,0.0,0.0,8.0,2.500,False,True
1051,1.0,3.0,3.0,0.0,0.0,8.0,1.000,False,True
1052,1.0,3.0,3.0,0.0,0.0,8.0,1.000,False,True
1053,1.0,3.0,4.0,0.0,0.0,8.0,0.750,False,True
1054,1.0,3.0,4.0,0.0,0.0,8.0,0.750,False,True
1055,1.0,6.0,2.0,0.0,0.0,8.0,3.000,False,False
1056,1.0,6.0,0.0,0.0,0.0,8.0,8.000,False,False
1057,1.0,3.0,1.0,0.0,0.0,8.0,3.000,False,True
1058,1.0,3.0,5.0,0.0,0.0,8.0,0.600,False,True
1059,1.0,2.0,4.0,0.0,0.0,8.0,0.500,True,True
1060,1.0,3.0,3.0,1.0,0.0,8.0,1.000,False,False
1061,1.0,6.0,2.0,0.0,0.0,8.0,3.000,True,False
1062,1.0,5.0,0.0,0.0,0.0,8.0,8.000,False,False
1063,1.0,3.0,2.0,1.0,0.0,8.0,1.500,False,True
1064,1.0,4.0,2.0,1.0,0.0,8.0,2.000,False,False
1065,1.0,6.0,1.0,0.0,0.0,8.0,6.000,False,False
1066,1.0,5.0,1.0,0.0,0.0,8.0,5.000,False,True
1067,1.0,3.0,2.0,1.0,0.0,8.0,1.500,False,True
1068,1.0,2.0,3.0,1.0,0.0,8.0,0.667,False,True
1069,1.0,3.0,4.0,0.0,0.0,8.0,0.750,True,True
1070,1.0,7.0,1.0,0.0,0.0,8.0,7.000,False,False
1071,1.0,4.0,0.0,0.0,0.0,8.0,8.000,False,False
1072,1.0,1.0,3.0,1.0,0.0,8.0,0.333,False,True
1073,1.0,2.0,6.0,0.0,0.0,8.0,0.333,False,True
1074,1.0,4.0,4.0,0.0,0.0,8.0,1.000,True,False
1075,1.0,4.0,2.0,0.0,0.0,8.0,2.000,True,False
1076,1.0,7.0,1.0,0.0,0.0,8.0,7.000,False,False
1077,1.0,6.0,1.0,0.0,0.0,8.0,6.000,False,True
1078,1.0,1.0,3.0,0.0,0.0,8.0,0.333,False,True
1079,1.0,3.0,5.0,0.0,0.0,8.0,0.600,False,False
1080,1.0,1.0,5.0,0.0,0.0,8.0,0.200,True,True
1081,1.0,3.0,5.0,0.0,0.0,8.0,0.600,True,False
1082,1.0,8.0,0.0,0.0,0.0,8.0,8.000,True,False
1083,1.0,4.0,0.0,0.0,0.0,8.0,8.000,False,True
1084,1.0,3.0,3.0,0.0,0.0,8.0,1.000,False,True
1085,1.0,3.0,4.0,0.0,0.0,8.0,0.750,False,True
1086,1.0,2.0,4.0,0.0,0.0,8.0,0.500,False,True
1087,1.0,3.0,5.0,0.0,0.0,8.0,0.600,False,True
1088,1.0,6.0,2.0,0.0,0.0,8.0,3.000,True,False
1089,1.0,6.0,0.0,0.0,0.0,8.0,8.000,False,False
1090,1.0,5.0,1.0,0.0,0.0,8.0,5.000,False,True
1091,1.0,1.0,3.0,1.0,0.0,8.0,0.333,False,True
1092,1.0,0.0,7.0,0.0,0.0,8.0,0.000,False,True
1093,1.0,5.0,3.0,0.0,0.0,8.0,1.667,True,False
1094,1.0,7.0,0.0,0.0,0.0,8.0,8.000,True,False
1095,1.0,3.0,2.0,0.0,0.0,8.0,1.500,False,True
1096,1.0,1.0,3.0,1.0,0.0,8.0,0.333,False,True
1097,1.0,1.0,6.0,0.0,0.0,8.0,0.167,False,True
1098,1.0,4.0,4.0,0.0,0.0,8.0,1.000,True,False
1099,1.0,7.0,0.0,0.0,0.0,8.0,8.000,True,False
1100,1.0,4.0,2.0,0.0,0.0,8.0,2.000,False,True
1101,1.0,5.0,2.0,0.0,0.0,8.0,2.500,False,False
1102,1.0,1.0,3.0,0.0,0.0,8.0,0.333,False,True
1103,1.0,3.0,5.0,0.0,0.0,8.0,0.600,False,False
1104,1.0,5.0,2.0,0.0,0.0,8.0,2.500,True,False
1105,1.0,4.0,2.0,0.0,0.0,8.0,2.000,False,True
1106,1.0,6.0,1.0,1.0,0.0,8.0,6.000,False,False
1107,1.0,5.0,0.0,0.0,0.0,8.0,8.000,True,False
1108,1.0,3.0,3.0,0.0,0.0,8.0,1.000,False,True
1109,1.0,5.0,2.0,0.0,0.0,8.0,2.500,False,False
1110,1.0,3.0,2.0,0.0,0.0,8.0,1.500,False,True
1111,1.0,2.0,4.0,0.0,0.0,8.0,0.500,False,True
1112,1.0,2.0,5.0,0.0,0.0,8.0,0.400,False,True
1113,1.0,5.0,3.0,0.0,0.0,8.0,1.667,True,False
1114,1.0,4.0,2.0,0.0,0.0,8.0,2.000,True,False
1115,1.0,5.0,2.0,0.0,0.0,8.0,2.500,False,False
1116,1.0,4.0,2.0,0.0,0.0,8.0,2.000,False,True
1117,1.0,3.0,4.0,0.0,0.0,8.0,0.750,False,True
1118,1.0,1.0,5.0,0.0,0.0,8.0,0.200,False,True
1119,1.0,4.0,4.0,0.0,0.0,8.0,1.000,False,False
1120,1.0,6.0,2.0,0.0,0.0,8.0,3.000,True,False
1121,1.0,4.0,0.0,0.0,0.0,8.0,8.000,False,False
1122,1.0,3.0,3.0,0.0,0.0,8.0,1.000,False,True
1123,1.0,2.0,5.0,0.0,0.0,8.0,0.400,False,True
1124,1.0,6.0,2.0,0.0,0.0,8.0,3.000,True,False
1125,1.0,5.0,2.0,0.0,0.0,8.0,2.500,False,True
1126,1.0,3.0,2.0,0.0,0.0,8.0,1.500,False,True
1127,1.0,3.0,3.0,0.0,0.0,8.0,1.000,False,True
1128,1.0,4.0,4.0,0.0,0.0,8.0,1.000,False,True
1129,1.0,7.0,0.0,0.0,0.0,8.0,8.000,True,False
1130,1.0,6.0,0.0,0.0,0.0,8.0,8.000,False,True
1131,1.0,4.0,3.0,0.0,0.0,8.0,1.333,False,True
1132,1.0,3.0,2.0,0.0,0.0,8.0,1.500,False,True
1133,1.0,3.0,4.0,0.0,0.0,8.0,0.750,False,True
1134,1.0,4.0,4.0,0.0,0.0,8.0,1.000,False,False
1135,1.0,6.0,0.0,0.0,0.0,8.0,8.000,True,False
1136,1.0,3.0,2.0,0.0,0.0,8.0,1.500,False,True
1137,1.0,3.0,4.0,0.0,0.0,8.0,0.750,False,True
1138,1.0,3.0,4.0,0.0,0.0,8.0,0.750,False,True
1139,1.0,5.0,3.0,0.0,0.0,8.0,1.667,False,False
1140,1.0,5.0,0.0,0.0,0.0,8.0,8.000,True,False
1141,1.0,2.0,3.0,1.0,0.0,8.0,0.667,False,True
1142,1.0,3.0,4.0,0.0,0.0,8.0,0.750,True,True
1143,1.0,3.0,4.0,0.0,0.0,8.0,0.750,False,True
1144,1.0,2.0,5.0,0.0,0.0,8.0,0.400,False,True
1145,1.0,4.0,3.0,0.0,0.0,8.0,1.333,True,False
1146,1.0,5.0,1.0,1.0,0.0,8.0,5.000,False,False
1147,1.0,3.0,2.0,0.0,0.0,8.0,1.500,False,True
1148,1.0,2.0,4.0,0.0,0.0,8.0,0.500,False,True
1149,1.0,4.0,4.0,0.0,0.0,8.0,1.000,False,False
1150,1.0,3.0,4.0,0.0,0.0,8.0,0.750,True,True
1151,1.0,4.0,3.0,0.0,0.0,8.0,1.333,False,False
1152,1.0,5.0,2.0,0.0,0.0,8.0,2.500,False,False
1153,1.0,6.0,0.0,0.0,0.0,8.0,8.000,False,False
1154,1.0,4.0,3.0,0.0,0.0,8.0,1.333,False,True
1155,1.0,4.0,1.0,0.0,0.0,8.0,4.000,False,False
1156,1.0,4.0,3.0,0.0,0.0,8.0,1.333,False,True
1157,1.0,5.0,2.0,0.0,0.0,8.0,2.500,False,False
1158,1.0,6.0,0.0,0.0,0.0,8.0,8.000,False,False
1159,1.0,4.0,3.0,0.0,0.0,8.0,1.333,False,True
1160,1.0,4.0,3.0,0.0,0.0,8.0,1.333,False,True
1161,1.0,4.0,1.0,1.0,0.0,8.0,4.000,False,False
1162,1.0,4.0,3.0,0.0,0.0,8.0,1.333,False,True
1163,1.0,4.0,1.0,0.0,0.0,8.0,4.000,False,False
1164,1.0,3.0,4.0,0.0,0.0,8.0,0.750,False,True
1165,1.0,6.0,2.0,0.0,0.0,8.0,3.000,False,False
1166,1.0,6.0,0.0,0.0,0.0,8.0,8.000,False,False
1167,1.0,6.0,1.0,0.0,0.0,8.0,6.000,False,True
1168,1.0,5.0,2.0,0.0,0.0,8.0,2.500,False,True
1169,1.0,5.0,2.0,0.0,0.0,8.0,2.500,False,True
1170,1.0,3.0,1.0,0.0,0.0,8.0,3.000,False,False
1171,1.0,3.0,4.0,0.0,0.0,8.0,0.750,False,True
1172,1.0,4.0,4.0,0.0,0.0,8.0,1.000,False,False
1173,1.0,4.0,2.0,0.0,0.0,8.0,2.000,True,False
1174,1.0,7.0,1.0,0.0,0.0,8.0,7.000,False,False
1175,1.0,4.0,1.0,0.0,0.0,8.0,4.000,False,True
1176,1.0,3.0,2.0,0.0,0.0,8.0,1.500,False,True
1177,1.0,2.0,4.0,0.0,0.0,8.0,0.500,False,True
1178,1.0,4.0,4.0,0.0,0.0,8.0,1.000,False,False
1179,1.0,4.0,2.0,0.0,0.0,8.0,2.000,True,False
1180,1.0,5.0,1.0,0.0,0.0,8.0,5.000,False,False
1181,1.0,5.0,1.0,0.0,0.0,8.0,5.000,False,True
1182,1.0,3.0,3.0,1.0,0.0,8.0,1.000,False,True
1183,1.0,2.0,3.0,1.0,0.0,8.0,0.667,True,True
1184,1.0,5.0,3.0,0.0,0.0,8.0,1.667,True,False
1185,1.0,6.0,1.0,0.0,0.0,8.0,6.000,True,False
1186,1.0,5.0,1.0,0.0,0.0,8.0,5.000,False,True
1187,1.0,3.0,1.0,0.0,0.0,8.0,3.000,False,True
1188,1.0,1.0,6.0,0.0,0.0,8.0,0.167,False,True
1189,1.0,3.0,4.0,0.0,0.0,8.0,0.750,True,False
1190,1.0,7.0,1.0,0.0,0.0,8.0,7.000,False,False
1191,1.0,5.0,0.0,0.0,0.0,8.0,8.000,False,False
1192,1.0,3.0,3.0,0.0,0.0,8.0,1.000,False,True
1193,1.0,2.0,5.0,0.0,0.0,8.0,0.400,False,True
1194,1.0,4.0,3.0,1.0,0.0,8.0,1.333,True,False
1195,1.0,5.0,1.0,1.0,0.0,8.0,5.000,True,False
1196,1.0,4.0,0.0,0.0,0.0,8.0,8.000,False,False
1197,1.0,3.0,4.0,0.0,0.0,8.0,0.750,False,True
1198,1.0,1.0,5.0,0.0,0.0,8.0,0.200,False,True
1199,1.0,4.0,3.0,1.0,0.0,8.0,1.333,False,False
1200,1.0,3.0,2.0,1.0,0.0,8.0,1.500,True,True
1201,1.0,5.0,3.0,0.0,0.0,8.0,1.667,False,True
1202,1.0,4.0,1.0,0.0,0.0,8.0,4.000,True,False
1203,1.0,2.0,4.0,0.0,0.0,8.0,0.500,False,True
1204,1.0,3.0,4.0,0.0,0.0,8.0,0.750,False,False
1205,1.0,6.0,2.0,0.0,0.0,8.0,3.000,False,False
1206,1.0,4.0,2.0,0.0,0.0,8.0,2.000,False,True
1207,1.0,4.0,3.0,0.0,0.0,8.0,1.333,False,True
1208,1.0,2.0,4.0,0.0,0.0,8.0,0.500,False,True
1209,1.0,2.0,5.0,0.0,0.0,8.0,0.400,False,True
1210,1.0,3.0,3.0,0.0,0.0,8.0,1.000,True,False
1211,1.0,6.0,2.0,0.0,0.0,8.0,3.000,False,False
1212,1.0,6.0,1.0,0.0,0.0,8.0,6.000,False,False
1213,1.0,6.0,0.0,0.0,0.0,8.0,8.000,False,False
1214,1.0,3.0,3.0,0.0,0.0,8.0,1.000,False,True
1215,1.0,1.0,4.0,1.0,0.0,8.0,0.250,False,True
1216,1.0,5.0,2.0,0.0,0.0,8.0,2.500,True,False
1217,1.0,5.0,2.0,0.0,0.0,8.0,2.500,False,True
1218,1.0,5.0,3.0,0.0,0.0,8.0,1.667,False,True
1219,1.0,2.0,2.0,0.0,0.0,8.0,1.000,True,True
1220,1.0,3.0,5.0,0.0,0.0,8.0,0.600,False,True
1221,1.0,4.0,3.0,0.0,0.0,8.0,1.333,True,False
1222,1.0,5.0,1.0,1.0,0.0,8.0,5.000,False,False
1223,1.0,6.0,1.0,0.0,0.0,8.0,6.000,False,False
1224,1.0,3.0,3.0,0.0,0.0,8.0,1.000,False,True
1225,1.0,2.0,3.0,0.0,0.0,8.0,0.667,False,True
1226,1.0,4.0,4.0,0.0,0.0,8.0,1.000,False,False
1227,1.0,5.0,2.0,0.0,0.0,8.0,2.500,True,False
1228,1.0,6.0,0.0,0.0,0.0,8.0,8.000,False,False
1229,1.0,5.0,1.0,0.0,0.0,8.0,5.000,False,True
1230,1.0,4.0,3.0,0.0,0.0,8.0,1.333,False,True
1231,1.0,4.0,2.0,0.0,0.0,8.0,2.000,False,False
1232,1.0,7.0,1.0,0.0,0.0,8.0,7.000,False,False
1233,1.0,6.0,0.0,0.0,0.0,8.0,8.000,False,False
1234,1.0,3.0,2.0,0.0,0.0,8.0,1.500,False,True
1235,1.0,1.0,5.0,0.0,0.0,8.0,0.200,False,True
1236,1.0,0.0,7.0,0.0,0.0,8.0,0.000,False,True
1237,1.0,4.0,4.0,0.0,0.0,8.0,1.000,True,False
1238,1.0,4.0,2.0,0.0,0.0,8.0,2.000,True,False
1239,1.0,4.0,2.0,0.0,0.0,8.0,2.000,False,True
1240,1.0,2.0,4.0,0.0,0.0,8.0,0.500,False,True
1241,1.0,2.0,5.0,0.0,0.0,8.0,0.400,False,True
1242,1.0,6.0,1.0,0.0,0.0,8.0,6.000,True,False
1243,1.0,5.0,1.0,0.0,0.0,8.0,5.000,False,True
1244,1.0,3.0,3.0,0.0,0.0,8.0,1.000,False,True
1245,1.0,3.0,5.0,0.0,0.0,8.0,0.600,False,True
1246,1.0,2.0,5.0,0.0,0.0,8.0,0.400,True,True
1247,1.0,4.0,2.0,0.0,0.0,8.0,2.000,True,False
1248,1.0,5.0,1.0,1.0,0.0,8.0,5.000,False,False
1249,1.0,1.0,2.0,1.0,0.0,8.0,0.500,False,True
1250,1.0,1.0,5.0,1.0,0.0,8.0,0.200,False,True
1251,1.0,5.0,3.0,0.0,0.0,8.0,1.667,True,False
1252,1.0,7.0,0.0,0.0,0.0,8.0,8.000,True,False
1253,1.0,4.0,0.0,0.0,0.0,8.0,8.000,False,True
1254,1.0,2.0,4.0,0.0,0.0,8.0,0.500,False,True
1255,1.0,3.0,5.0,0.0,0.0,8.0,0.600,False,True
1256,1.0,5.0,2.0,0.0,0.0,8.0,2.500,True,False
1257,1.0,7.0,0.0,0.0,0.0,8.0,8.000,False,False
1258,1.0,3.0,0.0,0.0,0.0,8.0,8.000,False,True
1259,1.0,2.0,5.0,0.0,0.0,8.0,0.400,False,True
1260,1.0,3.0,4.0,0.0,0.0,8.0,0.750,True,False
1261,1.0,3.0,4.0,0.0,0.0,8.0,0.750,False,True
1262,1.0,6.0,2.0,0.0,0.0,8.0,3.000,False,False
1263,1.0,5.0,0.0,0.0,0.0,8.0,8.000,False,False
1264,1.0,4.0,2.0,1.0,0.0,8.0,2.000,False,True
1265,1.0,2.0,2.0,0.0,0.0,8.0,1.000,False,True
1266,1.0,2.0,6.0,0.0,0.0,8.0,0.333,False,True
1267,1.0,4.0,4.0,0.0,0.0,8.0,1.000,True,False
1268,1.0,6.0,1.0,0.0,0.0,8.0,6.000,True,False
1269,1.0,4.0,0.0,0.0,0.0,8.0,8.000,False,False
1270,1.0,3.0,5.0,0.0,0.0,8.0,0.600,False,True
1271,1.0,1.0,5.0,0.0,0.0,8.0,0.200,True,True
1272,1.0,4.0,4.0,0.0,0.0,8.0,1.000,False,False
1273,1.0,6.0,1.0,0.0,0.0,8.0,6.000,True,False
1274,1.0,2.0,2.0,0.0,0.0,8.0,1.000,False,True
1275,1.0,1.0,6.0,0.0,0.0,8.0,0.167,False,True
1276,1.0,2.0,6.0,0.0,0.0,8.0,0.333,True,True
1277,1.0,3.0,4.0,0.0,0.0,8.0,0.750,True,False
1278,1.0,5.0,1.0,0.0,0.0,8.0,5.000,False,False
1279,1.0,4.0,3.0,0.0,0.0,8.0,1.333,False,True
1280,1.0,3.0,3.0,0.0,0.0,8.0,1.000,False,True
1281,1.0,4.0,3.0,0.0,0.0,8.0,1.333,False,False
1282,1.0,4.0,3.0,0.0,0.0,8.0,1.333,False,True
1283,1.0,5.0,2.0,0.0,0.0,8.0,2.500,False,False
1284,1.0,3.0,2.0,0.0,0.0,8.0,1.500,False,True
1285,1.0,2.0,4.0,0.0,0.0,8.0,0.500,False,True
1286,1.0,2.0,5.0,0.0,0.0,8.0,0.400,False,True
1287,1.0,6.0,2.0,0.0,0.0,8.0,3.000,True,False
1288,1.0,6.0,1.0,0.0,0.0,8.0,6.000,False,False
1289,1.0,5.0,1.0,0.0,0.0,8.0,5.000,False,True
1290,1.0,2.0,3.0,0.0,0.0,8.0,0.667,False,True
1291,1.0,2.0,5.0,0.0,0.0,8.0,0.400,False,True
1292,1.0,4.0,4.0,0.0,0.0,8.0,1.000,True,False
1293,1.0,6.0,0.0,0.0,0.0,8.0,8.000,True,False
1294,1.0,3.0,2.0,0.0,0.0,8.0,1.500,False,True
1295,1.0,2.0,4.0,0.0,0.0,8.0,0.500,False,True
1296,1.0,2.0,5.0,0.0,0.0,8.0,0.400,False,True
1297,1.0,4.0,4.0,0.0,0.0,8.0,1.000,True,False
1298,1.0,7.0,1.0,0.0,0.0,8.0,7.000,True,False
1299,1.0,5.0,0.0,0.0,0.0,8.0,8.000,False,False
1300,1.0,2.0,4.0,0.0,0.0,8.0,0.500,False,True
1301,1.0,3.0,3.0,0.0,0.0,8.0,1.000,False,False
1302,1.0,4.0,3.0,0.0,0.0,8.0,1.333,False,False
1303,1.0,5.0,2.0,0.0,0.0,8.0,2.500,False,False
1304,1.0,3.0,1.0,0.0,0.0,8.0,3.000,False,False
1305,1.0,3.0,5.0,0.0,0.0,8.0,0.600,False,True
1306,1.0,3.0,4.0,0.0,0.0,8.0,0.750,True,True
1307,1.0,4.0,3.0,0.0,0.0,8.0,1.333,False,False
1308,1.0,6.0,1.0,0.0,0.0,8.0,6.000,False,False
1309,1.0,2.0,3.0,0.0,0.0,8.0,0.667,False,True
1310,1.0,3.0,4.0,0.0,0.0,8.0,0.750,False,True
1311,1.0,2.0,4.0,0.0,0.0,8.0,0.500,False,True
1312,1.0,4.0,3.0,0.0,0.0,8.0,1.333,False,False
1313,1.0,5.0,2.0,0.0,0.0,8.0,2.500,False,False
1314,1.0,4.0,2.0,0.0,0.0,8.0,2.000,False,True
1315,1.0,3.0,3.0,0.0,0.0,8.0,1.000,False,True
1316,1.0,5.0,3.0,0.0,0.0,8.0,1.667,False,False
1317,1.0,6.0,0.0,0.0,0.0,8.0,8.000,True,False
1318,1.0,5.0,1.0,1.0,0.0,8.0,5.000,False,True
1319,1.0,4.0,3.0,0.0,0.0,8.0,1.333,False,True
1320,1.0,6.0,0.0,0.0,0.0,8.0,8.000,False,False
1321,1.0,3.0,2.0,0.0,0.0,8.0,1.500,False,True
1322,1.0,1.0,5.0,0.0,0.0,8.0,0.200,False,True
1323,1.0,3.0,5.0,0.0,0.0,8.0,0.600,False,False
1324,1.0,6.0,1.0,0.0,0.0,8.0,6.000,True,False
1325,1.0,4.0,2.0,0.0,0.0,8.0,2.000,False,True
1326,1.0,3.0,2.0,0.0,0.0,8.0,1.500,False,True
1327,1.0,3.0,4.0,0.0,0.0,8.0,0.750,False,True
1328,1.0,5.0,2.0,0.0,0.0,8.0,2.500,False,False
1329,1.0,4.0,3.0,0.0,0.0,8.0,1.333,False,True
1330,1.0,3.0,2.0,0.0,0.0,8.0,1.500,False,True
1331,1.0,2.0,5.0,0.0,0.0,8.0,0.400,False,True
1332,1.0,5.0,3.0,0.0,0.0,8.0,1.667,True,False
1333,1.0,7.0,0.0,0.0,0.0,8.0,8.000,True,False
1334,1.0,5.0,0.0,0.0,0.0,8.0,8.000,False,True
1335,1.0,3.0,3.0,0.0,0.0,8.0,1.000,False,True
1336,1.0,3.0,3.0,1.0,0.0,8.0,1.000,False,True
1337,1.0,3.0,2.0,0.0,0.0,8.0,1.500,True,False
1338,1.0,3.0,4.0,0.0,0.0,8.0,0.750,False,True
1339,1.0,4.0,3.0,0.0,0.0,8.0,1.333,False,False
1340,1.0,4.0,2.0,0.0,0.0,8.0,2.000,False,False
1341,1.0,6.0,2.0,0.0,0.0,8.0,3.000,False,False
1342,1.0,3.0,2.0,0.0,0.0,8.0,1.500,False,True
1343,1.0,4.0,3.0,0.0,0.0,8.0,1.333,False,True
1344,1.0,1.0,4.0,0.0,0.0,8.0,0.250,False,True
1345,1.0,3.0,5.0,0.0,0.0,8.0,0.600,False,False
1346,1.0,5.0,2.0,0.0,0.0,8.0,2.500,True,False
1347,1.0,4.0,2.0,0.0,0.0,8.0,2.000,False,True
1348,1.0,4.0,2.0,0.0,0.0,8.0,2.000,False,True
1349,1.0,2.0,3.0,0.0,0.0,8.0,0.667,False,True
1350,1.0,5.0,3.0,0.0,0.0,8.0,1.667,False,False
1351,1.0,2.0,3.0,0.0,0.0,8.0,0.667,True,True
1352,1.0,3.0,3.0,1.0,0.0,8.0,1.000,False,False
1353,1.0,4.0,2.0,1.0,0.0,8.0,2.000,True,False
1354,1.0,2.0,3.0,1.0,0.0,8.0,0.667,False,True
1355,1.0,2.0,4.0,0.0,0.0,8.0,0.500,False,True
1356,1.0,4.0,3.0,0.0,0.0,8.0,1.333,False,False
1357,1.0,4.0,3.0,0.0,0.0,8.0,1.333,False,True
1358,1.0,4.0,4.0,0.0,0.0,8.0,1.000,False,True
1359,1.0,4.0,2.0,0.0,0.0,8.0,2.000,True,False
1360,1.0,2.0,3.0,0.0,0.0,8.0,0.667,False,True
1361,1.0,2.0,5.0,0.0,0.0,8.0,0.400,False,True
1362,1.0,3.0,3.0,0.0,0.0,8.0,1.000,True,False
1363,1.0,4.0,2.0,0.0,0.0,8.0,2.000,False,False
1364,1.0,4.0,3.0,0.0,0.0,8.0,1.333,False,True
1365,1.0,4.0,3.0,0.0,0.0,8.0,1.333,False,True
1366,1.0,3.0,3.0,0.0,0.0,8.0,1.000,False,True
1367,1.0,4.0,3.0,0.0,0.0,8.0,1.333,False,False
1368,1.0,4.0,3.0,0.0,0.0,8.0,1.333,False,True
1369,1.0,3.0,2.0,1.0,0.0,8.0,1.500,False,True
1370,1.0,1.0,5.0,0.0,0.0,8.0,0.200,False,True
1371,1.0,6.0,2.0,0.0,0.0,8.0,3.000,False,False
1372,1.0,4.0,2.0,0.0,0.0,8.0,2.000,False,True
1373,1.0,4.0,3.0,0.0,0.0,8.0,1.333,False,True
1374,1.0,4.0,3.0,0.0,0.0,8.0,1.333,False,True
1375,1.0,5.0,1.0,0.0,0.0,8.0,5.000,False,False
1376,1.0,3.0,3.0,0.0,0.0,8.0,1.000,False,True
1377,1.0,0.0,6.0,0.0,0.0,8.0,0.000,False,True
1378,1.0,6.0,2.0,0.0,0.0,8.0,3.000,True,False
1379,1.0,7.0,1.0,0.0,0.0,8.0,7.000,False,False
1380,1.0,3.0,0.0,0.0,0.0,8.0,8.000,False,False
1381,1.0,3.0,4.0,0.0,0.0,8.0,0.750,False,True
1382,1.0,4.0,3.0,0.0,0.0,8.0,1.333,False,False
1383,1.0,4.0,3.0,0.0,0.0,8.0,1.333,False,True
1384,1.0,6.0,0.0,0.0,0.0,8.0,8.000,False,False
1385,1.0,5.0,3.0,0.0,0.0,8.0,1.667,False,True
1386,1.0,5.0,1.0,0.0,0.0,8.0,5.000,True,False
1387,1.0,3.0,3.0,0.0,0.0,8.0,1.000,False,True
1388,1.0,3.0,4.0,0.0,0.0,8.0,0.750,False,True
1389,1.0,3.0,3.0,0.0,0.0,8.0,1.000,False,False
1390,1.0,4.0,3.0,0.0,0.0,8.0,1.333,False,False
1391,1.0,5.0,2.0,0.0,0.0,8.0,2.500,False,False
1392,1.0,7.0,0.0,0.0,0.0,8.0,8.000,False,False
1393,1.0,4.0,1.0,0.0,0.0,8.0,4.000,False,True
1394,1.0,4.0,4.0,0.0,0.0,8.0,1.000,False,True
1395,1.0,2.0,3.0,0.0,0.0,8.0,0.667,True,True
1396,1.0,3.0,3.0,1.0,0.0,8.0,1.000,False,False
1397,1.0,6.0,1.0,0.0,0.0,8.0,6.000,True,False
1398,1.0,5.0,2.0,0.0,0.0,8.0,2.500,False,True
1399,1.0,3.0,2.0,0.0,0.0,8.0,1.500,False,True
1400,1.0,2.0,4.0,1.0,0.0,8.0,0.500,False,True
1401,1.0,3.0,4.0,0.0,0.0,8.0,0.750,True,False
1402,1.0,2.0,5.0,0.0,0.0,8.0,0.400,False,True
1403,1.0,5.0,1.0,0.0,0.0,8.0,5.000,True,False
1404,1.0,5.0,2.0,0.0,0.0,8.0,2.500,False,True
1405,1.0,6.0,0.0,0.0,0.0,8.0,8.000,False,False
1406,1.0,2.0,3.0,0.0,0.0,8.0,0.667,False,True
1407,1.0,2.0,5.0,0.0,0.0,8.0,0.400,False,True
1408,1.0,3.0,4.0,0.0,0.0,8.0,0.750,True,False
1409,1.0,3.0,4.0,0.0,0.0,8.0,0.750,False,True
1410,1.0,3.0,3.0,0.0,0.0,8.0,1.000,False,False
1411,1.0,3.0,5.0,0.0,0.0,8.0,0.600,False,True
1412,1.0,4.0,4.0,0.0,0.0,8.0,1.000,True,False
1413,1.0,7.0,0.0,0.0,0.0,8.0,8.000,True,False
1414,1.0,2.0,0.0,0.0,0.0,8.0,8.000,False,True
1415,1.0,2.0,6.0,0.0,0.0,8.0,0.333,False,True
1416,1.0,2.0,5.0,0.0,0.0,8.0,0.400,True,True
1417,1.0,5.0,3.0,0.0,0.0,8.0,1.667,True,False
1418,1.0,7.0,0.0,0.0,0.0,8.0,8.000,True,False
1419,1.0,3.0,2.0,0.0,0.0,8.0,1.500,False,True
1420,1.0,3.0,3.0,0.0,0.0,8.0,1.000,False,True
1421,1.0,2.0,4.0,0.0,0.0,8.0,0.500,False,True
1422,1.0,5.0,3.0,0.0,0.0,8.0,1.667,False,False
1423,1.0,4.0,1.0,1.0,0.0,8.0,4.000,True,False
1424,1.0,2.0,2.0,0.0,0.0,8.0,1.000,False,True
1425,1.0,2.0,6.0,0.0,0.0,8.0,0.333,False,True
1426,1.0,3.0,5.0,0.0,0.0,8.0,0.600,True,False
1427,1.0,4.0,2.0,0.0,0.0,8.0,2.000,True,False
1428,1.0,4.0,4.0,0.0,0.0,8.0,1.000,False,True
1429,1.0,4.0,1.0,0.0,0.0,8.0,4.000,True,False
1430,1.0,4.0,3.0,0.0,0.0,8.0,1.333,False,True
1431,1.0,4.0,3.0,0.0,0.0,8.0,1.333,False,True
1432,1.0,1.0,4.0,0.0,0.0,8.0,0.250,False,True
1433,1.0,3.0,4.0,0.0,0.0,8.0,0.750,False,False
1434,1.0,3.0,3.0,0.0,0.0,8.0,1.000,False,False
1435,1.0,5.0,2.0,0.0,0.0,8.0,2.500,False,False
1436,1.0,2.0,4.0,0.0,0.0,8.0,0.500,False,True
1437,1.0,4.0,2.0,0.0,0.0,8.0,2.000,False,False
1438,1.0,3.0,4.0,0.0,0.0,8.0,0.750,False,True
1439,1.0,1.0,5.0,0.0,0.0,8.0,0.200,False,True
1440,1.0,3.0,5.0,0.0,0.0,8.0,0.600,False,False
1441,1.0,2.0,3.0,1.0,0.0,8.0,0.667,True,True
1442,1.0,4.0,4.0,0.0,0.0,8.0,1.000,False,False
1443,1.0,4.0,2.0,0.0,0.0,8.0,2.000,True,False
1444,1.0,4.0,1.0,0.0,0.0,8.0,4.000,False,False
1445,1.0,3.0,3.0,0.0,0.0,8.0,1.000,False,True
1446,1.0,1.0,5.0,0.0,0.0,8.0,0.200,False,True
1447,1.0,2.0,5.0,0.0,0.0,8.0,0.400,False,True
1448,1.0,5.0,3.0,0.0,0.0,8.0,1.667,True,False
1449,1.0,2.0,3.0,0.0,0.0,8.0,0.667,True,True
1450,1.0,6.0,2.0,0.0,0.0,8.0,3.000,False,False
1451,1.0,5.0,1.0,0.0,0.0,8.0,5.000,False,False
1452,1.0,2.0,3.0,0.0,0.0,8.0,0.667,False,True
1453,1.0,4.0,2.0,1.0,0.0,8.0,2.000,False,False
1454,1.0,3.0,2.0,1.0,0.0,8.0,1.500,False,True
1455,1.0,3.0,4.0,0.0,0.0,8.0,0.750,False,True
1456,1.0,5.0,1.0,0.0,0.0,8.0,5.000,False,False
1457,1.0,3.0,3.0,0.0,0.0,8.0,1.000,False,True
1458,1.0,1.0,5.0,0.0,0.0,8.0,0.200,False,True
1459,1.0,4.0,3.0,0.0,0.0,8.0,1.333,False,False
1460,1.0,4.0,2.0,1.0,0.0,8.0,2.000,False,False
1461,1.0,3.0,2.0,0.0,0.0,8.0,1.500,False,True
1462,1.0,3.0,4.0,0.0,0.0,8.0,0.750,False,True
1463,1.0,4.0,1.0,1.0,0.0,8.0,4.000,False,False
1464,1.0,5.0,3.0,0.0,0.0,8.0,1.667,False,True
1465,1.0,4.0,2.0,0.0,0.0,8.0,2.000,True,False
1466,1.0,3.0,2.0,1.0,0.0,8.0,1.500,False,True
1467,1.0,2.0,3.0,1.0,0.0,8.0,0.667,False,True
1468,1.0,2.0,5.0,0.0,0.0,8.0,0.400,False,True
1469,1.0,3.0,4.0,0.0,0.0,8.0,0.750,True,False
1470,1.0,4.0,3.0,0.0,0.0,8.0,1.333,False,False
1471,1.0,3.0,2.0,0.0,0.0,8.0,1.500,False,True
1472,1.0,2.0,5.0,0.0,0.0,8.0,0.400,False,True
1473,1.0,2.0,4.0,0.0,0.0,8.0,0.500,True,True
1474,1.0,3.0,5.0,0.0,0.0,8.0,0.600,False,True
1475,1.0,6.0,1.0,0.0,0.0,8.0,6.000,True,False
1476,1.0,5.0,0.0,0.0,0.0,8.0,8.000,False,False
1477,1.0,2.0,3.0,1.0,0.0,8.0,0.667,False,True
1478,1.0,3.0,4.0,0.0,0.0,8.0,0.750,False,True
1479,1.0,5.0,2.0,0.0,0.0,8.0,2.500,False,False
1480,1.0,4.0,2.0,0.0,0.0,8.0,2.000,False,True
1481,1.0,3.0,2.0,1.0,0.0,8.0,1.500,False,True
1482,1.0,4.0,3.0,0.0,0.0,8.0,1.333,False,True
1483,1.0,4.0,3.0,0.0,0.0,8.0,1.333,False,True
1484,1.0,4.0,2.0,0.0,0.0,8.0,2.000,False,False
1485,1.0,3.0,3.0,0.0,0.0,8.0,1.000,False,True
1486,1.0,4.0,3.0,0.0,0.0,8.0,1.333,False,False
1487,1.0,5.0,2.0,1.0,0.0,8.0,2.500,False,False
1488,1.0,7.0,0.0,0.0,0.0,8.0,8.000,True,False
1489,1.0,3.0,0.0,0.0,0.0,8.0,8.000,False,True
1490,1.0,2.0,5.0,0.0,0.0,8.0,0.400,False,True
1491,1.0,2.0,5.0,0.0,0.0,8.0,0.400,True,True
1492,1.0,5.0,2.0,0.0,0.0,8.0,2.500,True,False
1493,1.0,4.0,2.0,0.0,0.0,8.0,2.000,False,True
1494,1.0,3.0,2.0,0.0,0.0,8.0,1.500,False,True
1495,1.0,2.0,5.0,0.0,0.0,8.0,0.400,False,True
1496,1.0,4.0,3.0,0.0,0.0,8.0,1.333,True,False
1497,1.0,3.0,3.0,0.0,0.0,8.0,1.000,False,True
1498,1.0,4.0,3.0,0.0,0.0,8.0,1.333,False,False
1499,1.0,8.0,0.0,0.0,0.0,8.0,8.000,False,False
1500,1.0,4.0,0.0,0.0,0.0,8.0,8.000,False,True
1501,1.0,2.0,3.0,0.0,0.0,8.0,0.667,False,True
1502,1.0,2.0,5.0,0.0,0.0,8.0,0.400,False,True
1503,1.0,6.0,2.0,0.0,0.0,8.0,3.000,True,False
1504,1.0,6.0,0.0,0.0,0.0,8.0,8.000,False,False
1505,1.0,5.0,2.0,0.0,0.0,8.0,2.500,False,True
1506,1.0,2.0,3.0,0.0,0.0,8.0,0.667,False,True
1507,1.0,2.0,4.0,0.0,0.0,8.0,0.500,False,True
1508,1.0,3.0,5.0,0.0,0.0,8.0,0.600,False,True
1509,1.0,4.0,4.0,0.0,0.0,8.0,1.000,True,False
1510,1.0,5.0,0.0,0.0,0.0,8.0,8.000,True,False
1511,1.0,2.0,3.0,0.0,0.0,8.0,0.667,False,True
1512,1.0,2.0,5.0,0.0,0.0,8.0,0.400,False,True
1513,1.0,5.0,3.0,0.0,0.0,8.0,1.667,True,False
1514,1.0,5.0,1.0,0.0,0.0,8.0,5.000,True,False
1515,1.0,6.0,1.0,0.0,0.0,8.0,6.000,False,False
1516,1.0,4.0,3.0,0.0,0.0,8.0,1.333,False,True
1517,1.0,5.0,2.0,0.0,0.0,8.0,2.500,False,False
1518,1.0,4.0,1.0,0.0,0.0,8.0,4.000,False,False
1519,1.0,4.0,2.0,0.0,0.0,8.0,2.000,False,True
1520,1.0,3.0,4.0,0.0,0.0,8.0,0.750,False,True
1521,1.0,3.0,4.0,0.0,0.0,8.0,0.750,False,True
1522,1.0,4.0,3.0,0.0,0.0,8.0,1.333,False,False
1523,1.0,3.0,2.0,1.0,0.0,8.0,1.500,False,True
1524,1.0,3.0,3.0,0.0,0.0,8.0,1.000,False,True
1525,1.0,4.0,4.0,0.0,0.0,8.0,1.000,False,True
1526,1.0,3.0,3.0,0.0,0.0,8.0,1.000,True,True
1527,1.0,4.0,2.0,1.0,0.0,8.0,2.000,False,False
1528,1.0,4.0,3.0,0.0,0.0,8.0,1.333,False,True
1529,1.0,4.0,3.0,0.0,0.0,8.0,1.333,False,True
1530,1.0,4.0,2.0,0.0,0.0,8.0,2.000,False,False
1531,1.0,4.0,3.0,0.0,0.0,8.0,1.333,False,True
1532,1.0,4.0,1.0,1.0,0.0,8.0,4.000,False,False
1533,1.0,2.0,2.0,1.0,0.0,8.0,1.000,False,True
1534,1.0,4.0,4.0,0.0,0.0,8.0,1.000,False,True
1535,1.0,4.0,2.0,0.0,0.0,8.0,2.000,True,False
1536,1.0,4.0,3.0,0.0,0.0,8.0,1.333,False,True
1537,1.0,3.0,2.0,0.0,0.0,8.0,1.500,False,True
1538,1.0,3.0,4.0,0.0,0.0,8.0,0.750,False,True
1539,1.0,4.0,3.0,0.0,0.0,8.0,1.333,False,False
1540,1.0,5.0,3.0,0.0,0.0,8.0,1.667,False,False
1541,1.0,6.0,0.0,0.0,0.0,8.0,8.000,True,False
1542,1.0,4.0,1.0,0.0,0.0,8.0,4.000,False,True
1543,1.0,2.0,5.0,0.0,0.0,8.0,0.400,False,True
1544,1.0,1.0,5.0,0.0,0.0,8.0,0.200,True,True
1545,1.0,5.0,2.0,0.0,0.0,8.0,2.500,False,False
1546,1.0,3.0,2.0,0.0,0.0,8.0,1.500,False,True
1547,1.0,4.0,3.0,0.0,0.0,8.0,1.333,False,True
1548,1.0,2.0,5.0,0.0,0.0,8.0,0.400,False,True
1549,1.0,4.0,2.0,0.0,0.0,8.0,2.000,True,False
1550,1.0,4.0,3.0,0.0,0.0,8.0,1.333,False,True
1551,1.0,3.0,3.0,0.0,0.0,8.0,1.000,False,True
1552,1.0,3.0,4.0,0.0,0.0,8.0,0.750,False,True
1553,1.0,3.0,4.0,0.0,0.0,8.0,0.750,False,True
1554,1.0,5.0,2.0,0.0,0.0,8.0,2.500,False,False
1555,1.0,5.0,1.0,0.0,0.0,8.0,5.000,False,False
1556,1.0,5.0,3.0,0.0,0.0,8.0,1.667,False,True
1557,1.0,3.0,1.0,1.0,0.0,8.0,3.000,True,False
1558,1.0,5.0,2.0,0.0,0.0,8.0,2.500,False,True
1559,1.0,2.0,3.0,0.0,0.0,8.0,0.667,False,True
1560,1.0,3.0,4.0,0.0,0.0,8.0,0.750,False,True
1561,1.0,5.0,3.0,0.0,0.0,8.0,1.667,False,False
1562,1.0,7.0,0.0,0.0,0.0,8.0,8.000,True,False
1563,1.0,5.0,0.0,0.0,0.0,8.0,8.000,False,True
1564,1.0,5.0,3.0,0.0,0.0,8.0,1.667,False,True
1565,1.0,2.0,2.0,0.0,0.0,8.0,1.000,True,True
1566,1.0,3.0,5.0,0.0,0.0,8.0,0.600,False,True
1567,1.0,4.0,3.0,0.0,0.0,8.0,1.333,True,False
1568,1.0,6.0,0.0,0.0,0.0,8.0,8.000,False,False
1569,1.0,4.0,2.0,0.0,0.0,8.0,2.000,False,True
1570,1.0,3.0,4.0,0.0,0.0,8.0,0.750,False,True
1571,1.0,3.0,4.0,0.0,0.0,8.0,0.750,False,True
1572,1.0,6.0,1.0,0.0,0.0,8.0,6.000,False,False
1573,1.0,6.0,0.0,0.0,0.0,8.0,8.000,False,False
1574,1.0,3.0,1.0,1.0,0.0,8.0,3.000,False,True
1575,1.0,2.0,4.0,0.0,0.0,8.0,0.500,False,True
1576,1.0,4.0,3.0,1.0,0.0,8.0,1.333,False,False
1577,1.0,2.0,3.0,1.0,0.0,8.0,0.667,True,True
1578,1.0,5.0,2.0,0.0,0.0,8.0,2.500,False,False
1579,1.0,4.0,3.0,0.0,0.0,8.0,1.333,False,True
1580,1.0,4.0,1.0,0.0,0.0,8.0,4.000,False,False
1581,1.0,4.0,3.0,0.0,0.0,8.0,1.333,False,True
1582,1.0,3.0,4.0,0.0,0.0,8.0,0.750,False,True
1583,1.0,6.0,1.0,0.0,0.0,8.0,6.000,False,False
1584,1.0,5.0,1.0,1.0,0.0,8.0,5.000,False,True
1585,1.0,5.0,1.0,0.0,0.0,8.0,5.000,False,True
1586,1.0,3.0,3.0,0.0,0.0,8.0,1.000,False,True
1587,1.0,3.0,3.0,0.0,0.0,8.0,1.000,False,True
1588,1.0,3.0,3.0,1.0,0.0,8.0,1.000,False,True
1589,1.0,4.0,3.0,0.0,0.0,8.0,1.333,True,False
1590,1.0,4.0,2.0,0.0,0.0,8.0,2.000,False,False
1591,1.0,4.0,4.0,0.0,0.0,8.0,1.000,False,True
1592,1.0,6.0,1.0,0.0,0.0,8.0,6.000,True,False
1593,1.0,5.0,1.0,0.0,0.0,8.0,5.000,False,True
1594,1.0,4.0,2.0,0.0,0.0,8.0,2.000,False,True
1595,1.0,4.0,2.0,0.0,0.0,8.0,2.000,False,True
1596,1.0,5.0,3.0,0.0,0.0,8.0,1.667,False,True
1597,1.0,4.0,1.0,1.0,0.0,8.0,4.000,True,False
1598,1.0,4.0,2.0,0.0,0.0,8.0,2.000,False,True
1599,1.0,4.0,2.0,1.0,0.0,8.0,2.000,False,True
1600,1.0,1.0,3.0,1.0,0.0,8.0,0.333,False,True
1601,1.0,4.0,4.0,0.0,0.0,8.0,1.000,False,False
1602,1.0,4.0,3.0,0.0,0.0,8.0,1.333,True,False
1603,1.0,6.0,1.0,0.0,0.0,8.0,6.000,False,False
1604,1.0,4.0,2.0,0.0,0.0,8.0,2.000,False,True
1605,1.0,3.0,3.0,0.0,0.0,8.0,1.000,False,True
1606,1.0,3.0,3.0,0.0,0.0,8.0,1.000,False,True
1607,1.0,2.0,5.0,1.0,0.0,8.0,0.400,False,True
1608,1.0,5.0,2.0,0.0,0.0,8.0,2.500,True,False
1609,1.0,7.0,0.0,0.0,0.0,8.0,8.000,False,False
1610,1.0,6.0,1.0,0.0,0.0,8.0,6.000,False,True
1611,1.0,3.0,2.0,0.0,0.0,8.0,1.500,False,True
1612,1.0,2.0,3.0,0.0,0.0,8.0,0.667,False,True
1613,1.0,3.0,5.0,0.0,0.0,8.0,0.600,False,True
1614,1.0,6.0,2.0,0.0,0.0,8.0,3.000,True,False
1615,1.0,6.0,0.0,0.0,0.0,8.0,8.000,False,False
1616,1.0,1.0,3.0,0.0,0.0,8.0,0.333,False,True
1617,1.0,3.0,4.0,0.0,0.0,8.0,0.750,False,False
1618,1.0,4.0,3.0,0.0,0.0,8.0,1.333,False,False
1619,1.0,4.0,3.0,0.0,0.0,8.0,1.333,False,True
1620,1.0,6.0,1.0,0.0,0.0,8.0,6.000,False,False
1621,1.0,6.0,0.0,0.0,0.0,8.0,8.000,False,False
1622,1.0,4.0,1.0,0.0,0.0,8.0,4.000,False,True
1623,1.0,2.0,4.0,0.0,0.0,8.0,0.500,False,True
1624,1.0,2.0,5.0,0.0,0.0,8.0,0.400,False,True
1625,1.0,5.0,3.0,0.0,0.0,8.0,1.667,True,False
1626,1.0,4.0,3.0,0.0,0.0,8.0,1.333,True,True
1627,1.0,4.0,2.0,0.0,0.0,8.0,2.000,False,False
1628,1.0,4.0,2.0,0.0,0.0,8.0,2.000,False,True
1629,1.0,5.0,2.0,0.0,0.0,8.0,2.500,False,False
1630,1.0,4.0,3.0,0.0,0.0,8.0,1.333,False,True
1631,1.0,2.0,3.0,0.0,0.0,8.0,0.667,False,True
1632,1.0,3.0,4.0,0.0,0.0,8.0,0.750,False,True
1633,1.0,5.0,3.0,0.0,0.0,8.0,1.667,False,False
1634,1.0,3.0,3.0,0.0,0.0,8.0,1.000,True,True
1635,1.0,4.0,1.0,0.0,0.0,8.0,4.000,False,False
1636,1.0,3.0,4.0,0.0,0.0,8.0,0.750,False,True
1637,1.0,4.0,4.0,0.0,0.0,8.0,1.000,False,False
1638,1.0,4.0,2.0,0.0,0.0,8.0,2.000,True,False
1639,1.0,5.0,3.0,0.0,0.0,8.0,1.667,False,True
1640,1.0,3.0,2.0,0.0,0.0,8.0,1.500,True,True
1641,1.0,3.0,4.0,0.0,0.0,8.0,0.750,False,True
1642,1.0,3.0,3.0,1.0,0.0,8.0,1.000,False,False
1643,1.0,6.0,2.0,0.0,0.0,8.0,3.000,True,False
1644,1.0,2.0,2.0,0.0,0.0,8.0,1.000,False,True
1645,1.0,4.0,4.0,0.0,0.0,8.0,1.000,False,True
1646,1.0,3.0,4.0,0.0,0.0,8.0,0.750,True,True
1647,1.0,6.0,1.0,0.0,0.0,8.0,6.000,False,False
1648,1.0,6.0,1.0,0.0,0.0,8.0,6.000,False,True
1649,1.0,5.0,0.0,0.0,0.0,8.0,8.000,False,False
1650,1.0,3.0,3.0,0.0,0.0,8.0,1.000,False,True
1651,1.0,2.0,4.0,0.0,0.0,8.0,0.500,False,True
1652,1.0,5.0,2.0,1.0,0.0,8.0,2.500,False,False
1653,1.0,5.0,0.0,0.0,0.0,8.0,8.000,True,False
1654,1.0,3.0,2.0,0.0,0.0,8.0,1.500,False,True
1655,1.0,3.0,4.0,0.0,0.0,8.0,0.750,False,True
1656,1.0,3.0,4.0,0.0,0.0,8.0,0.750,False,True
1657,1.0,6.0,1.0,0.0,0.0,8.0,6.000,False,False
1658,1.0,4.0,1.0,1.0,0.0,8.0,4.000,False,True
1659,1.0,4.0,2.0,0.0,0.0,8.0,2.000,False,True
1660,1.0,3.0,3.0,0.0,0.0,8.0,1.000,False,True
1661,1.0,6.0,1.0,0.0,0.0,8.0,6.000,False,False
1662,1.0,2.0,3.0,0.0,0.0,8.0,0.667,False,True
1663,1.0,3.0,3.0,1.0,0.0,8.0,1.000,False,False
1664,1.0,3.0,3.0,0.0,0.0,8.0,1.000,False,True
1665,1.0,2.0,4.0,0.0,0.0,8.0,0.500,False,True
1666,1.0,2.0,5.0,0.0,0.0,8.0,0.400,False,True
1667,1.0,3.0,5.0,0.0,0.0,8.0,0.600,True,True
1668,1.0,8.0,0.0,0.0,0.0,8.0,8.000,True,False
1669,1.0,4.0,0.0,0.0,0.0,8.0,8.000,False,True
1670,1.0,4.0,3.0,0.0,0.0,8.0,1.333,False,True
1671,1.0,2.0,4.0,0.0,0.0,8.0,0.500,False,True
1672,1.0,3.0,4.0,0.0,0.0,8.0,0.750,False,False
1673,1.0,5.0,2.0,0.0,0.0,8.0,2.500,False,False
1674,1.0,5.0,2.0,1.0,0.0,8.0,2.500,False,True
1675,1.0,4.0,1.0,1.0,0.0,8.0,4.000,True,False
1676,1.0,5.0,2.0,0.0,0.0,8.0,2.500,False,True
1677,1.0,3.0,1.0,0.0,0.0,8.0,3.000,False,False
1678,1.0,4.0,4.0,0.0,0.0,8.0,1.000,False,True
1679,1.0,4.0,3.0,0.0,0.0,8.0,1.333,True,False
1680,1.0,5.0,2.0,0.0,0.0,8.0,2.500,False,False
1681,1.0,5.0,1.0,0.0,0.0,8.0,5.000,False,False
1682,1.0,3.0,3.0,0.0,0.0,8.0,1.000,False,True
1683,1.0,2.0,4.0,0.0,0.0,8.0,0.500,False,True
1684,1.0,3.0,4.0,0.0,0.0,8.0,0.750,False,False
1685,1.0,4.0,3.0,0.0,0.0,8.0,1.333,False,False
1686,1.0,5.0,1.0,1.0,0.0,8.0,5.000,False,False
1687,1.0,4.0,1.0,0.0,0.0,8.0,4.000,False,True
1688,1.0,3.0,4.0,0.0,0.0,8.0,0.750,False,True
1689,1.0,2.0,4.0,0.0,0.0,8.0,0.500,False,True
1690,1.0,5.0,3.0,0.0,0.0,8.0,1.667,False,False
1691,1.0,4.0,2.0,0.0,0.0,8.0,2.000,True,False
1692,1.0,3.0,4.0,0.0,0.0,8.0,0.750,False,True
1693,1.0,2.0,4.0,0.0,0.0,8.0,0.500,False,True
1694,1.0,4.0,4.0,0.0,0.0,8.0,1.000,False,False
1695,1.0,4.0,3.0,0.0,0.0,8.0,1.333,True,False
1696,1.0,6.0,0.0,0.0,0.0,8.0,8.000,False,False
1697,1.0,5.0,2.0,0.0,0.0,8.0,2.500,False,True
1698,1.0,3.0,1.0,1.0,0.0,8.0,3.000,False,False
1699,1.0,3.0,3.0,0.0,0.0,8.0,1.000,False,True
1700,1.0,4.0,4.0,0.0,0.0,8.0,1.000,False,True
1701,1.0,4.0,1.0,0.0,0.0,8.0,4.000,True,False
1702,1.0,4.0,3.0,0.0,0.0,8.0,1.333,False,True
1703,1.0,3.0,4.0,0.0,0.0,8.0,0.750,False,True
1704,1.0,3.0,3.0,0.0,0.0,8.0,1.000,False,False
1705,1.0,5.0,3.0,0.0,0.0,8.0,1.667,False,False
1706,1.0,7.0,1.0,0.0,0.0,8.0,7.000,True,False
1707,1.0,3.0,1.0,0.0,0.0,8.0,3.000,False,True
1708,1.0,4.0,3.0,0.0,0.0,8.0,1.333,False,True
1709,1.0,3.0,4.0,0.0,0.0,8.0,0.750,False,True
1710,1.0,4.0,3.0,0.0,0.0,8.0,1.333,False,False
1711,1.0,5.0,2.0,0.0,0.0,8.0,2.500,False,False
1712,1.0,5.0,2.0,0.0,0.0,8.0,2.500,False,True
1713,1.0,2.0,3.0,0.0,0.0,8.0,0.667,False,True
1714,1.0,2.0,5.0,0.0,0.0,8.0,0.400,False,True
1715,1.0,4.0,4.0,0.0,0.0,8.0,1.000,True,False
1716,1.0,4.0,1.0,0.0,0.0,8.0,4.000,True,False
1717,1.0,3.0,3.0,0.0,0.0,8.0,1.000,False,True
1718,1.0,3.0,4.0,0.0,0.0,8.0,0.750,False,True
1719,1.0,2.0,5.0,0.0,0.0,8.0,0.400,False,True
1720,1.0,3.0,4.0,0.0,0.0,8.0,0.750,True,False
1721,1.0,4.0,3.0,0.0,0.0,8.0,1.333,False,False
1722,1.0,5.0,1.0,0.0,0.0,8.0,5.000,False,False
1723,1.0,5.0,2.0,0.0,0.0,8.0,2.500,False,True
1724,1.0,6.0,2.0,0.0,0.0,8.0,3.000,False,False
1725,1.0,3.0,2.0,0.0,0.0,8.0,1.500,False,True
1726,1.0,1.0,5.0,0.0,0.0,8.0,0.200,False,True
1727,1.0,2.0,5.0,0.0,0.0,8.0,0.400,False,True
1728,1.0,4.0,4.0,0.0,0.0,8.0,1.000,True,False
1729,1.0,6.0,1.0,0.0,0.0,8.0,6.000,True,False
1730,1.0,2.0,1.0,0.0,0.0,8.0,2.000,False,True
1731,1.0,2.0,5.0,0.0,0.0,8.0,0.400,False,True
1732,1.0,2.0,5.0,0.0,0.0,8.0,0.400,True,True
1733,1.0,4.0,4.0,0.0,0.0,8.0,1.000,True,False
1734,1.0,4.0,2.0,0.0,0.0,8.0,2.000,True,False
1735,1.0,5.0,2.0,0.0,0.0,8.0,2.500,False,False
1736,1.0,4.0,2.0,0.0,0.0,8.0,2.000,False,True
1737,1.0,2.0,3.0,0.0,0.0,8.0,0.667,False,True
1738,1.0,5.0,3.0,0.0,0.0,8.0,1.667,False,False
1739,1.0,6.0,2.0,0.0,0.0,8.0,3.000,False,False
1740,1.0,4.0,2.0,0.0,0.0,8.0,2.000,False,True
1741,1.0,3.0,3.0,0.0,0.0,8.0,1.000,False,True
1742,1.0,4.0,3.0,0.0,0.0,8.0,1.333,False,False
1743,1.0,4.0,3.0,0.0,0.0,8.0,1.333,False,True
1744,1.0,6.0,1.0,1.0,0.0,8.0,6.000,False,False
1745,1.0,5.0,0.0,0.0,0.0,8.0,8.000,False,False
1746,1.0,5.0,2.0,0.0,0.0,8.0,2.500,False,True
1747,1.0,2.0,3.0,0.0,0.0,8.0,0.667,False,True
1748,1.0,5.0,2.0,1.0,0.0,8.0,2.500,False,False
1749,1.0,3.0,3.0,1.0,0.0,8.0,1.000,False,True
1750,1.0,5.0,4.0,0.0,0.0,8.0,1.250,False,False
1751,1.0,5.0,4.0,0.0,0.0,8.0,1.250,True,True
1752,1.0,3.0,3.0,0.0,0.0,8.0,1.000,True,True
1753,1.0,5.0,5.0,0.0,0.0,8.0,1.000,False,True
1754,1.0,5.0,5.0,0.0,0.0,8.0,1.000,True,True
1755,1.0,3.0,4.0,1.0,0.0,8.0,0.750,True,True
1756,1.0,1.0,6.0,0.0,0.0,8.0,0.167,True,True
1757,1.0,4.0,7.0,0.0,0.0,8.0,0.571,True,False
1758,1.0,4.0,7.0,0.0,0.0,8.0,0.571,True,True
1759,1.0,3.0,8.0,0.0,0.0,8.0,0.375,True,True
1760,1.0,1.0,5.0,1.0,0.0,8.0,0.200,True,True
1761,1.0,2.0,9.0,2.0,0.0,8.0,0.222,True,True
1762,1.0,2.0,8.0,0.0,0.0,8.0,0.250,True,True
1763,1.0,3.0,6.0,0.0,0.0,8.0,0.500,True,False
1764,1.0,2.0,8.0,1.0,0.0,8.0,0.250,True,True
1765,1.0,3.0,10.0,0.0,0.0,8.0,0.300,True,True
1766,1.0,2.0,7.0,0.0,0.0,8.0,0.286,True,True
1767,1.0,2.0,7.0,0.0,0.0,8.0,0.286,True,True
1768,1.0,2.0,9.0,0.0,0.0,8.0,0.222,True,True
1769,1.0,2.0,11.0,0.0,0.0,8.0,0.182,True,True
1770,1.0,3.0,7.0,1.0,0.0,8.0,0.429,True,False
1771,1.0,1.0,8.0,1.0,0.0,8.0,0.125,True,True
1772,1.0,1.0,5.0,0.0,0.0,8.0,0.200,True,True
1773,1.0,2.0,10.0,0.0,0.0,8.0,0.200,False,True
1774,1.0,1.0,7.0,0.0,0.0,8.0,0.143,True,True
1775,1.0,1.0,9.0,1.0,0.0,8.0,0.111,True,True
1776,1.0,1.0,11.0,1.0,0.0,8.0,0.091,True,True
1777,1.0,1.0,8.0,0.0,0.0,8.0,0.125,True,True
1778,1.0,0.0,9.0,1.0,0.0,8.0,0.000,True,True
1779,1.0,0.0,11.0,1.0,0.0,8.0,0.000,True,True
1780,1.0,0.0,10.0,0.0,0.0,8.0,0.000,True,True
1781,1.0,1.0,9.0,0.0,0.0,8.0,0.111,True,True
1782,1.0,0.0,9.0,0.0,0.0,8.0,0.000,True,True
1783,1.0,1.0,12.0,0.0,0.0,8.0,0.083,True,True
1784,1.0,0.0,14.0,0.0,0.0,8.0,0.000,True,True
1785,1.0,1.0,3.0,1.0,0.0,8.0,0.333,True,False
1786,1.0,0.0,9.0,0.0,0.0,8.0,0.000,False,True
1787,1.0,0.0,8.0,1.0,0.0,8.0,0.000,True,True
1788,1.0,1.0,9.0,1.0,0.0,8.0,0.111,True,True
1789,1.0,0.0,9.0,0.0,0.0,8.0,0.000,True,True
1790,1.0,1.0,10.0,0.0,0.0,8.0,0.100,True,True
1791,1.0,1.0,11.0,0.0,0.0,8.0,0.091,True,True
1792,1.0,2.0,8.0,1.0,0.0,8.0,0.250,True,True
1793,1.0,2.0,9.0,1.0,0.0,8.0,0.222,True,True
1794,1.0,0.0,7.0,0.0,0.0,8.0,0.000,True,True
1795,1.0,2.0,9.0,1.0,0.0,8.0,0.222,True,False
1796,1.0,2.0,7.0,1.0,0.0,8.0,0.286,True,True
1797,1.0,0.0,6.0,1.0,0.0,8.0,0.000,True,True
1798,1.0,2.0,7.0,0.0,0.0,8.0,0.286,True,False
1799,1.0,3.0,8.0,0.0,0.0,8.0,0.375,True,True
1800,1.0,2.0,7.0,2.0,0.0,8.0,0.286,True,True
1801,1.0,3.0,9.0,2.0,0.0,8.0,0.333,True,True
1802,1.0,2.0,5.0,1.0,0.0,8.0,0.400,True,True
1803,1.0,2.0,9.0,0.0,0.0,8.0,0.222,True,True
1804,1.0,1.0,8.0,1.0,0.0,8.0,0.125,True,True
1805,1.0,3.0,8.0,0.0,0.0,8.0,0.375,True,False
1806,1.0,3.0,7.0,3.0,0.0,7.0,0.429,True,True
1807,1.0,3.0,5.0,1.0,0.0,6.0,0.600,True,True
1808,1.0,2.0,6.0,1.0,0.0,6.0,0.333,True,True
1809,1.0,3.0,8.0,1.0,0.0,6.0,0.375,True,True
1810,1.0,3.0,7.0,0.0,0.0,5.0,0.429,True,True
1811,1.0,4.0,6.0,0.0,0.0,6.0,0.667,True,False
1812,1.0,5.0,8.0,1.0,0.0,7.0,0.625,True,True
1813,1.0,6.0,6.0,0.0,0.0,7.0,1.000,True,False
1814,1.0,4.0,6.0,1.0,0.0,7.0,0.667,True,True
1815,1.0,3.0,7.0,0.0,0.0,7.0,0.429,True,True
1816,1.0,3.0,8.0,0.0,0.0,7.0,0.375,True,True
1817,1.0,4.0,5.0,0.0,0.0,8.0,0.800,True,False
1818,1.0,3.0,7.0,0.0,0.0,8.0,0.429,True,True
1819,1.0,4.0,6.0,0.0,0.0,8.0,0.667,True,False
1820,1.0,4.0,2.0,0.0,0.0,8.0,2.000,True,False
1821,1.0,5.0,2.0,0.0,0.0,8.0,2.500,False,False
1822,1.0,3.0,2.0,0.0,0.0,8.0,1.500,False,True
1823,1.0,5.0,3.0,0.0,0.0,8.0,1.667,False,True
1824,1.0,6.0,2.0,0.0,0.0,8.0,3.000,True,False
1825,1.0,4.0,1.0,0.0,0.0,8.0,4.000,False,False
1826,1.0,3.0,3.0,0.0,0.0,8.0,1.000,False,True
1827,1.0,4.0,3.0,0.0,0.0,8.0,1.333,False,False
1828,1.0,4.0,2.0,0.0,0.0,8.0,2.000,False,False
1829,1.0,4.0,3.0,0.0,0.0,8.0,1.333,False,True
1830,1.0,4.0,2.0,0.0,0.0,8.0,2.000,False,False
1831,1.0,3.0,4.0,0.0,0.0,8.0,0.750,False,True
1832,1.0,4.0,2.0,0.0,0.0,8.0,2.000,False,False
1833,1.0,3.0,2.0,0.0,0.0,8.0,1.500,False,True
1834,1.0,3.0,5.0,0.0,0.0,8.0,0.600,False,True
1835,1.0,4.0,3.0,0.0,0.0,8.0,1.333,True,False
1836,1.0,5.0,1.0,1.0,0.0,8.0,5.000,False,False
1837,1.0,6.0,1.0,0.0,0.0,8.0,6.000,False,False
1838,1.0,4.0,1.0,0.0,0.0,8.0,4.000,False,True
1839,1.0,1.0,4.0,0.0,0.0,8.0,0.250,False,True
1840,1.0,2.0,6.0,0.0,0.0,8.0,0.333,False,True
1841,1.0,6.0,2.0,0.0,0.0,8.0,3.000,True,False
1842,1.0,5.0,0.0,0.0,0.0,8.0,8.000,False,False
1843,1.0,3.0,3.0,0.0,0.0,8.0,1.000,False,True
1844,1.0,5.0,2.0,0.0,0.0,8.0,2.500,False,False
1845,1.0,5.0,1.0,0.0,0.0,8.0,5.000,False,False
1846,1.0,5.0,3.0,0.0,0.0,8.0,1.667,False,True
1847,1.0,4.0,2.0,0.0,0.0,8.0,2.000,True,False
1848,1.0,3.0,2.0,0.0,0.0,8.0,1.500,False,True
1849,1.0,5.0,2.0,0.0,0.0,8.0,2.500,False,False
1850,1.0,3.0,3.0,0.0,0.0,8.0,1.000,False,True
1851,1.0,5.0,3.0,0.0,0.0,8.0,1.667,False,False
1852,1.0,7.0,0.0,0.0,0.0,8.0,8.000,True,False
1853,1.0,3.0,1.0,0.0,0.0,8.0,3.000,False,True
1854,1.0,2.0,5.0,0.0,0.0,8.0,0.400,False,True
1855,1.0,1.0,5.0,0.0,0.0,8.0,0.200,True,True
1856,1.0,5.0,3.0,0.0,0.0,8.0,1.667,False,False
1857,1.0,6.0,1.0,0.0,0.0,8.0,6.000,True,False
1858,1.0,6.0,2.0,0.0,0.0,8.0,3.000,False,True
1859,1.0,5.0,0.0,0.0,0.0,8.0,8.000,False,False
1860,1.0,2.0,3.0,1.0,0.0,8.0,0.667,False,True
1861,1.0,2.0,4.0,0.0,0.0,8.0,0.500,False,True
1862,1.0,3.0,4.0,0.0,0.0,8.0,0.750,False,False
1863,1.0,4.0,3.0,0.0,0.0,8.0,1.333,False,False
1864,1.0,3.0,4.0,0.0,0.0,8.0,0.750,False,True
1865,1.0,4.0,3.0,0.0,0.0,8.0,1.333,False,False
1866,1.0,3.0,2.0,1.0,0.0,8.0,1.500,False,True
1867,1.0,3.0,5.0,0.0,0.0,8.0,0.600,False,True
1868,1.0,3.0,2.0,0.0,0.0,8.0,1.500,True,False
1869,1.0,3.0,4.0,0.0,0.0,8.0,0.750,False,True
1870,1.0,3.0,3.0,0.0,0.0,8.0,1.000,False,False
1871,1.0,6.0,2.0,0.0,0.0,8.0,3.000,False,False
1872,1.0,5.0,1.0,0.0,0.0,8.0,5.000,False,False
1873,1.0,2.0,3.0,0.0,0.0,8.0,0.667,False,True
1874,1.0,2.0,6.0,0.0,0.0,8.0,0.333,False,True
1875,1.0,3.0,4.0,0.0,0.0,8.0,0.750,True,False
1876,1.0,6.0,1.0,0.0,0.0,8.0,6.000,False,False
1877,1.0,7.0,1.0,0.0,0.0,8.0,7.000,False,False
1878,1.0,5.0,1.0,0.0,0.0,8.0,5.000,False,True
1879,1.0,5.0,1.0,0.0,0.0,8.0,5.000,False,True
1880,1.0,4.0,1.0,1.0,0.0,8.0,4.000,False,True
1881,1.0,1.0,3.0,0.0,0.0,8.0,0.333,False,True
1882,1.0,3.0,5.0,0.0,0.0,8.0,0.600,False,False
1883,1.0,5.0,3.0,0.0,0.0,8.0,1.667,True,False
1884,1.0,5.0,0.0,0.0,0.0,8.0,8.000,True,False
1885,1.0,5.0,3.0,0.0,0.0,8.0,1.667,False,True
1886,1.0,4.0,2.0,0.0,0.0,8.0,2.000,True,False
1887,1.0,4.0,3.0,0.0,0.0,8.0,1.333,False,True
1888,1.0,3.0,3.0,0.0,0.0,8.0,1.000,False,True
1889,1.0,5.0,1.0,1.0,0.0,8.0,5.000,False,False
1890,1.0,3.0,3.0,0.0,0.0,8.0,1.000,False,True
1891,1.0,5.0,2.0,0.0,0.0,8.0,2.500,False,False
1892,1.0,4.0,3.0,0.0,0.0,8.0,1.333,False,True
1893,1.0,6.0,0.0,0.0,0.0,8.0,8.000,False,False
1894,1.0,4.0,2.0,0.0,0.0,8.0,2.000,False,True
1895,1.0,5.0,2.0,0.0,0.0,8.0,2.500,False,False
1896,1.0,3.0,2.0,0.0,0.0,8.0,1.500,False,True
1897,1.0,4.0,3.0,0.0,0.0,8.0,1.333,False,True
1898,1.0,2.0,4.0,1.0,0.0,8.0,0.500,False,True
1899,1.0,3.0,4.0,0.0,0.0,8.0,0.750,True,False
1900,1.0,6.0,2.0,0.0,0.0,8.0,3.000,False,False
1901,1.0,3.0,1.0,0.0,0.0,8.0,3.000,False,True
1902,1.0,3.0,4.0,0.0,0.0,8.0,0.750,False,True
1903,1.0,1.0,5.0,1.0,0.0,8.0,0.200,False,True
1904,1.0,6.0,2.0,0.0,0.0,8.0,3.000,True,False
1905,1.0,5.0,0.0,0.0,0.0,8.0,8.000,False,False
1906,1.0,5.0,2.0,0.0,0.0,8.0,2.500,False,True
1907,1.0,3.0,2.0,0.0,0.0,8.0,1.500,False,True
1908,1.0,3.0,4.0,0.0,0.0,8.0,0.750,False,True
1909,1.0,3.0,4.0,0.0,0.0,8.0,0.750,False,True
1910,1.0,2.0,4.0,0.0,0.0,8.0,0.500,False,True
1911,1.0,5.0,2.0,0.0,0.0,8.0,2.500,False,False
1912,1.0,2.0,3.0,0.0,0.0,8.0,0.667,False,True
1913,1.0,1.0,6.0,0.0,0.0,8.0,0.167,False,True
1914,1.0,4.0,4.0,0.0,0.0,8.0,1.000,True,False
1915,1.0,5.0,0.0,0.0,0.0,8.0,8.000,True,False
1916,1.0,3.0,3.0,0.0,0.0,8.0,1.000,False,True
1917,1.0,3.0,5.0,0.0,0.0,8.0,0.600,False,True
1918,1.0,3.0,3.0,0.0,0.0,8.0,1.000,True,False
1919,1.0,4.0,3.0,1.0,0.0,8.0,1.333,False,False
1920,1.0,7.0,0.0,0.0,0.0,8.0,8.000,True,False
1921,1.0,3.0,0.0,0.0,0.0,8.0,8.000,False,True
1922,1.0,3.0,5.0,0.0,0.0,8.0,0.600,False,True
1923,1.0,3.0,3.0,0.0,0.0,8.0,1.000,True,False
1924,1.0,4.0,2.0,1.0,0.0,8.0,2.000,False,False
1925,1.0,3.0,4.0,0.0,0.0,8.0,0.750,False,True
1926,1.0,3.0,3.0,0.0,0.0,8.0,1.000,False,False
1927,1.0,5.0,2.0,0.0,0.0,8.0,2.500,False,False
1928,1.0,7.0,1.0,0.0,0.0,8.0,7.000,False,False
1929,1.0,3.0,0.0,0.0,0.0,8.0,8.000,False,False
1930,1.0,1.0,6.0,0.0,0.0,8.0,0.167,False,True
1931,1.0,4.0,4.0,0.0,0.0,8.0,1.000,True,False
1932,1.0,8.0,0.0,0.0,0.0,8.0,8.000,True,False
1933,1.0,6.0,0.0,0.0,0.0,8.0,8.000,False,True
1934,1.0,4.0,1.0,0.0,0.0,8.0,4.000,False,True
1935,1.0,3.0,4.0,0.0,0.0,8.0,0.750,False,True
1936,1.0,4.0,2.0,0.0,0.0,8.0,2.000,False,False
1937,1.0,3.0,3.0,0.0,0.0,8.0,1.000,False,True
1938,1.0,5.0,3.0,0.0,0.0,8.0,1.667,False,False
1939,1.0,6.0,0.0,0.0,0.0,8.0,8.000,False,False
1940,1.0,2.0,3.0,0.0,0.0,8.0,0.667,False,True
1941,1.0,5.0,2.0,0.0,0.0,8.0,2.500,False,False
1942,1.0,3.0,3.0,0.0,0.0,8.0,1.000,False,True
1943,1.0,2.0,3.0,1.0,0.0,8.0,0.667,False,True
1944,1.0,1.0,5.0,0.0,0.0,8.0,0.200,False,True
1945,1.0,4.0,4.0,0.0,0.0,8.0,1.000,False,False
1946,1.0,6.0,1.0,0.0,0.0,8.0,6.000,True,False
1947,1.0,6.0,0.0,0.0,0.0,8.0,8.000,False,False
1948,1.0,4.0,1.0,1.0,0.0,8.0,4.000,False,True
1949,1.0,4.0,2.0,0.0,0.0,8.0,2.000,False,True
1950,1.0,3.0,4.0,0.0,0.0,8.0,0.750,False,True
1951,1.0,7.0,1.0,0.0,0.0,8.0,7.000,False,False
1952,1.0,5.0,1.0,0.0,0.0,8.0,5.000,False,True
1953,1.0,5.0,2.0,0.0,0.0,8.0,2.500,False,True
1954,1.0,3.0,2.0,0.0,0.0,8.0,1.500,False,True
1955,1.0,4.0,3.0,0.0,0.0,8.0,1.333,False,True
1956,1.0,1.0,3.0,1.0,0.0,8.0,0.333,False,True
1957,1.0,4.0,4.0,0.0,0.0,8.0,1.000,False,False
1958,1.0,4.0,3.0,0.0,0.0,8.0,1.333,True,False
1959,1.0,4.0,2.0,0.0,0.0,8.0,2.000,False,False
1960,1.0,3.0,4.0,0.0,0.0,8.0,0.750,False,True
1961,1.0,1.0,4.0,0.0,0.0,8.0,0.250,False,True
1962,1.0,2.0,6.0,0.0,0.0,8.0,0.333,False,True
1963,1.0,3.0,4.0,0.0,0.0,8.0,0.750,True,False
1964,1.0,7.0,0.0,0.0,0.0,8.0,8.000,False,False
1965,1.0,4.0,2.0,0.0,0.0,8.0,2.000,False,True
1966,1.0,4.0,2.0,0.0,0.0,8.0,2.000,False,True
1967,1.0,2.0,3.0,1.0,0.0,8.0,0.667,False,True
1968,1.0,4.0,4.0,0.0,0.0,8.0,1.000,False,False
1969,1.0,4.0,2.0,0.0,0.0,8.0,2.000,True,False
1970,1.0,2.0,4.0,0.0,0.0,8.0,0.500,False,True
1971,1.0,4.0,3.0,0.0,0.0,8.0,1.333,False,False
1972,1.0,5.0,2.0,0.0,0.0,8.0,2.500,False,False
1973,1.0,5.0,2.0,0.0,0.0,8.0,2.500,False,True
1974,1.0,3.0,2.0,1.0,0.0,8.0,1.500,False,True
1975,1.0,3.0,3.0,0.0,0.0,8.0,1.000,False,True
1976,1.0,4.0,3.0,0.0,0.0,8.0,1.333,False,False
1977,1.0,1.0,4.0,0.0,0.0,8.0,0.250,False,True
1978,1.0,2.0,6.0,0.0,0.0,8.0,0.333,False,True
1979,1.0,5.0,3.0,0.0,0.0,8.0,1.667,True,False
1980,1.0,4.0,2.0,1.0,0.0,8.0,2.000,False,False
1981,1.0,4.0,1.0,0.0,0.0,8.0,4.000,False,False
1982,1.0,4.0,3.0,0.0,0.0,8.0,1.333,False,True
1983,1.0,4.0,1.0,0.0,0.0,8.0,4.000,False,False
1984,1.0,4.0,3.0,0.0,0.0,8.0,1.333,False,True
1985,1.0,3.0,3.0,0.0,0.0,8.0,1.000,False,True
1986,1.0,4.0,3.0,0.0,0.0,8.0,1.333,False,False
1987,1.0,2.0,2.0,0.0,0.0,8.0,1.000,False,True
1988,1.0,3.0,5.0,0.0,0.0,8.0,0.600,False,True
1989,1.0,4.0,3.0,0.0,0.0,8.0,1.333,True,False
1990,1.0,7.0,1.0,0.0,0.0,8.0,7.000,False,False
1991,1.0,6.0,1.0,0.0,0.0,8.0,6.000,False,True
1992,1.0,3.0,1.0,0.0,0.0,8.0,3.000,False,True
1993,1.0,1.0,5.0,0.0,0.0,8.0,0.200,False,True
1994,1.0,4.0,4.0,0.0,0.0,8.0,1.000,False,False
1995,1.0,4.0,2.0,0.0,0.0,8.0,2.000,True,False
1996,1.0,5.0,2.0,0.0,0.0,8.0,2.500,False,False
1997,1.0,4.0,2.0,0.0,0.0,8.0,2.000,False,True
1998,1.0,4.0,3.0,0.0,0.0,8.0,1.333,False,True
1999,1.0,1.0,2.0,1.0,0.0,8.0,0.500,False,True
