,nodeId,ls,lc,le,ltx,number of neighbors,QOS,arm,jammed evaluation,label (jammed or not)
0,6,1,5,0,1,6,0.200,True,False,0
1,6,4,2,0,1,6,2.000,False,False,0
2,6,4,0,0,1,6,6.000,False,False,0
3,6,5,1,0,0,6,5.000,False,True,0
4,6,2,2,0,1,6,1.000,False,True,0
5,6,1,3,0,1,6,0.333,False,True,0
6,6,1,5,0,1,6,0.200,True,True,0
7,6,3,3,0,1,6,1.000,True,False,0
8,6,4,0,0,0,6,6.000,False,False,0
9,6,2,2,0,1,6,1.000,False,True,0
10,6,1,3,0,1,6,0.333,False,True,0
11,6,2,4,0,1,6,0.500,False,False,0
12,6,2,2,0,1,6,1.000,False,False,0
13,6,3,3,0,0,6,1.000,False,True,0
14,6,3,3,0,1,6,1.000,False,True,0
15,6,3,2,0,1,6,1.500,False,False,0
16,6,3,1,0,1,6,3.000,False,False,0
17,6,4,1,0,0,6,4.000,False,False,0
18,6,2,3,0,1,6,0.667,False,True,0
19,6,2,3,0,1,6,0.667,False,True,0
20,6,2,3,0,1,6,0.667,False,True,0
21,6,3,2,0,1,6,1.500,False,False,0
22,6,2,3,0,0,6,0.667,False,True,0
23,6,3,3,0,1,6,1.000,True,False,0
24,6,2,2,0,1,6,1.000,False,True,0
25,6,2,3,0,1,6,0.667,True,True,0
26,6,2,3,0,1,6,0.667,True,True,0
27,6,4,2,0,1,6,2.000,True,False,0
28,6,4,1,0,0,6,4.000,False,False,0
29,6,3,2,0,1,6,1.500,False,True,0
30,6,3,1,0,1,6,3.000,False,False,0
31,6,1,3,0,1,6,0.333,False,True,0
32,6,3,3,0,1,6,1.000,True,False,0
33,6,4,1,0,0,6,4.000,False,False,0
34,6,4,2,0,1,6,2.000,False,True,0
35,6,3,1,0,1,6,3.000,False,False,0
36,6,3,2,0,1,6,1.500,False,True,0
37,6,3,2,0,0,6,1.500,False,True,0
38,6,3,3,0,1,6,1.000,True,True,0
39,6,4,1,0,1,6,4.000,False,False,0
40,6,3,0,0,1,6,6.000,False,False,0
41,6,1,4,0,1,6,0.250,False,True,0
42,6,0,5,0,0,6,0.000,False,True,0
43,6,4,2,0,1,6,2.000,False,False,0
44,6,3,0,0,1,6,6.000,False,False,0
45,6,2,3,0,1,6,0.667,False,True,0
46,6,0,4,0,1,6,0.000,False,True,0
47,6,4,2,0,0,6,2.000,False,False,0
48,6,2,3,0,1,6,0.667,False,True,0
49,6,0,3,1,1,6,0.000,False,True,0
50,6,2,3,1,1,6,0.667,False,False,0
51,6,3,3,0,1,6,1.000,True,False,0
52,6,6,0,0,0,6,6.000,False,False,0
53,6,3,0,0,1,6,6.000,False,True,0
54,6,3,3,0,1,6,1.000,False,True,0
55,6,1,3,0,1,6,0.333,False,True,0
56,6,2,2,1,1,6,1.000,False,False,0
57,6,2,3,0,0,6,0.667,False,True,0
58,6,1,3,0,1,6,0.333,False,True,0
59,6,3,3,0,1,6,1.000,False,False,0
60,6,5,1,0,1,6,5.000,False,False,0
61,6,4,0,0,0,6,6.000,False,False,0
62,6,3,3,0,1,6,1.000,True,True,0
63,6,2,1,0,1,6,2.000,False,False,0
64,6,1,4,0,1,6,0.250,False,True,0
65,6,3,3,0,1,6,1.000,False,False,0
66,6,5,0,0,0,6,6.000,False,False,0
67,6,3,1,0,1,6,3.000,False,True,0
68,6,2,3,0,1,6,0.667,False,True,0
69,6,1,3,0,1,6,0.333,False,True,0
70,6,3,3,0,1,6,1.000,False,False,0
71,6,5,0,0,0,6,6.000,False,False,0
72,6,2,2,0,1,6,1.000,False,True,0
73,6,1,3,0,1,6,0.333,False,True,0
74,6,2,4,0,1,6,0.500,True,False,0
75,6,1,4,0,0,6,0.250,False,True,0
76,6,3,2,0,1,6,1.500,False,False,0
77,6,2,3,0,1,6,0.667,False,True,0
78,6,3,1,0,1,6,3.000,False,False,0
79,6,4,2,0,1,6,2.000,False,True,0
80,6,3,2,0,0,6,1.500,False,True,0
81,6,4,1,0,1,6,4.000,False,False,0
82,6,4,2,0,1,6,2.000,False,True,0
83,6,2,1,1,1,6,2.000,False,True,0
84,6,2,2,0,1,6,1.000,False,True,0
85,6,4,2,0,0,6,2.000,False,False,0
86,6,2,2,0,1,6,1.000,False,True,0
87,6,2,3,0,1,6,0.667,False,True,0
88,6,3,2,0,1,6,1.500,False,False,0
89,6,3,3,0,1,6,1.000,True,True,0
90,6,4,1,0,1,6,4.000,False,False,0
91,6,5,0,0,0,6,6.000,False,False,0
92,6,3,2,0,1,6,1.500,False,True,0
93,6,3,1,0,1,6,3.000,False,False,0
94,6,2,3,0,1,6,0.667,False,True,0
95,6,3,3,0,1,6,1.000,True,False,0
96,6,4,1,0,0,6,4.000,False,False,0
97,6,3,2,0,1,6,1.500,False,True,0
98,6,1,2,0,1,6,0.500,False,True,0
99,6,1,4,0,1,6,0.250,False,True,0
100,6,2,4,0,1,6,0.500,True,False,0
101,6,4,1,0,1,6,4.000,False,False,0
102,6,5,0,0,0,6,6.000,False,False,0
103,6,3,2,0,1,6,1.500,False,True,0
104,6,1,2,0,1,6,0.500,False,True,0
105,6,1,5,0,1,6,0.200,True,True,0
106,6,3,3,0,1,6,1.000,False,False,0
107,6,5,0,0,1,6,6.000,False,False,0
108,6,4,0,0,1,6,6.000,False,True,0
109,6,1,3,0,0,6,0.333,False,True,0
110,6,3,2,0,1,6,1.500,False,False,0
111,6,3,3,0,1,6,1.000,False,True,0
112,6,5,1,0,1,6,5.000,False,False,0
113,6,3,0,0,1,6,6.000,False,False,0
114,6,0,4,0,1,6,0.000,False,True,0
115,6,2,4,0,0,6,0.500,False,False,0
116,6,4,1,0,1,6,4.000,False,False,0
117,6,4,1,0,1,6,4.000,False,True,0
118,6,2,2,0,1,6,1.000,False,True,0
119,6,4,2,0,0,6,2.000,False,False,0
120,6,3,1,0,1,6,3.000,False,False,0
121,6,2,2,0,1,6,1.000,False,True,0
122,6,1,4,0,1,6,0.250,False,True,0
123,6,3,2,0,1,6,1.500,False,False,0
124,6,2,3,0,1,6,0.667,False,True,0
125,6,4,1,0,1,6,4.000,False,False,0
126,6,4,1,0,1,6,4.000,False,True,0
127,6,5,1,0,0,6,5.000,False,False,0
128,6,3,1,0,1,6,3.000,False,True,0
129,6,1,2,0,1,6,0.500,False,True,0
130,6,2,4,0,0,6,0.500,False,True,0
131,6,4,2,0,1,6,2.000,False,False,0
132,6,2,2,0,1,6,1.000,False,True,0
133,6,3,1,0,1,6,3.000,False,False,0
134,6,1,4,0,1,6,0.250,False,True,0
135,6,2,4,0,1,6,0.500,True,False,0
136,6,3,2,0,0,6,1.500,False,False,0
137,6,3,2,0,1,6,1.500,False,True,0
138,6,2,2,0,1,6,1.000,False,True,0
139,6,2,3,0,1,6,0.667,False,True,0
140,6,3,2,0,1,6,1.500,False,False,0
141,6,5,1,0,1,6,5.000,False,False,0
142,6,3,1,0,0,6,3.000,False,True,0
143,6,2,4,0,1,6,0.500,False,True,0
144,6,1,3,0,1,6,0.333,False,True,0
145,6,3,2,0,1,6,1.500,False,False,0
146,6,3,3,0,1,6,1.000,False,True,0
147,6,5,0,0,0,6,6.000,False,False,0
148,6,3,1,0,1,6,3.000,False,True,0
149,6,1,3,0,1,6,0.333,False,True,0
150,6,4,2,0,1,6,2.000,False,False,0
151,6,5,0,0,0,6,6.000,False,False,0
152,6,2,1,0,1,6,2.000,False,True,0
153,6,1,4,0,1,6,0.250,False,True,0
154,6,0,5,0,1,6,0.000,False,True,0
155,6,4,1,1,1,6,4.000,False,False,0
156,6,5,0,0,1,6,6.000,False,False,0
157,6,3,1,0,0,6,3.000,False,True,0
158,6,1,3,0,1,6,0.333,False,True,0
159,6,3,2,0,1,6,1.500,False,False,0
160,6,2,2,0,1,6,1.000,False,True,0
161,6,4,2,0,0,6,2.000,False,False,0
162,6,3,2,0,1,6,1.500,False,True,0
163,6,1,3,0,1,6,0.333,False,True,0
164,6,0,5,0,1,6,0.000,False,True,0
165,6,1,4,1,1,6,0.250,True,False,0
166,6,4,2,0,1,6,2.000,False,False,0
167,6,3,0,0,1,6,6.000,False,False,0
168,6,2,3,0,1,6,0.667,False,True,0
169,6,1,4,0,0,6,0.250,False,True,0
170,6,1,4,0,1,6,0.250,False,True,0
171,6,3,3,0,1,6,1.000,False,False,0
172,6,3,3,0,1,6,1.000,False,True,0
173,6,2,2,0,1,6,1.000,False,True,0
174,6,3,2,0,1,6,1.500,False,False,0
175,6,2,2,0,0,6,1.000,False,True,0
176,6,3,3,0,1,6,1.000,False,True,0
177,6,3,2,0,1,6,1.500,False,False,0
178,6,3,2,0,1,6,1.500,False,True,0
179,6,2,1,1,1,6,2.000,False,False,0
180,6,3,2,0,1,6,1.500,False,True,0
181,6,0,3,1,1,6,0.000,False,True,0
182,6,2,4,0,0,6,0.500,False,False,0
183,6,3,2,0,1,6,1.500,False,False,0
184,6,4,1,0,1,6,4.000,False,False,0
185,6,2,2,0,1,6,1.000,False,True,0
186,6,1,3,1,1,6,0.333,False,True,0
187,6,2,4,0,0,6,0.500,False,False,0
188,6,3,2,0,1,6,1.500,False,False,0
189,6,3,2,0,1,6,1.500,False,True,0
190,6,2,3,0,1,6,0.667,False,True,0
191,6,1,2,1,1,6,0.500,False,True,0
192,6,2,3,1,1,6,0.667,False,False,0
193,6,4,1,0,0,6,4.000,False,False,0
194,6,4,1,0,1,6,4.000,False,True,0
195,6,3,2,0,1,6,1.500,False,True,0
196,6,2,2,0,1,6,1.000,False,True,0
197,6,3,2,0,0,6,1.500,False,False,0
198,6,2,3,0,1,6,0.667,False,True,0
199,6,3,2,0,1,6,1.500,False,False,0
200,6,3,2,0,1,6,1.500,False,True,0
201,6,1,4,0,1,6,0.250,False,True,0
202,6,1,4,0,0,6,0.250,False,True,0
203,6,4,2,0,1,6,2.000,False,False,0
204,6,5,1,0,1,6,5.000,False,False,0
205,6,2,0,0,1,6,6.000,False,False,0
206,6,1,4,0,1,6,0.250,False,True,0
207,6,1,5,0,0,6,0.200,True,True,0
208,6,3,3,0,1,6,1.000,False,False,0
209,6,3,2,0,1,6,1.500,False,False,0
210,6,5,1,0,1,6,5.000,False,False,0
211,6,2,1,0,1,6,2.000,False,True,0
212,6,2,3,1,0,6,0.667,False,True,0
213,6,2,3,0,1,6,0.667,False,True,0
214,6,2,2,0,1,6,1.000,False,False,0
215,6,3,2,0,1,6,1.500,False,False,0
216,6,1,3,0,1,6,0.333,False,True,0
217,6,0,5,0,1,6,0.000,False,True,0
218,6,2,4,0,0,6,0.500,False,False,0
219,6,3,3,0,1,6,1.000,False,False,0
220,6,3,1,0,1,6,3.000,False,False,0
221,6,3,2,0,1,6,1.500,False,True,0
222,6,5,1,0,1,6,5.000,False,False,0
223,6,2,1,0,0,6,2.000,False,True,0
224,6,1,5,0,1,6,0.200,True,True,0
225,6,2,3,0,1,6,0.667,False,False,0
226,6,5,1,0,1,6,5.000,False,False,0
227,6,5,0,0,1,6,6.000,False,False,0
228,6,3,0,0,0,6,6.000,False,True,0
229,6,0,4,0,1,6,0.000,False,True,0
230,6,1,5,0,1,6,0.200,True,False,0
231,6,3,3,0,1,6,1.000,False,False,0
232,6,4,0,0,1,6,6.000,False,False,0
233,6,2,2,0,1,6,1.000,False,True,0
234,6,2,3,0,1,6,0.667,False,True,0
235,6,1,3,1,0,6,0.333,False,True,0
236,6,3,3,0,1,6,1.000,False,False,0
237,6,5,1,0,1,6,5.000,False,False,0
238,6,3,1,0,1,6,3.000,False,True,0
239,6,2,2,0,1,6,1.000,False,True,0
240,6,2,3,0,1,6,0.667,False,True,0
241,6,2,3,0,1,6,0.667,False,True,0
242,6,4,2,0,1,6,2.000,False,False,0
243,6,5,0,0,0,6,6.000,False,False,0
244,6,4,1,0,1,6,4.000,False,True,0
245,6,1,2,0,1,6,0.500,False,True,0
246,6,2,4,0,1,6,0.500,False,True,0
247,6,2,3,0,1,6,0.667,False,False,1
248,6,3,3,0,1,6,1.000,False,False,1
249,6,3,1,0,1,6,3.000,False,False,1
250,6,3,3,0,0,6,1.000,False,True,1
251,6,3,6,0,1,6,0.500,True,True,1
252,6,3,3,0,1,6,1.000,False,False,1
253,6,3,5,0,1,6,0.600,True,True,1
254,6,0,5,1,1,6,0.000,True,True,1
255,6,4,6,0,0,6,0.667,True,False,1
256,6,2,6,0,1,6,0.333,True,True,1
257,6,1,6,0,1,6,0.167,True,True,1
258,6,3,6,0,1,6,0.500,True,False,1
259,6,5,7,0,1,6,0.714,True,False,1
260,6,5,5,0,0,6,1.000,True,False,1
261,6,1,4,0,1,6,0.250,False,True,1
262,6,2,7,0,1,6,0.286,True,False,1
263,6,5,6,0,1,6,0.833,True,False,1
264,6,5,5,0,0,6,1.000,True,False,1
265,6,2,5,0,1,6,0.400,False,True,1
266,6,3,6,0,1,6,0.500,True,False,1
267,6,4,8,0,1,6,0.500,True,True,1
268,6,4,4,0,0,6,1.000,False,False,1
269,6,3,6,0,1,6,0.500,True,True,1
270,6,0,4,0,1,6,0.000,False,True,1
271,6,1,7,1,1,6,0.143,True,False,1
272,6,3,5,0,0,6,0.600,True,False,1
273,6,3,6,0,1,6,0.500,True,True,1
274,6,2,6,1,1,6,0.333,True,True,1
275,6,2,5,1,1,6,0.400,True,False,1
276,6,2,6,0,1,6,0.333,True,True,1
277,6,2,6,2,1,6,0.333,True,True,1
278,6,1,8,0,0,6,0.125,True,True,1
279,6,1,5,1,1,6,0.200,True,False,1
280,6,1,5,0,1,6,0.200,False,True,1
281,6,1,8,1,1,6,0.125,True,True,1
282,6,2,10,0,0,6,0.200,True,False,1
283,6,0,4,0,1,6,0.000,False,True,1
284,6,0,10,0,1,6,0.000,True,True,1
285,6,0,6,0,1,6,0.000,False,True,1
286,6,0,8,0,0,6,0.000,True,True,1
287,6,0,10,0,1,6,0.000,True,True,1
288,6,0,7,0,1,6,0.000,True,True,1
289,6,0,10,0,1,6,0.000,True,True,1
290,6,0,6,1,1,6,0.000,True,True,1
291,6,1,6,1,1,6,0.167,True,False,1
292,6,1,7,1,0,6,0.143,True,True,1
293,6,1,9,1,1,6,0.111,True,True,1
294,6,0,4,2,1,6,0.000,False,True,1
295,6,1,5,0,1,6,0.200,False,False,1
296,6,0,6,0,1,6,0.000,False,True,1
297,6,0,7,2,1,6,0.000,True,True,1
298,6,1,8,2,1,6,0.125,True,False,1
299,6,4,6,1,1,6,0.667,True,False,1
300,6,2,3,0,1,6,0.667,False,True,1
301,6,1,6,1,0,6,0.167,True,True,1
302,6,1,7,0,1,6,0.143,True,True,1
303,6,3,6,0,1,6,0.500,True,False,1
304,6,4,6,0,1,6,0.667,True,False,1
305,6,4,5,0,0,6,0.800,True,False,1
306,6,3,5,0,1,6,0.600,False,True,1
307,6,3,7,0,1,6,0.429,True,True,1
308,6,2,5,0,1,6,0.400,False,True,1
309,6,3,6,0,1,6,0.500,True,False,1
310,6,6,7,0,1,6,0.857,True,False,1
311,6,4,5,0,1,6,0.800,True,True,1
312,6,3,5,0,0,6,0.600,False,True,1
313,6,2,5,0,1,6,0.400,False,True,1
314,6,2,6,0,1,6,0.333,False,True,1
315,6,2,6,0,1,6,0.333,False,True,1
316,6,2,7,0,0,6,0.286,True,True,1
317,6,2,6,0,1,6,0.333,False,False,1
318,6,4,5,0,1,6,0.800,False,False,1
319,6,3,5,0,1,6,0.600,False,True,1
320,6,1,6,0,1,6,0.167,False,True,1
321,6,1,8,0,1,6,0.125,True,True,1
322,6,3,6,0,1,6,0.500,True,False,1
323,6,3,2,0,1,6,1.500,False,False,1
324,6,2,3,0,0,6,0.667,False,True,1
325,6,3,2,0,1,6,1.500,False,False,1
326,6,3,2,0,1,6,1.500,False,True,1
327,6,2,3,0,1,6,0.667,False,True,1
328,6,3,1,0,1,6,3.000,False,False,0
329,6,2,3,1,1,6,0.667,False,True,0
330,6,3,2,0,0,6,1.500,False,False,0
331,6,2,1,0,1,6,2.000,False,False,0
332,6,2,4,0,1,6,0.500,False,True,0
333,6,2,3,0,1,6,0.667,False,False,0
334,6,4,1,0,1,6,4.000,False,False,0
335,6,3,2,0,1,6,1.500,False,True,0
336,6,3,1,0,1,6,3.000,False,False,0
337,6,1,3,0,0,6,0.333,False,True,0
338,6,0,6,0,1,6,0.000,False,True,0
339,6,5,1,0,1,6,5.000,False,False,0
340,6,4,0,0,0,6,6.000,False,False,0
341,6,4,2,0,1,6,2.000,False,True,0
342,6,5,0,0,1,6,6.000,False,False,0
343,6,3,0,0,1,6,6.000,False,True,0
344,6,2,4,0,1,6,0.500,False,True,0
345,6,4,1,0,1,6,4.000,False,False,0
346,6,3,2,0,0,6,1.500,False,True,0
347,6,4,1,0,1,6,4.000,False,False,0
348,6,2,2,0,1,6,1.000,False,True,0
349,6,3,3,0,1,6,1.000,False,True,0
350,6,5,0,0,1,6,6.000,False,False,0
351,6,1,1,1,1,6,1.000,False,True,0
352,6,2,3,1,0,6,0.667,False,True,0
353,6,1,3,0,1,6,0.333,False,True,0
354,6,3,3,0,1,6,1.000,False,False,0
355,6,4,1,0,1,6,4.000,False,False,0
356,6,3,3,0,1,6,1.000,False,True,0
357,6,3,1,0,1,6,3.000,False,False,0
358,6,3,2,0,0,6,1.500,False,True,0
359,6,2,2,0,1,6,1.000,False,True,0
360,6,1,4,0,1,6,0.250,False,True,0
361,6,1,4,0,1,6,0.250,False,True,0
362,6,0,5,0,1,6,0.000,False,True,0
363,6,4,2,0,0,6,2.000,False,False,0
364,6,3,2,0,1,6,1.500,False,True,0
365,6,3,3,0,1,6,1.000,False,True,0
366,6,1,2,0,1,6,0.500,False,True,0
367,6,0,4,1,1,6,0.000,False,True,0
368,6,2,4,0,0,6,0.500,False,False,0
369,6,5,1,0,1,6,5.000,False,False,0
370,6,4,0,0,1,6,6.000,False,False,0
371,6,1,2,0,1,6,0.500,False,True,0
372,6,0,5,0,1,6,0.000,False,True,0
373,6,1,4,1,1,6,0.250,False,False,0
374,6,4,2,0,0,6,2.000,False,False,0
375,6,6,0,0,1,6,6.000,False,False,0
376,6,5,0,0,1,6,6.000,False,True,0
377,6,3,0,0,1,6,6.000,False,True,0
378,6,1,3,0,1,6,0.333,False,True,0
379,6,2,3,0,0,6,0.667,False,False,0
380,6,3,3,0,1,6,1.000,False,False,0
381,6,4,1,1,1,6,4.000,False,False,0
382,6,3,0,0,0,6,6.000,False,False,0
383,6,3,3,0,1,6,1.000,False,True,0
384,6,3,2,0,1,6,1.500,False,False,0
385,6,3,2,0,1,6,1.500,False,True,0
386,6,2,2,0,1,6,1.000,False,True,0
387,6,4,1,0,0,6,4.000,False,False,0
388,6,2,3,0,1,6,0.667,False,True,0
389,6,4,1,0,1,6,4.000,False,False,0
390,6,3,2,0,1,6,1.500,False,True,0
391,6,5,0,0,1,6,6.000,False,False,0
392,6,1,1,1,1,6,1.000,False,True,0
393,6,3,2,0,1,6,1.500,False,False,0
394,6,2,3,0,0,6,0.667,False,True,0
395,6,3,2,0,1,6,1.500,False,False,0
396,6,3,3,0,1,6,1.000,False,True,0
397,6,3,1,0,1,6,3.000,False,False,0
398,6,3,3,0,1,6,1.000,False,True,0
399,6,3,0,0,1,6,6.000,False,False,0
400,6,2,4,0,0,6,0.500,False,True,0
401,6,0,4,0,1,6,0.000,False,True,0
402,6,3,3,0,1,6,1.000,False,False,0
403,6,5,0,0,0,6,6.000,False,False,0
404,6,4,1,0,1,6,4.000,False,True,0
405,6,3,1,0,1,6,3.000,False,True,0
406,6,1,3,0,1,6,0.333,False,True,0
407,6,2,3,0,1,6,0.667,False,False,0
408,6,2,4,0,0,6,0.500,False,True,0
409,6,4,1,0,1,6,4.000,False,False,0
410,6,2,2,0,1,6,1.000,False,True,0
411,6,0,4,0,1,6,0.000,False,True,0
412,6,2,4,0,1,6,0.500,False,False,0
413,6,2,1,1,1,6,2.000,False,False,0
414,6,4,2,0,0,6,2.000,False,True,0
415,6,3,3,0,1,6,1.000,False,True,0
416,6,1,2,0,1,6,0.500,False,True,0
417,6,1,5,0,1,6,0.200,False,True,0
418,6,4,1,0,1,6,4.000,False,False,0
419,6,2,1,1,0,6,2.000,False,True,0
420,6,3,3,0,1,6,1.000,False,True,0
421,6,2,2,0,1,6,1.000,False,True,0
422,6,2,3,0,1,6,0.667,False,True,0
423,6,0,4,0,1,6,0.000,False,True,0
424,6,1,4,1,1,6,0.250,False,False,0
425,6,4,1,1,0,6,4.000,False,False,0
426,6,5,1,0,1,6,5.000,False,False,0
427,6,1,0,0,1,6,6.000,False,False,0
428,6,1,5,0,1,6,0.200,False,True,0
429,6,2,3,0,1,6,0.667,False,False,0
430,6,6,0,0,1,6,6.000,False,False,0
431,6,4,0,0,1,6,6.000,False,True,0
432,6,2,2,0,1,6,1.000,False,True,0
433,6,4,2,0,1,6,2.000,False,False,0
434,6,4,0,0,0,6,6.000,False,False,0
435,6,2,2,0,1,6,1.000,False,True,0
436,6,2,4,0,1,6,0.500,False,True,0
437,6,3,1,0,1,6,3.000,False,False,0
438,6,3,2,0,0,6,1.500,False,True,0
439,6,3,2,0,1,6,1.500,False,True,0
440,6,2,2,0,1,6,1.000,False,True,0
441,6,1,3,0,1,6,0.333,False,True,0
442,6,0,5,0,1,6,0.000,False,True,0
443,6,4,2,0,1,6,2.000,False,False,0
444,6,4,1,1,0,6,4.000,False,False,0
445,6,4,0,0,1,6,6.000,False,False,0
446,6,2,2,0,1,6,1.000,False,True,0
447,6,0,4,0,1,6,0.000,False,True,0
448,6,2,4,0,1,6,0.500,False,False,0
449,6,4,2,0,1,6,2.000,False,False,0
450,6,5,0,0,0,6,6.000,False,False,0
451,6,4,1,0,1,6,4.000,False,True,0
452,6,3,1,0,1,6,3.000,False,True,0
453,6,3,2,0,1,6,1.500,False,True,0
454,6,2,2,0,1,6,1.000,False,True,0
455,6,3,3,0,1,6,1.000,False,True,0
456,6,2,2,0,1,6,1.000,False,True,0
457,6,3,2,0,0,6,1.500,False,False,0
458,6,1,4,0,1,6,0.250,False,True,0
459,6,2,3,0,1,6,0.667,False,False,0
460,6,2,4,0,1,6,0.500,False,True,0
461,6,3,2,0,1,6,1.500,False,False,0
462,6,4,0,0,1,6,6.000,False,False,0
463,6,4,2,0,0,6,2.000,False,True,0
464,6,2,2,0,1,6,1.000,False,True,0
465,6,2,3,0,1,6,0.667,False,True,0
466,6,4,2,0,1,6,2.000,False,False,0
467,6,2,2,0,1,6,1.000,False,True,0
468,6,2,4,0,0,6,0.500,False,True,0
469,6,3,2,0,1,6,1.500,False,False,0
470,6,3,2,0,1,6,1.500,False,True,0
471,6,4,1,0,1,6,4.000,False,False,0
472,6,2,2,0,1,6,1.000,False,True,0
473,6,2,3,0,1,6,0.667,False,True,0
474,6,3,2,1,0,6,1.500,False,False,0
475,6,0,3,0,1,6,0.000,False,True,0
476,6,2,4,0,1,6,0.500,False,False,0
477,6,4,2,0,1,6,2.000,False,False,0
478,6,3,2,0,1,6,1.500,False,True,0
479,6,2,1,1,0,6,2.000,False,False,0
480,6,4,2,0,1,6,2.000,False,True,0
481,6,3,0,0,1,6,6.000,False,False,0
482,6,3,2,0,1,6,1.500,False,True,0
483,6,2,3,0,0,6,0.667,False,True,0
484,6,3,3,0,1,6,1.000,False,False,0
485,6,2,1,0,1,6,2.000,False,False,0
486,6,1,4,0,1,6,0.250,False,True,0
487,6,3,2,0,1,6,1.500,False,False,0
488,6,4,1,1,1,6,4.000,False,False,0
489,6,6,0,0,1,6,6.000,False,False,0
490,6,3,0,0,0,6,6.000,False,True,0
491,6,1,3,0,1,6,0.333,False,True,0
492,6,2,4,0,1,6,0.500,False,False,0
493,6,4,1,0,1,6,4.000,False,False,0
494,6,5,0,0,1,6,6.000,False,False,0
495,6,2,2,0,1,6,1.000,False,True,0
496,6,2,3,0,1,6,0.667,False,True,0
497,6,1,3,0,0,6,0.333,False,True,0
498,6,0,5,0,1,6,0.000,False,True,0
499,6,1,5,0,1,6,0.200,False,False,0
500,6,6,0,0,1,6,6.000,False,False,0
501,6,3,0,0,0,6,6.000,False,True,0
502,6,1,3,0,1,6,0.333,False,True,0
503,6,0,4,1,1,6,0.000,False,True,0
504,6,2,3,1,1,6,0.667,False,False,0
505,6,5,0,0,1,6,6.000,False,False,0
506,6,2,2,0,1,6,1.000,False,True,0
507,6,2,2,0,0,6,1.000,False,True,0
508,6,0,5,0,1,6,0.000,False,True,0
509,6,3,3,0,1,6,1.000,False,False,0
510,6,1,3,0,1,6,0.333,False,True,0
511,6,4,2,0,1,6,2.000,False,False,0
512,6,2,2,0,1,6,1.000,False,True,0
513,6,2,4,0,1,6,0.500,False,True,0
514,6,2,3,0,0,6,0.667,False,False,0
515,6,3,2,0,1,6,1.500,False,False,0
516,6,1,3,0,1,6,0.333,False,True,0
517,6,3,2,0,1,6,1.500,False,False,0
518,6,3,3,0,0,6,1.000,False,True,0
519,6,3,2,0,1,6,1.500,False,False,0
520,6,3,2,0,1,6,1.500,False,True,0
521,6,2,2,0,1,6,1.000,False,True,0
522,6,1,4,0,1,6,0.250,False,True,0
523,6,3,3,0,1,6,1.000,False,False,0
524,6,4,0,0,1,6,6.000,False,False,0
525,6,4,2,0,1,6,2.000,False,True,0
526,6,0,2,0,0,6,0.000,False,True,0
527,6,2,4,0,1,6,0.500,False,False,0
528,6,3,3,0,1,6,1.000,False,False,0
529,6,2,2,0,1,6,1.000,False,True,0
530,6,4,2,0,1,6,2.000,False,False,0
531,6,4,1,0,1,6,4.000,False,False,0
532,6,4,0,0,0,6,6.000,False,False,0
533,6,2,3,0,1,6,0.667,False,True,0
534,6,1,3,0,1,6,0.333,False,True,0
535,6,1,4,1,1,6,0.250,False,True,0
536,6,2,3,0,1,6,0.667,False,False,0
537,6,5,0,0,0,6,6.000,False,False,0
538,6,4,2,0,1,6,2.000,False,True,0
539,6,3,1,0,1,6,3.000,False,False,0
540,6,2,2,0,1,6,1.000,False,True,0
541,6,3,3,0,1,6,1.000,False,True,0
542,6,2,2,0,1,6,1.000,False,True,0
543,6,2,3,0,0,6,0.667,False,True,0
544,6,2,3,0,1,6,0.667,False,True,0
545,6,3,3,0,1,6,1.000,False,False,0
546,6,5,1,0,1,6,5.000,False,False,0
547,6,4,0,0,1,6,6.000,False,False,0
548,6,1,1,1,1,6,1.000,False,True,0
549,6,1,4,0,1,6,0.250,False,True,0
550,6,1,4,0,0,6,0.250,False,True,0
551,6,3,3,0,1,6,1.000,False,False,0
552,6,4,1,0,1,6,4.000,False,False,0
553,6,2,1,0,1,6,2.000,False,True,0
554,6,1,4,0,1,6,0.250,False,True,0
555,6,2,3,0,1,6,0.667,False,False,0
556,6,5,1,0,1,6,5.000,False,False,0
557,6,3,0,0,0,6,6.000,False,False,0
558,6,1,3,0,1,6,0.333,False,True,0
559,6,2,4,0,1,6,0.500,False,False,0
560,6,3,3,0,1,6,1.000,False,False,0
561,6,4,0,0,1,6,6.000,False,False,0
562,6,2,2,0,1,6,1.000,False,True,0
563,6,1,4,0,0,6,0.250,False,True,0
564,6,1,5,0,1,6,0.200,False,True,0
565,6,3,2,0,1,6,1.500,False,False,0
566,6,3,3,0,1,6,1.000,False,True,0
567,6,4,2,0,1,6,2.000,False,False,0
568,6,3,0,0,1,6,6.000,False,False,0
569,6,3,2,0,0,6,1.500,False,True,0
570,6,2,4,0,1,6,0.500,False,True,0
571,6,2,2,0,1,6,1.000,False,False,0
572,6,2,3,0,1,6,0.667,False,True,0
573,6,3,3,0,1,6,1.000,False,False,0
574,6,2,2,0,0,6,1.000,False,True,0
575,6,2,3,0,1,6,0.667,False,True,0
576,6,2,3,0,1,6,0.667,False,True,0
577,6,5,0,0,1,6,6.000,False,False,0
578,6,4,1,1,0,6,4.000,False,True,0
579,6,2,1,0,1,6,2.000,False,True,0
580,6,2,3,0,1,6,0.667,False,True,1
581,6,3,3,0,1,6,1.000,False,False,1
582,6,4,2,0,1,6,2.000,False,False,1
583,6,4,0,0,1,6,6.000,False,False,1
584,6,2,4,1,0,6,0.500,False,True,1
585,6,2,6,0,1,6,0.333,True,True,1
586,6,3,4,0,1,6,0.750,False,False,1
587,6,4,5,0,1,6,0.800,True,False,1
588,6,1,5,0,1,6,0.200,False,True,1
589,6,2,5,0,0,6,0.400,False,False,1
590,6,1,7,0,1,6,0.143,True,True,1
591,6,1,6,0,1,6,0.167,True,True,1
592,6,4,6,0,1,6,0.667,True,False,1
593,6,3,7,0,1,6,0.429,True,True,1
594,6,3,5,0,1,6,0.600,True,False,1
595,6,2,5,0,0,6,0.400,False,True,1
596,6,2,7,0,1,6,0.286,True,True,1
597,6,5,6,0,1,6,0.833,True,False,1
598,6,5,5,0,0,6,1.000,True,False,1
599,6,4,7,0,1,6,0.571,True,True,1
600,6,2,5,0,1,6,0.400,False,True,1
601,6,5,7,0,1,6,0.714,True,False,1
602,6,3,4,0,0,6,0.750,False,False,1
603,6,2,6,0,1,6,0.333,True,True,1
604,6,1,5,0,1,6,0.200,False,True,1
605,6,2,7,0,1,6,0.286,True,False,1
606,6,2,6,0,1,6,0.333,True,False,1
607,6,4,6,0,1,6,0.667,True,False,1
608,6,4,5,0,1,6,0.800,True,False,1
609,6,3,6,1,0,6,0.500,True,True,1
610,6,1,5,1,1,6,0.200,True,True,1
611,6,0,6,2,1,6,0.000,True,True,1
612,6,3,7,0,1,6,0.429,True,False,1
613,6,2,6,0,0,6,0.333,True,True,1
614,6,0,6,1,1,6,0.000,True,True,1
615,6,0,7,0,1,6,0.000,True,True,1
616,6,0,7,0,1,6,0.000,True,True,1
617,6,0,10,0,0,6,0.000,True,True,1
618,6,0,10,0,1,6,0.000,True,True,1
619,6,0,9,0,1,6,0.000,True,True,1
620,6,0,5,0,1,6,0.000,False,True,1
621,6,0,10,0,1,6,0.000,True,True,1
622,6,0,10,0,0,6,0.000,True,True,1
623,6,0,9,1,1,6,0.000,True,True,1
624,6,1,6,1,1,6,0.167,True,False,1
625,6,0,7,1,1,6,0.000,True,True,1
626,6,1,6,1,0,6,0.167,True,False,1
627,6,1,8,1,1,6,0.125,True,True,1
628,6,2,8,1,1,6,0.250,True,False,1
629,6,2,5,2,1,6,0.400,True,False,1
630,6,1,4,1,0,6,0.250,False,True,1
631,6,1,6,0,1,6,0.167,True,True,1
632,6,2,8,0,1,6,0.250,True,False,1
633,6,4,7,0,1,6,0.571,True,False,1
634,6,3,4,0,0,6,0.750,False,False,1
635,6,3,6,0,1,6,0.500,True,True,1
636,6,2,5,0,1,6,0.400,False,True,1
637,6,2,7,0,1,6,0.286,True,True,1
638,6,2,8,0,1,6,0.250,True,True,1
639,6,3,6,0,0,6,0.500,True,False,1
640,6,4,6,0,1,6,0.667,True,False,1
641,6,3,5,0,1,6,0.600,True,True,1
642,6,4,6,0,1,6,0.667,True,False,1
643,6,2,7,0,1,6,0.286,True,True,1
644,6,1,5,0,0,6,0.200,False,True,1
645,6,2,7,0,1,6,0.286,True,False,1
646,6,2,6,0,1,6,0.333,True,False,1
647,6,3,6,0,1,6,0.500,True,False,1
648,6,3,8,0,1,6,0.375,True,True,1
649,6,5,5,0,0,6,1.000,True,False,1
650,6,1,4,0,1,6,0.250,False,True,1
651,6,1,6,0,1,6,0.167,True,True,1
652,6,1,7,1,1,6,0.143,True,True,1
653,6,6,4,0,0,6,1.500,True,False,1
654,6,5,3,0,1,6,1.667,False,False,1
655,6,1,2,0,1,6,0.500,False,True,1
656,6,0,6,0,1,6,0.000,False,True,1
657,6,1,6,0,1,6,0.167,True,False,1
658,6,3,3,0,0,6,1.000,False,False,1
659,6,3,1,0,1,6,3.000,False,False,1
660,6,2,2,0,1,6,1.000,False,True,0
661,6,2,4,0,1,6,0.500,False,True,0
662,6,5,0,0,1,6,6.000,False,False,0
663,6,5,0,0,1,6,6.000,False,True,0
664,6,0,2,0,1,6,0.000,False,True,0
665,6,1,5,0,1,6,0.200,False,False,0
666,6,4,2,0,0,6,2.000,False,False,0
667,6,3,3,0,1,6,1.000,False,True,0
668,6,2,1,0,1,6,2.000,False,False,0
669,6,1,3,1,1,6,0.333,False,True,0
670,6,2,3,1,1,6,0.667,False,False,0
671,6,3,1,0,1,6,3.000,False,False,0
672,6,3,2,0,0,6,1.500,False,True,0
673,6,4,2,0,1,6,2.000,False,False,0
674,6,2,1,0,1,6,2.000,False,True,0
675,6,3,2,0,1,6,1.500,False,True,0
676,6,6,0,0,1,6,6.000,False,False,0
677,6,3,0,0,1,6,6.000,False,True,0
678,6,2,3,0,0,6,0.667,False,True,0
679,6,1,4,0,1,6,0.250,False,True,0
680,6,5,0,0,1,6,6.000,False,False,0
681,6,4,2,0,1,6,2.000,False,True,0
682,6,1,2,0,1,6,0.500,False,True,0
683,6,3,3,0,0,6,1.000,False,False,0
684,6,2,2,0,1,6,1.000,False,True,0
685,6,3,3,0,1,6,1.000,False,True,0
686,6,3,2,0,1,6,1.500,False,False,0
687,6,2,1,0,1,6,2.000,False,False,0
688,6,3,3,0,1,6,1.000,False,True,0
689,6,6,0,0,1,6,6.000,False,False,0
690,6,4,0,0,0,6,6.000,False,True,0
691,6,2,2,0,1,6,1.000,False,True,0
692,6,1,3,0,1,6,0.333,False,True,0
693,6,1,4,0,1,6,0.250,False,True,0
694,6,5,1,0,1,6,5.000,False,False,0
695,6,3,0,0,0,6,6.000,False,False,0
696,6,2,3,0,1,6,0.667,False,True,0
697,6,1,3,1,1,6,0.333,False,True,0
698,6,1,5,0,1,6,0.200,False,True,0
699,6,2,3,0,1,6,0.667,False,False,0
700,6,6,0,0,1,6,6.000,False,False,0
701,6,3,0,0,0,6,6.000,False,True,0
702,6,2,3,0,1,6,0.667,False,True,0
703,6,3,2,0,1,6,1.500,False,False,0
704,6,3,1,0,1,6,3.000,False,False,0
705,6,2,3,0,0,6,0.667,False,True,0
706,6,3,2,0,1,6,1.500,False,False,0
707,6,2,2,0,1,6,1.000,False,True,0
708,6,3,3,0,1,6,1.000,False,True,0
709,6,3,3,0,1,6,1.000,False,True,0
710,6,4,0,0,1,6,6.000,False,False,0
711,6,2,1,1,0,6,2.000,False,True,0
712,6,2,3,0,1,6,0.667,False,True,0
713,6,0,4,0,1,6,0.000,False,True,0
714,6,1,5,0,1,6,0.200,False,False,0
715,6,3,3,0,1,6,1.000,False,False,0
716,6,5,0,0,1,6,6.000,False,False,0
717,6,6,0,0,0,6,6.000,False,True,0
718,6,0,1,0,1,6,0.000,False,True,0
719,6,0,6,0,1,6,0.000,False,True,0
720,6,0,6,0,1,6,0.000,False,True,0
721,6,2,3,1,1,6,0.667,False,False,0
722,6,5,1,0,1,6,5.000,False,False,0
723,6,5,0,0,0,6,6.000,False,False,0
724,6,3,1,0,1,6,3.000,False,True,0
725,6,1,3,0,1,6,0.333,False,True,0
726,6,3,3,0,1,6,1.000,False,False,0
727,6,2,2,0,1,6,1.000,False,True,0
728,6,2,3,0,1,6,0.667,False,True,0
729,6,0,4,0,0,6,0.000,False,True,0
730,6,2,4,0,1,6,0.500,False,False,0
731,6,3,2,0,1,6,1.500,False,False,0
732,6,4,0,0,1,6,6.000,False,False,0
733,6,3,2,0,1,6,1.500,False,True,0
734,6,0,3,1,0,6,0.000,False,True,0
735,6,3,3,0,1,6,1.000,False,False,0
736,6,3,2,0,1,6,1.500,False,False,0
737,6,4,1,0,1,6,4.000,False,False,0
738,6,3,1,0,1,6,3.000,False,True,0
739,6,2,4,0,1,6,0.500,False,True,0
740,6,1,3,0,0,6,0.333,False,True,0
741,6,3,3,0,1,6,1.000,False,False,0
742,6,4,1,0,1,6,4.000,False,False,0
743,6,4,1,0,1,6,4.000,False,True,0
744,6,1,1,0,1,6,1.000,False,True,0
745,6,2,3,1,1,6,0.667,False,True,0
746,6,3,2,1,0,6,1.500,False,False,0
747,6,5,1,0,1,6,5.000,False,False,0
748,6,3,0,0,1,6,6.000,False,False,0
749,6,3,2,0,1,6,1.500,False,True,0
750,6,2,3,0,0,6,0.667,False,True,0
751,6,2,4,0,1,6,0.500,False,True,0
752,6,4,1,0,1,6,4.000,False,False,0
753,6,1,1,0,1,6,1.000,False,True,0
754,6,1,4,1,1,6,0.250,False,True,0
755,6,1,3,1,1,6,0.333,False,False,0
756,6,2,3,1,0,6,0.667,False,False,0
757,6,5,1,0,1,6,5.000,False,False,0
758,6,3,1,0,1,6,3.000,False,True,0
759,6,1,3,0,1,6,0.333,False,True,0
760,6,2,2,1,1,6,1.000,False,False,0
761,6,4,2,0,1,6,2.000,False,False,0
762,6,5,0,0,0,6,6.000,False,False,0
763,6,2,1,0,1,6,2.000,False,True,0
764,6,0,4,0,1,6,0.000,False,True,0
765,6,2,3,1,1,6,0.667,False,False,0
766,6,3,1,1,1,6,3.000,False,False,0
767,6,3,1,0,0,6,3.000,False,True,0
768,6,1,3,0,1,6,0.333,False,True,0
769,6,0,5,0,1,6,0.000,False,True,0
770,6,2,4,0,1,6,0.500,False,False,0
771,6,6,0,0,1,6,6.000,False,False,0
772,6,5,0,0,1,6,6.000,False,True,0
773,6,4,0,0,1,6,6.000,False,True,0
774,6,1,2,0,0,6,0.500,False,True,0
775,6,0,6,0,1,6,0.000,False,True,0
776,6,2,4,0,1,6,0.500,False,False,0
777,6,2,3,0,1,6,0.667,False,False,0
778,6,1,3,0,1,6,0.333,False,True,0
779,6,4,2,0,1,6,2.000,False,False,0
780,6,1,2,0,0,6,0.500,False,True,0
781,6,2,4,0,1,6,0.500,False,True,0
782,6,5,1,0,1,6,5.000,False,False,0
783,6,3,1,0,1,6,3.000,False,True,0
784,6,3,2,0,1,6,1.500,False,True,0
785,6,2,3,0,1,6,0.667,False,True,0
786,6,1,3,1,1,6,0.333,False,True,0
787,6,2,3,0,0,6,0.667,False,False,0
788,6,4,2,0,1,6,2.000,False,False,0
789,6,4,1,0,1,6,4.000,False,False,0
790,6,2,1,0,1,6,2.000,False,True,0
791,6,2,4,0,1,6,0.500,False,True,0
792,6,2,3,0,0,6,0.667,False,False,0
793,6,4,2,0,1,6,2.000,False,False,0
794,6,3,1,0,1,6,3.000,False,False,0
795,6,1,2,0,1,6,0.500,False,True,0
796,6,3,3,0,1,6,1.000,False,False,0
797,6,2,3,0,1,6,0.667,False,True,0
798,6,5,0,0,0,6,6.000,False,False,0
799,6,2,2,0,1,6,1.000,False,True,0
800,6,0,4,0,1,6,0.000,False,True,0
801,6,2,4,0,1,6,0.500,False,False,0
802,6,3,3,0,1,6,1.000,False,False,0
803,6,5,0,0,1,6,6.000,False,False,0
804,6,3,0,0,1,6,6.000,False,True,0
805,6,0,3,1,0,6,0.000,False,True,0
806,6,2,4,0,1,6,0.500,False,False,0
807,6,4,2,0,1,6,2.000,False,False,0
808,6,4,0,0,1,6,6.000,False,False,0
809,6,0,1,1,1,6,0.000,False,True,0
810,6,0,6,0,0,6,0.000,True,True,0
811,6,2,4,0,1,6,0.500,False,False,0
812,6,4,2,0,1,6,2.000,False,False,0
813,6,3,1,1,1,6,3.000,False,False,0
814,6,4,0,0,1,6,6.000,False,False,0
815,6,3,2,0,0,6,1.500,False,True,0
816,6,2,2,0,1,6,1.000,False,True,0
817,6,3,3,0,1,6,1.000,False,True,0
818,6,2,1,0,1,6,2.000,False,False,0
819,6,0,3,1,1,6,0.000,False,True,0
820,6,2,4,0,0,6,0.500,False,False,0
821,6,3,3,0,1,6,1.000,False,False,0
822,6,2,2,0,1,6,1.000,False,True,0
823,6,2,2,0,1,6,1.000,False,True,0
824,6,0,3,1,1,6,0.000,False,True,0
825,6,1,5,0,0,6,0.200,False,False,0
826,6,3,3,0,1,6,1.000,False,False,0
827,6,5,1,0,1,6,5.000,False,False,0
828,6,3,0,0,1,6,6.000,False,False,0
829,6,1,3,0,0,6,0.333,False,True,0
830,6,2,4,0,1,6,0.500,False,False,0
831,6,2,3,0,1,6,0.667,False,False,0
832,6,3,3,0,1,6,1.000,False,False,0
833,6,1,2,0,1,6,0.500,False,True,0
834,6,1,5,0,0,6,0.200,False,True,0
835,6,4,2,0,1,6,2.000,False,False,0
836,6,4,1,0,1,6,4.000,False,False,0
837,6,4,0,0,1,6,6.000,False,False,0
838,6,4,2,0,1,6,2.000,False,True,0
839,6,4,1,0,0,6,4.000,False,False,0
840,6,2,2,0,1,6,1.000,False,True,0
841,6,0,4,0,1,6,0.000,False,True,0
842,6,1,5,0,1,6,0.200,False,False,0
843,6,4,2,0,1,6,2.000,False,False,0
844,6,3,2,0,1,6,1.500,False,True,0
845,6,3,2,0,0,6,1.500,False,True,0
846,6,2,3,0,1,6,0.667,False,True,0
847,6,4,1,0,1,6,4.000,False,False,0
848,6,4,1,0,1,6,4.000,False,True,0
849,6,5,0,0,1,6,6.000,False,False,0
850,6,3,1,1,1,6,3.000,False,True,0
851,6,2,1,0,0,6,2.000,False,True,0
852,6,0,5,0,1,6,0.000,False,True,0
853,6,3,3,0,1,6,1.000,False,False,0
854,6,6,0,0,1,6,6.000,False,False,0
855,6,6,0,0,0,6,6.000,False,True,0
856,6,2,0,0,1,6,6.000,False,True,0
857,6,1,4,0,1,6,0.250,False,True,0
858,6,1,4,0,1,6,0.250,False,True,0
859,6,3,1,0,1,6,3.000,False,False,0
860,6,4,2,0,0,6,2.000,False,True,0
861,6,2,2,0,1,6,1.000,False,True,0
862,6,1,3,0,1,6,0.333,False,True,0
863,6,3,3,0,1,6,1.000,False,False,0
864,6,4,2,0,1,6,2.000,False,False,0
865,6,5,0,0,1,6,6.000,False,False,0
866,6,3,0,0,0,6,6.000,False,True,0
867,6,2,3,0,1,6,0.667,False,True,0
868,6,1,4,0,1,6,0.250,False,True,0
869,6,2,4,0,1,6,0.500,False,False,0
870,6,6,0,0,1,6,6.000,False,False,0
871,6,3,1,0,1,6,3.000,False,True,0
872,6,2,2,0,1,6,1.000,False,True,0
873,6,0,3,1,0,6,0.000,False,True,0
874,6,1,5,0,1,6,0.200,False,False,0
875,6,5,1,0,1,6,5.000,False,False,0
876,6,5,0,0,1,6,6.000,False,False,0
877,6,5,0,0,1,6,6.000,False,True,0
878,6,1,2,0,0,6,0.500,False,True,0
879,6,1,4,0,1,6,0.250,False,True,0
880,6,2,4,0,1,6,0.500,False,False,0
881,6,3,2,0,1,6,1.500,False,False,0
882,6,5,0,0,1,6,6.000,False,False,0
883,6,5,0,0,1,6,6.000,False,True,0
884,6,1,1,1,0,6,1.000,False,True,0
885,6,1,4,0,1,6,0.250,False,True,0
886,6,1,5,0,1,6,0.200,False,True,0
887,6,2,3,0,1,6,0.667,False,False,0
888,6,6,0,0,0,6,6.000,False,False,0
889,6,3,0,0,1,6,6.000,False,True,0
890,6,3,3,0,1,6,1.000,False,True,0
891,6,4,2,0,1,6,2.000,False,False,0
892,6,3,0,0,1,6,6.000,False,False,0
893,6,1,4,0,1,6,0.250,False,True,0
894,6,2,3,1,0,6,0.667,False,False,0
895,6,3,2,0,1,6,1.500,False,False,0
896,6,4,1,0,1,6,4.000,False,False,0
897,6,4,1,0,1,6,4.000,False,True,0
898,6,1,2,0,1,6,0.500,False,True,0
899,6,1,5,0,0,6,0.200,False,True,0
900,6,1,4,0,1,6,0.250,False,False,0
901,6,4,2,0,1,6,2.000,False,False,0
902,6,3,2,0,1,6,1.500,False,True,0
903,6,3,2,0,1,6,1.500,False,True,0
904,6,4,0,0,1,6,6.000,False,False,0
905,6,2,2,0,0,6,1.000,False,True,0
906,6,3,3,0,1,6,1.000,False,True,0
907,6,2,3,0,1,6,0.667,False,True,0
908,6,4,0,0,1,6,6.000,False,False,0
909,6,3,3,0,0,6,1.000,False,True,0
910,6,1,2,0,1,6,0.500,False,True,0
911,6,2,4,0,1,6,0.500,False,True,0
912,6,2,3,0,1,6,0.667,False,False,0
913,6,3,1,0,1,6,3.000,False,False,0
914,6,4,2,0,1,6,2.000,False,True,0
915,6,2,2,0,1,6,1.000,False,True,0
916,6,3,2,0,0,6,1.500,False,False,0
917,6,2,4,0,1,6,0.500,False,True,0
918,6,2,3,0,1,6,0.667,False,False,0
919,6,2,2,0,1,6,1.000,False,False,0
920,6,0,4,1,1,6,0.000,False,True,0
921,6,4,2,0,1,6,2.000,False,False,0
922,6,6,0,0,0,6,6.000,False,False,0
923,6,3,1,0,1,6,3.000,False,True,0
924,6,2,2,0,1,6,1.000,False,True,0
925,6,0,4,1,0,6,0.000,False,True,0
926,6,3,3,0,1,6,1.000,False,False,0
927,6,3,3,0,1,6,1.000,False,True,0
928,6,3,2,0,1,6,1.500,False,False,0
929,6,3,2,0,1,6,1.500,False,True,0
930,6,4,0,0,1,6,6.000,False,False,0
931,6,2,2,0,0,6,1.000,False,True,0
932,6,2,4,0,1,6,0.500,False,True,0
933,6,3,2,0,1,6,1.500,False,False,0
934,6,3,2,0,1,6,1.500,False,True,0
935,6,3,2,0,1,6,1.500,False,True,0
936,6,1,4,0,1,6,0.250,False,True,0
937,6,3,2,0,1,6,1.500,False,False,0
938,6,3,2,0,0,6,1.500,False,True,0
939,6,4,1,0,1,6,4.000,False,False,0
940,6,4,1,0,1,6,4.000,False,True,0
941,6,3,1,0,1,6,3.000,False,True,0
942,6,2,3,0,0,6,0.667,False,True,0
943,6,4,2,0,1,6,2.000,False,False,0
944,6,6,0,0,1,6,6.000,False,False,0
945,6,3,0,0,0,6,6.000,False,True,0
946,6,2,3,0,1,6,0.667,False,True,0
947,6,2,2,0,1,6,1.000,False,False,0
948,6,2,3,0,1,6,0.667,False,True,0
949,6,1,4,0,1,6,0.250,False,True,0
950,6,0,5,0,1,6,0.000,False,True,0
951,6,4,2,0,1,6,2.000,False,False,0
952,6,5,0,0,0,6,6.000,False,False,0
953,6,2,2,0,1,6,1.000,False,True,0
954,6,2,3,0,1,6,0.667,False,True,0
955,6,3,2,1,1,6,1.500,False,False,0
956,6,2,2,0,0,6,1.000,False,True,0
957,6,0,4,0,1,6,0.000,False,True,0
958,6,2,4,0,1,6,0.500,False,False,0
959,6,4,1,0,0,6,4.000,False,False,0
960,6,3,2,0,1,6,1.500,False,True,0
961,6,3,2,0,1,6,1.500,False,True,0
962,6,1,2,0,1,6,0.500,False,True,0
963,6,2,4,0,1,6,0.500,False,True,0
964,6,4,2,0,0,6,2.000,False,False,0
965,6,3,1,0,1,6,3.000,False,False,0
966,6,3,2,0,1,6,1.500,False,True,0
967,6,3,1,0,1,6,3.000,False,False,0
968,6,2,3,0,1,6,0.667,False,True,0
969,6,5,1,0,0,6,5.000,False,False,0
970,6,4,1,0,1,6,4.000,False,True,0
971,6,3,1,0,1,6,3.000,False,True,0
972,6,2,2,0,1,6,1.000,False,True,0
973,6,4,2,0,1,6,2.000,False,False,0
974,6,3,2,0,1,6,1.500,False,True,0
975,6,2,3,0,1,6,0.667,False,True,0
976,6,2,2,1,0,6,1.000,False,False,0
977,6,2,2,0,1,6,1.000,False,True,0
978,6,1,3,0,1,6,0.333,False,True,0
979,6,1,4,0,1,6,0.250,False,True,0
980,6,3,3,0,1,6,1.000,False,False,0
981,6,3,2,0,1,6,1.500,False,False,0
982,6,6,0,0,0,6,6.000,False,False,0
983,6,2,1,0,1,6,2.000,False,True,0
984,6,2,3,0,1,6,0.667,False,True,0
985,6,0,3,1,1,6,0.000,False,True,0
986,6,1,4,1,1,6,0.250,False,False,0
987,6,5,1,0,0,6,5.000,False,False,0
988,6,4,1,0,1,6,4.000,False,True,0
989,6,2,2,0,1,6,1.000,False,True,0
990,6,2,3,0,1,6,0.667,False,True,0
991,6,4,2,0,1,6,2.000,False,False,0
992,6,3,2,0,0,6,1.500,False,True,0
993,6,4,2,0,1,6,2.000,False,False,0
994,6,2,0,0,1,6,6.000,False,False,0
995,6,0,4,1,0,6,0.000,False,True,0
996,6,1,5,0,1,6,0.200,False,False,0
997,6,5,1,0,1,6,5.000,False,False,0
998,6,3,2,0,1,6,1.500,False,True,0
999,6,3,0,0,1,6,6.000,False,False,0
1000,6,1,3,1,0,6,0.333,False,True,0
1001,6,2,3,0,1,6,0.667,False,False,0
1002,6,3,2,0,1,6,1.500,False,False,0
1003,6,3,2,0,1,6,1.500,False,True,0
1004,6,1,1,1,1,6,1.000,False,True,0
1005,6,1,4,1,1,6,0.250,False,True,0
1006,6,4,2,0,0,6,2.000,False,False,0
1007,6,4,1,0,1,6,4.000,False,False,0
1008,6,5,0,0,1,6,6.000,False,False,0
1009,6,4,1,0,1,6,4.000,False,True,0
1010,6,0,3,0,0,6,0.000,False,True,0
1011,6,1,5,0,1,6,0.200,False,False,0
1012,6,3,2,0,1,6,1.500,False,False,0
1013,6,2,3,0,1,6,0.667,False,True,0
1014,6,2,2,0,1,6,1.000,False,False,0
1015,6,2,4,0,1,6,0.500,False,True,0
1016,6,4,1,0,0,6,4.000,False,False,0
1017,6,3,2,0,1,6,1.500,False,True,0
1018,6,2,2,0,1,6,1.000,False,True,0
1019,6,3,3,0,1,6,1.000,False,True,0
1020,6,1,3,0,1,6,0.333,False,True,0
1021,6,1,4,0,1,6,0.250,False,True,0
1022,6,2,3,0,0,6,0.667,False,False,0
1023,6,5,1,0,1,6,5.000,False,False,0
1024,6,2,0,0,1,6,6.000,False,False,0
1025,6,0,4,0,1,6,0.000,False,True,0
1026,6,2,4,0,1,6,0.500,False,False,0
1027,6,3,2,1,1,6,1.500,False,False,0
1028,6,4,0,0,0,6,6.000,False,False,0
1029,6,3,2,0,1,6,1.500,False,True,0
1030,6,1,3,0,1,6,0.333,False,True,0
1031,6,2,2,1,1,6,1.000,False,False,0
1032,6,4,2,0,1,6,2.000,False,False,0
1033,6,5,0,0,1,6,6.000,False,False,0
1034,6,5,0,0,0,6,6.000,False,True,0
1035,6,1,2,0,1,6,0.500,False,True,0
1036,6,1,4,0,1,6,0.250,False,True,0
1037,6,1,4,0,1,6,0.250,False,True,0
1038,6,4,2,0,1,6,2.000,False,False,0
1039,6,3,2,0,1,6,1.500,False,True,0
1040,6,4,1,0,0,6,4.000,False,False,0
1041,6,2,2,0,1,6,1.000,False,True,0
1042,6,2,3,0,1,6,0.667,False,True,0
1043,6,2,3,0,1,6,0.667,False,True,0
1044,6,3,2,0,1,6,1.500,False,False,0
1045,6,5,1,0,1,6,5.000,False,False,0
1046,6,3,0,0,1,6,6.000,False,False,0
1047,6,3,3,0,0,6,1.000,False,True,0
1048,6,3,2,0,1,6,1.500,False,False,0
1049,6,2,2,0,1,6,1.000,False,True,0
1050,6,2,2,1,1,6,1.000,False,True,0
1051,6,1,3,0,1,6,0.333,False,True,0
1052,6,3,3,0,0,6,1.000,False,False,0
1053,6,4,2,0,1,6,2.000,False,False,0
1054,6,5,0,0,1,6,6.000,False,False,0
1055,6,2,0,0,1,6,6.000,False,True,0
1056,6,1,4,1,1,6,0.250,True,True,0
1057,6,1,4,0,0,6,0.250,False,True,0
1058,6,4,2,0,1,6,2.000,False,False,0
1059,6,6,0,0,1,6,6.000,False,False,0
1060,6,2,0,0,1,6,6.000,False,True,0
1061,6,0,4,0,1,6,0.000,False,True,0
1062,6,2,3,1,1,6,0.667,False,False,0
1063,6,3,3,0,0,6,1.000,False,False,0
1064,6,5,0,0,1,6,6.000,False,False,0
1065,6,3,1,0,1,6,3.000,False,True,0
1066,6,2,3,0,1,6,0.667,False,True,0
1067,6,1,3,0,1,6,0.333,False,True,0
1068,6,4,1,1,1,6,4.000,False,False,0
1069,6,4,0,0,0,6,6.000,False,False,0
1070,6,2,2,0,1,6,1.000,False,True,0
1071,6,1,4,0,1,6,0.250,False,True,0
1072,6,2,4,0,1,6,0.500,False,False,0
1073,6,1,3,0,1,6,0.333,False,True,0
1074,6,4,2,0,1,6,2.000,False,False,0
1075,6,4,2,0,0,6,2.000,False,True,0
1076,6,2,2,0,1,6,1.000,False,True,0
1077,6,3,3,0,1,6,1.000,False,True,0
1078,6,1,3,0,1,6,0.333,False,True,0
1079,6,1,4,0,1,6,0.250,False,True,0
1080,6,4,1,1,1,6,4.000,False,False,0
1081,6,2,1,1,0,6,2.000,False,True,0
1082,6,3,2,0,1,6,1.500,False,True,0
1083,6,3,2,0,1,6,1.500,False,True,0
1084,6,1,3,0,1,6,0.333,False,True,0
1085,6,1,4,0,1,6,0.250,False,True,0
1086,6,3,3,0,1,6,1.000,False,False,0
1087,6,4,0,0,1,6,6.000,False,False,0
1088,6,3,2,0,1,6,1.500,False,True,0
1089,6,1,3,0,0,6,0.333,False,True,0
1090,6,2,4,0,1,6,0.500,False,False,0
1091,6,4,2,0,1,6,2.000,False,False,0
1092,6,4,0,0,1,6,6.000,False,False,0
1093,6,2,2,0,0,6,1.000,False,True,0
1094,6,1,4,0,1,6,0.250,False,True,0
1095,6,0,5,0,1,6,0.000,False,True,0
1096,6,2,4,0,1,6,0.500,False,False,0
1097,6,5,0,0,1,6,6.000,False,False,0
1098,6,3,1,1,1,6,3.000,False,True,0
1099,6,2,1,1,1,6,2.000,False,True,0
1100,6,1,3,0,0,6,0.333,False,True,0
1101,6,2,4,0,1,6,0.500,False,False,0
1102,6,4,1,0,1,6,4.000,False,False,0
1103,6,3,1,0,1,6,3.000,False,True,0
1104,6,3,2,0,1,6,1.500,False,True,0
1105,6,3,1,0,1,6,3.000,False,False,0
1106,6,4,2,0,0,6,2.000,False,True,0
1107,6,4,1,0,1,6,4.000,False,False,0
1108,6,1,1,0,1,6,1.000,False,True,0
1109,6,0,5,0,1,6,0.000,False,True,0
1110,6,1,4,1,0,6,0.250,True,False,0
1111,6,4,2,0,1,6,2.000,False,False,0
1112,6,4,1,0,1,6,4.000,False,False,0
1113,6,4,1,0,1,6,4.000,False,True,0
1114,6,2,1,0,1,6,2.000,False,True,0
1115,6,1,4,1,1,6,0.250,True,True,0
1116,6,0,4,1,0,6,0.000,False,True,0
1117,6,2,4,0,1,6,0.500,False,False,0
1118,6,4,1,0,1,6,4.000,False,False,0
1119,6,3,0,0,1,6,6.000,False,False,0
1120,6,2,2,0,1,6,1.000,False,True,0
1121,6,1,5,0,1,6,0.200,True,True,0
1122,6,4,1,0,1,6,4.000,False,False,0
1123,6,4,2,0,0,6,2.000,False,True,0
1124,6,2,2,0,1,6,1.000,False,True,0
1125,6,3,2,0,1,6,1.500,False,False,0
1126,6,4,2,0,1,6,2.000,False,False,0
1127,6,4,0,0,1,6,6.000,False,False,0
1128,6,4,1,0,0,6,4.000,False,True,0
1129,6,3,3,0,1,6,1.000,False,True,0
1130,6,2,2,0,1,6,1.000,False,True,0
1131,6,4,1,0,1,6,4.000,False,False,0
1132,6,4,2,0,1,6,2.000,False,True,0
1133,6,4,0,0,0,6,6.000,False,False,0
1134,6,2,3,0,1,6,0.667,False,True,0
1135,6,2,3,0,1,6,0.667,False,True,0
1136,6,3,2,0,1,6,1.500,False,False,0
1137,6,3,2,0,1,6,1.500,False,True,0
1138,6,2,1,0,1,6,2.000,False,False,0
1139,6,1,4,0,1,6,0.250,False,True,0
1140,6,2,3,1,1,6,0.667,False,False,0
1141,6,2,3,0,1,6,0.667,False,True,0
1142,6,2,3,1,0,6,0.667,False,True,0
1143,6,3,1,0,1,6,3.000,False,False,0
1144,6,2,3,0,1,6,0.667,False,True,0
1145,6,4,1,0,1,6,4.000,False,False,0
1146,6,3,2,0,0,6,1.500,False,True,0
1147,6,4,2,0,1,6,2.000,False,False,0
1148,6,3,2,0,1,6,1.500,False,True,0
1149,6,3,1,0,1,6,3.000,False,False,0
1150,6,4,2,0,0,6,2.000,False,True,0
1151,6,4,0,0,1,6,6.000,False,False,0
1152,6,2,2,0,1,6,1.000,False,True,0
1153,6,2,3,0,1,6,0.667,False,True,0
1154,6,3,2,0,1,6,1.500,False,False,0
1155,6,3,3,0,0,6,1.000,False,True,0
1156,6,4,0,0,1,6,6.000,False,False,0
1157,6,2,2,0,1,6,1.000,False,True,0
1158,6,2,3,0,1,6,0.667,False,True,0
1159,6,4,2,0,1,6,2.000,False,False,0
1160,6,2,3,0,1,6,0.667,False,True,0
1161,6,2,2,0,0,6,1.000,False,False,0
1162,6,2,3,0,1,6,0.667,False,True,0
1163,6,5,1,0,1,6,5.000,False,False,0
1164,6,4,0,0,1,6,6.000,False,False,0
1165,6,4,1,1,0,6,4.000,False,True,0
1166,6,5,0,0,1,6,6.000,False,False,0
1167,6,4,1,0,1,6,4.000,False,True,0
1168,6,3,1,0,1,6,3.000,False,True,0
1169,6,2,2,0,1,6,1.000,False,True,0
1170,6,3,3,0,1,6,1.000,False,True,0
1171,6,2,2,0,1,6,1.000,False,True,0
1172,6,5,1,0,1,6,5.000,False,False,0
1173,6,3,1,0,0,6,3.000,False,True,0
1174,6,2,2,0,1,6,1.000,False,True,0
1175,6,1,3,0,1,6,0.333,False,True,0
1176,6,1,5,0,1,6,0.200,True,True,0
1177,6,5,1,0,0,6,5.000,False,False,0
1178,6,4,0,0,1,6,6.000,False,False,0
1179,6,2,1,0,1,6,2.000,False,True,0
1180,6,1,5,0,1,6,0.200,True,True,0
1181,6,2,3,0,1,6,0.667,False,False,0
1182,6,4,1,1,1,6,4.000,False,False,0
1183,6,3,1,1,1,6,3.000,False,True,0
1184,6,3,1,0,1,6,3.000,False,True,0
1185,6,3,1,0,0,6,3.000,False,True,0
1186,6,2,4,0,1,6,0.500,False,True,0
1187,6,0,4,0,1,6,0.000,False,True,0
1188,6,5,1,0,1,6,5.000,False,False,0
1189,6,4,0,0,0,6,6.000,False,False,0
1190,6,1,3,0,1,6,0.333,False,True,0
1191,6,1,5,0,1,6,0.200,True,True,0
1192,6,4,2,0,1,6,2.000,False,False,0
1193,6,5,0,0,1,6,6.000,False,False,0
1194,6,3,0,0,0,6,6.000,False,True,0
1195,6,1,4,0,1,6,0.250,False,True,0
1196,6,1,4,0,1,6,0.250,False,True,0
1197,6,3,2,0,1,6,1.500,False,False,0
1198,6,2,2,0,1,6,1.000,False,True,0
1199,6,3,3,0,1,6,1.000,False,True,0
1200,6,3,1,0,0,6,3.000,False,False,0
1201,6,2,3,0,1,6,0.667,False,True,0
1202,6,2,3,0,1,6,0.667,False,True,0
1203,6,4,2,0,1,6,2.000,False,False,0
1204,6,3,2,0,0,6,1.500,False,True,0
1205,6,3,2,0,1,6,1.500,False,True,0
1206,6,2,3,0,1,6,0.667,False,True,0
1207,6,2,3,0,1,6,0.667,False,True,0
1208,6,2,2,0,1,6,1.000,False,False,0
1209,6,3,3,0,1,6,1.000,False,True,0
1210,6,3,1,1,1,6,3.000,False,False,0
1211,6,4,1,0,0,6,4.000,False,False,0
1212,6,2,3,0,1,6,0.667,False,True,0
1213,6,2,3,0,1,6,0.667,False,True,0
1214,6,4,1,0,1,6,4.000,False,False,0
1215,6,2,1,1,1,6,2.000,False,True,0
1216,6,2,4,0,1,6,0.500,False,True,0
1217,6,2,1,1,0,6,2.000,False,False,0
1218,6,3,3,0,1,6,1.000,False,True,0
1219,6,2,2,0,1,6,1.000,False,True,0
1220,6,3,2,0,1,6,1.500,False,False,0
1221,6,2,3,0,1,6,0.667,False,True,0
1222,6,2,4,0,1,6,0.500,False,True,0
1223,6,2,2,0,0,6,1.000,False,False,0
1224,6,2,3,0,1,6,0.667,False,True,0
1225,6,3,2,0,1,6,1.500,False,False,0
1226,6,2,2,0,1,6,1.000,False,True,0
1227,6,3,2,0,1,6,1.500,False,False,0
1228,6,4,2,0,0,6,2.000,False,False,0
1229,6,3,1,0,1,6,3.000,False,False,0
1230,6,4,2,0,1,6,2.000,False,True,0
1231,6,4,0,0,1,6,6.000,False,False,0
1232,6,3,1,0,1,6,3.000,False,True,0
1233,6,1,4,0,0,6,0.250,False,True,0
1234,6,0,5,0,1,6,0.000,False,True,0
1235,6,2,4,0,1,6,0.500,False,False,0
1236,6,3,2,0,1,6,1.500,False,False,0
1237,6,5,0,0,0,6,6.000,False,False,0
1238,6,1,2,0,1,6,0.500,False,True,0
1239,6,1,4,0,1,6,0.250,False,True,0
1240,6,4,2,0,1,6,2.000,False,False,0
1241,6,2,1,1,1,6,2.000,False,True,0
1242,6,3,2,0,0,6,1.500,False,True,0
1243,6,2,4,0,1,6,0.500,False,True,0
1244,6,2,4,0,1,6,0.500,False,True,0
1245,6,3,1,0,1,6,3.000,False,False,0
1246,6,4,2,0,0,6,2.000,False,True,0
1247,6,0,2,0,1,6,0.000,False,True,0
1248,6,2,4,0,1,6,0.500,False,False,0
1249,6,2,3,0,1,6,0.667,False,False,0
1250,6,6,0,0,0,6,6.000,False,False,0
1251,6,3,1,0,1,6,3.000,False,True,0
1252,6,1,3,0,1,6,0.333,False,True,0
1253,6,3,3,0,1,6,1.000,False,False,0
1254,6,4,1,0,1,6,4.000,False,False,0
1255,6,4,0,0,1,6,6.000,False,False,0
1256,6,1,1,1,1,6,1.000,False,True,0
1257,6,2,4,0,0,6,0.500,False,True,0
1258,6,2,3,0,1,6,0.667,False,False,0
1259,6,1,4,0,1,6,0.250,False,True,0
1260,6,3,2,0,1,6,1.500,False,False,0
1261,6,2,1,1,1,6,2.000,False,False,0
1262,6,3,2,0,1,6,1.500,False,True,0
1263,6,2,2,0,0,6,1.000,False,True,0
1264,6,1,5,0,1,6,0.200,True,True,0
1265,6,1,4,0,1,6,0.250,False,False,0
1266,6,4,1,1,1,6,4.000,False,False,0
1267,6,3,0,0,0,6,6.000,False,False,0
1268,6,3,3,0,1,6,1.000,False,True,0
1269,6,2,3,0,1,6,0.667,False,True,0
1270,6,4,2,0,1,6,2.000,False,False,0
1271,6,5,0,0,1,6,6.000,False,False,0
1272,6,0,1,0,1,6,0.000,False,True,0
1273,6,0,6,0,1,6,0.000,True,True,0
1274,6,1,5,0,1,6,0.200,True,False,0
1275,6,4,1,1,0,6,4.000,False,False,0
1276,6,3,1,0,1,6,3.000,False,True,0
1277,6,2,3,0,1,6,0.667,False,True,0
1278,6,1,3,0,1,6,0.333,False,True,0
1279,6,2,4,0,1,6,0.500,False,False,0
1280,6,2,3,0,1,6,0.667,False,False,0
1281,6,4,1,0,0,6,4.000,False,False,0
1282,6,2,2,0,1,6,1.000,False,True,0
1283,6,1,3,0,1,6,0.333,False,True,0
1284,6,1,5,0,1,6,0.200,True,True,0
1285,6,6,0,0,1,6,6.000,False,False,0
1286,6,4,0,0,1,6,6.000,False,True,0
1287,6,4,1,0,1,6,4.000,False,True,0
1288,6,2,2,0,0,6,1.000,False,True,0
1289,6,0,5,0,1,6,0.000,False,True,0
1290,6,2,4,0,1,6,0.500,False,False,0
1291,6,2,2,0,1,6,1.000,False,False,0
1292,6,4,1,0,0,6,4.000,False,False,0
1293,6,2,3,0,1,6,0.667,False,True,0
1294,6,1,3,0,1,6,0.333,False,True,0
1295,6,3,3,0,1,6,1.000,False,False,0
1296,6,4,2,0,1,6,2.000,False,False,0
1297,6,4,0,0,0,6,6.000,False,False,0
1298,6,2,3,0,1,6,0.667,False,True,0
1299,6,1,3,0,1,6,0.333,False,True,0
1300,6,3,2,0,1,6,1.500,False,False,0
1301,6,2,3,0,1,6,0.667,False,True,0
1302,6,4,1,0,0,6,4.000,False,False,0
1303,6,3,3,0,1,6,1.000,False,True,0
1304,6,3,2,0,1,6,1.500,False,False,0
1305,6,3,1,0,1,6,3.000,False,False,0
1306,6,3,2,0,1,6,1.500,False,True,0
1307,6,0,4,0,0,6,0.000,False,True,0
1308,6,3,3,0,1,6,1.000,False,False,0
1309,6,2,2,0,1,6,1.000,False,True,0
1310,6,2,3,0,1,6,0.667,False,True,0
1311,6,3,2,0,1,6,1.500,False,False,0
1312,6,3,1,1,1,6,3.000,False,False,0
1313,6,4,1,0,0,6,4.000,False,False,0
1314,6,3,2,0,1,6,1.500,False,True,0
1315,6,3,1,0,1,6,3.000,False,False,0
1316,6,3,2,0,1,6,1.500,False,True,0
1317,6,1,4,0,1,6,0.250,False,True,0
1318,6,4,2,0,1,6,2.000,False,False,0
1319,6,2,2,0,0,6,1.000,False,True,0
1320,6,1,3,0,1,6,0.333,False,True,0
1321,6,0,5,0,1,6,0.000,False,True,0
1322,6,4,2,0,1,6,2.000,False,False,0
1323,6,4,1,0,0,6,4.000,False,False,0
1324,6,3,1,0,1,6,3.000,False,True,0
1325,6,2,3,0,1,6,0.667,False,True,0
1326,6,4,1,0,1,6,4.000,False,False,0
1327,6,3,2,0,1,6,1.500,False,True,0
1328,6,1,2,0,1,6,0.500,False,True,0
1329,6,1,5,0,1,6,0.200,True,True,0
1330,6,4,2,0,1,6,2.000,False,False,0
1331,6,5,0,0,1,6,6.000,False,False,0
1332,6,4,0,0,0,6,6.000,False,True,0
1333,6,3,2,0,1,6,1.500,False,True,0
1334,6,2,2,0,1,6,1.000,False,True,0
1335,6,1,3,0,1,6,0.333,False,True,0
1336,6,2,3,0,1,6,0.667,False,False,0
1337,6,3,3,0,1,6,1.000,False,False,0
1338,6,0,3,0,1,6,0.000,False,True,0
1339,6,1,5,0,1,6,0.200,True,False,0
1340,6,3,2,0,0,6,1.500,False,False,0
1341,6,4,2,0,1,6,2.000,False,False,0
1342,6,1,2,0,1,6,0.500,False,True,0
1343,6,1,4,0,1,6,0.250,False,True,0
1344,6,3,3,0,0,6,1.000,False,False,0
1345,6,3,2,0,1,6,1.500,False,False,0
1346,6,4,1,0,1,6,4.000,False,False,0
1347,6,3,0,0,1,6,6.000,False,False,0
1348,6,2,3,0,1,6,0.667,False,True,0
1349,6,0,4,0,0,6,0.000,False,True,0
1350,6,2,4,0,1,6,0.500,False,False,0
1351,6,2,3,0,1,6,0.667,False,False,0
1352,6,2,2,0,1,6,1.000,False,False,0
1353,6,2,3,0,1,6,0.667,False,True,0
1354,6,1,3,0,1,6,0.333,False,True,0
1355,6,1,4,0,1,6,0.250,False,True,0
1356,6,1,4,1,1,6,0.250,True,True,0
1357,6,3,2,0,0,6,1.500,False,False,0
1358,6,2,2,0,1,6,1.000,False,True,0
1359,6,2,3,1,1,6,0.667,False,True,0
1360,6,1,3,0,0,6,0.333,False,True,0
1361,6,3,2,0,1,6,1.500,False,False,0
1362,6,2,3,0,1,6,0.667,False,True,0
1363,6,3,3,0,1,6,1.000,False,False,0
1364,6,3,1,0,1,6,3.000,False,False,0
1365,6,1,3,0,1,6,0.333,False,True,0
1366,6,3,3,0,1,6,1.000,False,False,0
1367,6,4,1,0,0,6,4.000,False,False,0
1368,6,2,3,0,1,6,0.667,False,True,0
1369,6,4,1,0,1,6,4.000,False,False,0
1370,6,2,2,0,1,6,1.000,False,True,0
1371,6,3,3,0,1,6,1.000,False,True,0
1372,6,3,1,1,1,6,3.000,False,False,0
1373,6,4,0,0,0,6,6.000,False,False,0
1374,6,1,3,0,1,6,0.333,False,True,0
1375,6,0,5,0,1,6,0.000,False,True,0
1376,6,4,1,1,1,6,4.000,False,False,0
1377,6,4,1,1,1,6,4.000,False,True,0
1378,6,3,0,0,0,6,6.000,False,False,0
1379,6,2,3,0,1,6,0.667,False,True,0
1380,6,3,2,0,1,6,1.500,False,False,0
1381,6,3,2,0,1,6,1.500,False,True,0
1382,6,4,0,0,1,6,6.000,False,False,0
1383,6,3,2,0,1,6,1.500,False,True,0
1384,6,4,2,0,0,6,2.000,False,False,0
1385,6,2,3,0,1,6,0.667,False,True,0
1386,6,3,2,0,1,6,1.500,False,False,0
1387,6,2,2,0,1,6,1.000,False,True,0
1388,6,4,2,0,0,6,2.000,False,False,0
1389,6,4,1,0,1,6,4.000,False,False,0
1390,6,6,0,0,1,6,6.000,False,False,0
1391,6,2,0,0,1,6,6.000,False,True,0
1392,6,1,5,0,1,6,0.200,True,True,0
1393,6,1,3,1,0,6,0.333,False,False,0
1394,6,3,2,0,1,6,1.500,False,False,0
1395,6,5,0,0,1,6,6.000,False,False,0
1396,6,4,1,0,1,6,4.000,False,True,0
1397,6,2,1,1,0,6,2.000,False,True,0
1398,6,1,4,0,1,6,0.250,False,True,0
1399,6,0,4,1,1,6,0.000,False,True,0
1400,6,1,5,0,1,6,0.200,True,False,0
1401,6,6,0,0,0,6,6.000,False,False,0
1402,6,3,1,0,1,6,3.000,False,True,0
1403,6,2,1,1,1,6,2.000,False,True,0
1404,6,2,2,1,1,6,1.000,False,True,0
1405,6,1,4,0,1,6,0.250,False,True,0
1406,6,4,2,0,0,6,2.000,False,False,0
1407,6,2,2,0,1,6,1.000,False,True,0
1408,6,1,3,0,1,6,0.333,False,True,0
1409,6,1,5,0,1,6,0.200,True,True,0
1410,6,2,4,0,1,6,0.500,False,False,0
1411,6,6,0,0,1,6,6.000,False,False,0
1412,6,1,0,0,1,6,6.000,False,True,0
1413,6,0,5,0,1,6,0.000,False,True,0
1414,6,1,4,1,0,6,0.250,True,False,0
1415,6,4,2,0,1,6,2.000,False,False,0
1416,6,5,0,0,1,6,6.000,False,False,0
1417,6,3,1,0,1,6,3.000,False,True,0
1418,6,1,3,0,1,6,0.333,False,True,0
1419,6,3,2,0,0,6,1.500,False,False,0
1420,6,4,2,0,1,6,2.000,False,False,0
1421,6,4,1,0,1,6,4.000,False,False,0
1422,6,1,1,0,1,6,1.000,False,True,0
1423,6,0,6,0,1,6,0.000,True,True,0
1424,6,1,4,1,1,6,0.250,True,False,0
1425,6,3,3,0,0,6,1.000,False,False,0
1426,6,4,2,0,1,6,2.000,False,False,0
1427,6,2,0,0,1,6,6.000,False,False,0
1428,6,2,3,0,1,6,0.667,False,True,0
1429,6,1,4,0,1,6,0.250,False,True,0
1430,6,0,4,1,1,6,0.000,False,True,0
1431,6,3,3,0,0,6,1.000,False,False,0
1432,6,1,2,0,1,6,0.500,False,True,0
1433,6,2,3,0,1,6,0.667,False,False,0
1434,6,2,4,0,1,6,0.500,False,True,0
1435,6,4,0,0,1,6,6.000,False,False,0
1436,6,3,3,0,0,6,1.000,False,True,0
1437,6,0,3,0,1,6,0.000,False,True,0
1438,6,2,4,0,1,6,0.500,False,False,0
1439,6,1,3,0,1,6,0.333,False,True,0
1440,6,2,4,0,1,6,0.500,False,False,0
1441,6,4,1,0,1,6,4.000,False,False,0
1442,6,5,0,0,0,6,6.000,False,False,0
1443,6,2,1,0,1,6,2.000,False,True,0
1444,6,0,4,0,1,6,0.000,False,True,0
1445,6,2,4,0,1,6,0.500,False,False,0
1446,6,4,2,0,1,6,2.000,False,False,0
1447,6,3,1,0,0,6,3.000,False,False,0
1448,6,4,2,0,1,6,2.000,False,True,0
1449,6,4,1,0,1,6,4.000,False,False,0
1450,6,2,1,0,1,6,2.000,False,True,0
1451,6,3,2,0,1,6,1.500,False,True,0
1452,6,2,3,0,1,6,0.667,False,True,0
1453,6,3,2,0,1,6,1.500,False,False,0
1454,6,3,1,1,0,6,3.000,False,False,0
1455,6,1,3,0,1,6,0.333,False,True,0
1456,6,1,4,0,1,6,0.250,False,True,0
1457,6,3,3,0,1,6,1.000,False,False,0
1458,6,4,0,0,1,6,6.000,False,False,0
1459,6,1,3,0,0,6,0.333,False,True,0
1460,6,1,4,0,1,6,0.250,False,True,0
1461,6,3,3,0,1,6,1.000,False,False,0
1462,6,5,1,0,1,6,5.000,False,False,0
1463,6,4,0,0,1,6,6.000,False,False,0
1464,6,2,1,1,0,6,2.000,False,True,0
1465,6,0,4,0,1,6,0.000,False,True,0
1466,6,1,5,0,1,6,0.200,True,False,0
1467,6,4,2,0,1,6,2.000,False,False,0
1468,6,4,1,0,1,6,4.000,False,False,0
1469,6,3,0,0,1,6,6.000,False,False,0
1470,6,1,3,1,0,6,0.333,False,True,0
1471,6,1,4,0,1,6,0.250,False,True,0
1472,6,1,5,0,1,6,0.200,True,True,0
1473,6,4,1,0,1,6,4.000,False,False,0
1474,6,4,0,0,0,6,6.000,False,False,0
1475,6,2,3,0,1,6,0.667,False,True,0
1476,6,2,3,0,1,6,0.667,False,True,0
1477,6,4,1,0,1,6,4.000,False,False,0
1478,6,3,1,0,1,6,3.000,False,True,0
1479,6,3,2,0,0,6,1.500,False,True,0
1480,6,3,2,0,1,6,1.500,False,True,0
1481,6,3,3,0,1,6,1.000,False,True,0
1482,6,2,2,0,1,6,1.000,False,True,0
1483,6,2,2,0,1,6,1.000,False,True,0
1484,6,2,2,1,1,6,1.000,False,True,0
1485,6,4,2,0,1,6,2.000,False,False,0
1486,6,6,0,0,1,6,6.000,False,False,0
1487,6,2,0,0,0,6,6.000,False,True,0
1488,6,1,4,0,1,6,0.250,False,True,0
1489,6,0,4,1,1,6,0.000,False,True,0
1490,6,5,1,0,1,6,5.000,False,False,0
1491,6,4,1,0,0,6,4.000,False,True,0
1492,6,2,1,0,1,6,2.000,False,True,0
1493,6,1,4,0,1,6,0.250,False,True,0
1494,6,2,3,0,1,6,0.667,False,False,0
1495,6,1,4,0,1,6,0.250,False,True,0
1496,6,1,3,1,1,6,0.333,False,False,0
1497,6,0,0,0,0,6,6.000,False,False,0
