,nodeId,ls,lc,le,ltx,number of neighbors,QOS,arm,jammed evaluation,label (jammed or not)
0,8,0,6,0,1,6,0.000,False,False,0
1,8,4,2,0,1,6,2.000,False,False,0
2,8,5,0,0,0,6,6.000,True,False,0
3,8,4,1,0,1,6,4.000,True,True,0
4,8,2,2,0,1,6,1.000,True,True,0
5,8,1,3,0,1,6,0.333,True,True,0
6,8,1,5,0,1,6,0.200,True,True,0
7,8,3,3,0,1,6,1.000,True,False,0
8,8,4,0,0,0,6,6.000,True,False,0
9,8,2,2,0,1,6,1.000,False,True,0
10,8,1,3,0,1,6,0.333,False,True,0
11,8,2,4,0,1,6,0.500,True,False,0
12,8,3,2,0,0,6,1.500,True,False,0
13,8,3,2,0,1,6,1.500,True,True,0
14,8,3,3,0,1,6,1.000,True,True,0
15,8,3,2,0,1,6,1.500,True,False,0
16,8,2,2,0,1,6,1.000,False,True,0
17,8,3,1,0,1,6,3.000,False,False,0
18,8,1,4,0,1,6,0.250,True,True,0
19,8,3,3,0,0,6,1.000,True,False,0
20,8,2,3,0,1,6,0.667,True,True,0
21,8,3,2,0,1,6,1.500,False,False,0
22,8,2,2,0,1,6,1.000,False,True,0
23,8,3,3,0,1,6,1.000,True,True,0
24,8,3,2,0,0,6,1.500,False,False,0
25,8,3,2,0,1,6,1.500,False,True,0
26,8,3,2,0,1,6,1.500,False,True,0
27,8,4,2,0,1,6,2.000,False,False,0
28,8,3,1,0,1,6,3.000,False,False,0
29,8,4,2,0,0,6,2.000,True,True,0
30,8,3,1,0,1,6,3.000,False,False,0
31,8,2,2,0,1,6,1.000,False,True,0
32,8,2,4,0,1,6,0.500,True,True,0
33,8,4,1,0,0,6,4.000,False,False,0
34,8,4,2,0,1,6,2.000,False,True,0
35,8,3,1,0,1,6,3.000,False,False,0
36,8,3,2,0,1,6,1.500,False,True,0
37,8,1,3,0,1,6,0.333,False,True,0
38,8,3,3,0,1,6,1.000,False,False,0
39,8,4,1,0,1,6,4.000,False,False,0
40,8,4,0,0,0,6,6.000,False,False,0
41,8,2,3,0,1,6,0.667,False,True,0
42,8,0,4,0,1,6,0.000,False,True,0
43,8,4,2,0,1,6,2.000,True,False,0
44,8,4,0,0,0,6,6.000,False,False,0
45,8,3,2,0,1,6,1.500,False,True,0
46,8,1,3,0,1,6,0.333,False,True,0
47,8,3,2,0,1,6,1.500,False,False,0
48,8,3,3,0,0,6,1.000,True,True,0
49,8,1,3,0,1,6,0.333,False,True,0
50,8,3,3,0,1,6,1.000,True,False,0
51,8,4,2,0,1,6,2.000,True,False,0
52,8,5,0,0,1,6,6.000,False,False,0
53,8,3,0,0,1,6,6.000,False,True,0
54,8,2,4,0,1,6,0.500,True,True,0
55,8,2,3,0,0,6,0.667,False,False,0
56,8,3,2,0,1,6,1.500,False,False,0
57,8,2,2,0,1,6,1.000,False,True,0
58,8,1,3,0,1,6,0.333,False,True,0
59,8,2,4,0,1,6,0.500,True,False,0
60,8,4,2,0,1,6,2.000,False,False,0
61,8,3,0,0,1,6,6.000,False,False,0
62,8,3,3,0,1,6,1.000,True,True,0
63,8,2,1,1,0,6,2.000,False,False,0
64,8,1,4,0,1,6,0.250,False,True,0
65,8,4,2,0,1,6,2.000,False,False,0
66,8,4,0,0,1,6,6.000,False,False,0
67,8,3,1,0,1,6,3.000,False,True,0
68,8,1,4,0,1,6,0.250,False,True,0
69,8,3,2,0,0,6,1.500,False,False,0
70,8,4,2,0,1,6,2.000,False,False,0
71,8,4,0,0,1,6,6.000,False,False,0
72,8,2,2,0,1,6,1.000,False,True,0
73,8,2,3,0,0,6,0.667,False,True,0
74,8,3,3,0,1,6,1.000,True,False,0
75,8,1,3,0,1,6,0.333,False,True,0
76,8,3,2,0,1,6,1.500,False,False,0
77,8,2,3,0,1,6,0.667,False,True,0
78,8,4,1,0,0,6,4.000,False,False,0
79,8,4,2,0,1,6,2.000,True,True,0
80,8,2,2,0,1,6,1.000,False,True,0
81,8,4,1,0,1,6,4.000,False,False,0
82,8,4,2,0,1,6,2.000,True,True,0
83,8,4,1,0,0,6,4.000,False,False,0
84,8,2,2,0,1,6,1.000,False,True,0
85,8,3,2,0,1,6,1.500,False,False,0
86,8,2,2,0,1,6,1.000,False,True,0
87,8,2,3,0,1,6,0.667,False,True,0
88,8,3,2,0,1,6,1.500,False,False,0
89,8,4,2,0,1,6,2.000,True,False,0
90,8,5,1,0,0,6,5.000,False,False,0
91,8,4,0,0,1,6,6.000,False,False,0
92,8,3,2,0,1,6,1.500,False,True,0
93,8,3,1,0,1,6,3.000,False,False,0
94,8,3,2,0,1,6,1.500,False,True,0
95,8,3,3,0,1,6,1.000,True,True,0
96,8,2,2,0,1,6,1.000,False,True,0
97,8,4,2,0,0,6,2.000,True,False,0
98,8,1,2,0,1,6,0.500,False,True,0
99,8,2,3,0,1,6,0.667,True,False,0
100,8,2,4,0,1,6,0.500,True,True,0
101,8,3,2,0,1,6,1.500,False,False,0
102,8,4,0,0,1,6,6.000,False,False,0
103,8,3,2,1,0,6,1.500,True,True,0
104,8,1,2,0,1,6,0.500,False,True,0
105,8,1,5,0,1,6,0.200,True,True,0
106,8,3,3,0,1,6,1.000,True,False,0
107,8,5,0,0,1,6,6.000,False,False,0
108,8,4,0,0,1,6,6.000,False,True,0
109,8,2,2,0,0,6,1.000,False,True,0
110,8,3,2,0,1,6,1.500,False,False,0
111,8,3,3,0,1,6,1.000,True,True,0
112,8,5,1,0,1,6,5.000,False,False,0
113,8,3,0,0,1,6,6.000,False,False,0
114,8,1,3,0,1,6,0.333,False,True,0
115,8,1,4,0,1,6,0.250,False,True,0
116,8,4,1,1,0,6,4.000,False,False,0
117,8,4,1,0,1,6,4.000,False,True,0
118,8,3,1,0,1,6,3.000,False,True,0
119,8,4,1,0,1,6,4.000,False,False,0
120,8,3,1,0,1,6,3.000,False,True,0
121,8,3,2,0,0,6,1.500,False,True,0
122,8,1,4,0,1,6,0.250,False,True,0
123,8,3,2,0,1,6,1.500,False,False,0
124,8,2,4,0,0,6,0.500,True,True,0
125,8,4,1,0,1,6,4.000,False,False,0
126,8,4,1,0,1,6,4.000,False,True,0
127,8,4,1,0,1,6,4.000,False,True,0
128,8,3,1,0,1,6,3.000,False,True,0
129,8,1,3,0,0,6,0.333,False,True,0
130,8,2,3,0,1,6,0.667,False,False,0
131,8,4,2,0,1,6,2.000,False,False,0
132,8,2,2,0,1,6,1.000,False,True,0
133,8,2,2,0,1,6,1.000,False,True,0
134,8,2,4,0,0,6,0.500,True,True,0
135,8,3,3,0,1,6,1.000,True,False,0
136,8,3,1,0,1,6,3.000,False,False,0
137,8,3,2,0,1,6,1.500,False,True,0
138,8,2,2,0,1,6,1.000,False,True,0
139,8,3,3,0,0,6,1.000,False,True,0
140,8,3,2,0,1,6,1.500,False,False,0
141,8,5,1,0,1,6,5.000,False,False,0
142,8,2,1,0,1,6,2.000,False,True,0
143,8,2,4,0,1,6,0.500,True,True,0
144,8,1,3,0,1,6,0.333,False,True,0
145,8,4,2,0,0,6,2.000,False,False,0
146,8,4,2,0,1,6,2.000,False,True,0
147,8,4,0,0,1,6,6.000,False,False,0
148,8,3,1,0,1,6,3.000,False,True,0
149,8,2,3,0,0,6,0.667,False,True,0
150,8,4,2,0,1,6,2.000,False,False,0
151,8,4,0,0,1,6,6.000,False,False,0
152,8,2,1,0,1,6,2.000,False,True,0
153,8,1,5,0,0,6,0.200,True,True,0
154,8,1,4,0,1,6,0.250,False,False,0
155,8,5,1,0,1,6,5.000,False,False,0
156,8,5,0,0,1,6,6.000,False,False,0
157,8,3,1,0,0,6,3.000,False,True,0
158,8,1,3,0,1,6,0.333,False,True,0
159,8,2,3,0,1,6,0.667,False,False,0
160,8,3,2,0,0,6,1.500,False,False,0
161,8,3,2,0,1,6,1.500,False,True,0
162,8,3,2,0,1,6,1.500,False,True,0
163,8,1,3,0,1,6,0.333,False,True,0
164,8,1,4,0,1,6,0.250,False,True,0
165,8,2,4,0,1,6,0.500,True,False,0
166,8,5,1,0,1,6,5.000,False,False,0
167,8,4,0,0,0,6,6.000,False,False,0
168,8,3,2,0,1,6,1.500,False,True,0
169,8,1,3,0,1,6,0.333,False,True,0
170,8,1,4,0,1,6,0.250,False,True,0
171,8,4,2,0,1,6,2.000,False,False,0
172,8,4,2,0,1,6,2.000,False,True,0
173,8,3,1,0,1,6,3.000,False,False,0
174,8,3,2,0,1,6,1.500,False,True,0
175,8,1,3,0,0,6,0.333,False,True,0
176,8,3,3,0,1,6,1.000,True,False,0
177,8,3,2,0,1,6,1.500,False,False,0
178,8,2,3,0,1,6,0.667,False,True,0
179,8,3,1,0,1,6,3.000,False,False,0
180,8,3,3,0,0,6,1.000,True,True,0
181,8,1,3,0,1,6,0.333,False,True,0
182,8,2,3,0,1,6,0.667,False,False,0
183,8,2,3,0,1,6,0.667,False,True,0
184,8,5,1,0,0,6,5.000,False,False,0
185,8,3,1,0,1,6,3.000,False,True,0
186,8,2,3,0,1,6,0.667,False,True,0
187,8,2,3,0,1,6,0.667,False,True,0
188,8,3,2,0,1,6,1.500,False,False,0
189,8,3,3,0,0,6,1.000,True,True,0
190,8,2,3,0,1,6,0.667,False,True,0
191,8,2,2,0,1,6,1.000,False,False,0
192,8,3,3,0,1,6,1.000,True,True,0
193,8,2,2,0,1,6,1.000,False,True,0
194,8,4,1,0,1,6,4.000,False,False,0
195,8,2,3,0,1,6,0.667,False,True,0
196,8,4,1,0,0,6,4.000,False,False,0
197,8,2,2,0,1,6,1.000,False,True,0
198,8,2,3,0,1,6,0.667,False,True,0
199,8,3,2,0,1,6,1.500,False,False,0
200,8,3,2,0,1,6,1.500,False,True,0
201,8,1,4,0,1,6,0.250,False,True,0
202,8,1,4,0,0,6,0.250,False,True,0
203,8,4,2,0,1,6,2.000,False,False,0
204,8,5,1,0,1,6,5.000,False,False,0
205,8,2,0,0,1,6,6.000,False,False,0
206,8,1,4,0,1,6,0.250,False,True,0
207,8,0,5,0,1,6,0.000,True,True,0
208,8,3,3,0,1,6,1.000,True,False,0
209,8,4,2,0,0,6,2.000,False,False,0
210,8,5,1,0,1,6,5.000,False,False,0
211,8,2,1,0,1,6,2.000,False,True,0
212,8,2,3,0,1,6,0.667,False,True,0
213,8,2,3,0,1,6,0.667,False,True,0
214,8,3,2,0,0,6,1.500,False,False,0
215,8,3,2,0,1,6,1.500,False,True,0
216,8,2,2,0,1,6,1.000,False,True,0
217,8,1,4,0,1,6,0.250,False,True,0
218,8,2,3,0,1,6,0.667,False,False,0
219,8,3,3,0,1,6,1.000,True,False,0
220,8,3,1,0,1,6,3.000,False,False,0
221,8,5,1,0,0,6,5.000,False,False,0
222,8,5,1,0,1,6,5.000,False,True,0
223,8,1,1,0,1,6,1.000,False,True,0
224,8,1,5,0,1,6,0.200,True,True,0
225,8,2,3,0,1,6,0.667,False,False,0
226,8,4,2,0,1,6,2.000,False,False,0
227,8,5,0,0,1,6,6.000,False,False,0
228,8,3,0,0,0,6,6.000,False,True,0
229,8,0,4,0,1,6,0.000,False,True,0
230,8,1,5,0,1,6,0.200,True,False,0
231,8,3,3,0,1,6,1.000,True,False,0
232,8,5,0,0,0,6,6.000,False,False,0
233,8,2,2,0,1,6,1.000,False,True,0
234,8,2,3,0,1,6,0.667,False,True,0
235,8,1,3,0,1,6,0.333,False,True,0
236,8,2,4,0,1,6,0.500,True,False,0
237,8,4,1,1,1,6,4.000,False,False,0
238,8,3,1,1,0,6,3.000,False,True,0
239,8,2,2,0,1,6,1.000,False,True,0
240,8,1,4,0,1,6,0.250,False,True,0
241,8,1,4,0,1,6,0.250,False,True,0
242,8,5,1,0,1,6,5.000,False,False,0
243,8,5,0,0,0,6,6.000,False,False,0
244,8,4,1,0,1,6,4.000,False,True,0
245,8,1,2,0,1,6,0.500,False,True,0
246,8,2,4,0,1,6,0.500,True,True,0
247,8,3,2,0,1,6,1.500,False,False,1
248,8,4,2,0,1,6,2.000,False,False,1
249,8,4,1,0,0,6,4.000,False,False,1
250,8,2,2,0,1,6,1.000,False,True,1
251,8,2,4,0,1,6,0.500,True,True,1
252,8,4,1,0,0,6,4.000,False,False,1
253,8,3,3,0,1,6,1.000,False,True,1
254,8,1,5,0,1,6,0.200,True,True,1
255,8,3,6,0,1,6,0.500,True,False,1
256,8,2,6,0,1,6,0.333,True,True,1
257,8,1,6,0,1,6,0.167,True,True,1
258,8,3,6,0,1,6,0.500,True,False,1
259,8,5,7,0,1,6,0.714,True,False,1
260,8,4,5,0,1,6,0.800,True,False,1
261,8,1,5,0,0,6,0.200,True,True,1
262,8,2,7,0,1,6,0.286,True,False,1
263,8,5,6,0,1,6,0.833,True,False,1
264,8,4,5,0,1,6,0.800,True,True,1
265,8,1,5,1,1,6,0.200,True,True,1
266,8,4,6,0,0,6,0.667,True,False,1
267,8,5,7,0,1,6,0.714,True,False,1
268,8,3,4,0,1,6,0.750,False,False,1
269,8,3,6,0,1,6,0.500,True,True,1
270,8,0,5,0,0,6,0.000,False,True,1
271,8,2,7,0,1,6,0.286,True,False,1
272,8,1,6,0,1,6,0.167,True,True,1
273,8,3,6,1,0,6,0.500,True,False,1
274,8,2,6,1,1,6,0.333,True,True,1
275,8,2,5,1,1,6,0.400,True,False,1
276,8,2,6,0,1,6,0.333,True,True,1
277,8,2,8,0,1,6,0.250,True,True,1
278,8,2,6,1,0,6,0.333,True,False,1
279,8,0,6,1,1,6,0.000,True,True,1
280,8,1,5,0,1,6,0.200,False,False,1
281,8,3,7,0,1,6,0.429,True,False,1
282,8,2,9,0,1,6,0.222,True,True,1
283,8,1,4,0,0,6,0.250,False,True,1
284,8,1,8,1,1,6,0.125,True,True,1
285,8,0,6,0,1,6,0.000,False,True,1
286,8,1,6,0,1,6,0.167,True,False,1
287,8,0,8,2,1,6,0.000,True,True,1
288,8,1,6,0,1,6,0.167,True,False,1
289,8,0,9,1,1,6,0.000,True,True,1
290,8,1,7,0,0,6,0.143,True,False,1
291,8,0,8,0,1,6,0.000,True,True,1
292,8,0,8,0,1,6,0.000,True,True,1
293,8,0,10,1,1,6,0.000,True,True,1
294,8,0,5,1,1,6,0.000,False,True,1
295,8,1,5,1,0,6,0.200,False,False,1
296,8,0,6,0,1,6,0.000,False,True,1
297,8,1,8,0,1,6,0.125,True,False,1
298,8,1,9,1,1,6,0.111,True,True,1
299,8,2,8,1,1,6,0.250,True,False,1
300,8,3,3,0,0,6,1.000,False,False,1
301,8,1,6,0,1,6,0.167,True,True,1
302,8,1,7,0,1,6,0.143,True,True,1
303,8,3,6,0,1,6,0.500,True,False,1
304,8,3,7,0,1,6,0.429,True,True,1
305,8,0,6,2,1,6,0.000,True,True,1
306,8,2,5,2,0,6,0.400,True,False,1
307,8,2,7,1,1,6,0.286,True,True,1
308,8,2,5,0,1,6,0.400,False,False,1
309,8,3,6,0,1,6,0.500,True,False,1
310,8,5,7,1,1,6,0.714,True,False,1
311,8,5,5,0,0,6,1.000,True,False,1
312,8,2,5,0,1,6,0.400,False,True,1
313,8,2,5,0,1,6,0.400,False,True,1
314,8,2,6,0,1,6,0.333,True,True,1
315,8,3,5,0,1,6,0.600,False,False,1
316,8,1,7,0,1,6,0.143,True,True,1
317,8,2,7,0,0,6,0.286,True,False,1
318,8,4,5,0,1,6,0.800,True,False,1
319,8,3,5,0,1,6,0.600,False,True,1
320,8,2,5,0,1,6,0.400,False,True,1
321,8,1,8,0,1,6,0.125,True,True,1
322,8,3,6,0,1,6,0.500,True,False,1
323,8,4,2,0,0,6,2.000,False,False,1
324,8,2,4,0,1,6,0.500,False,True,1
325,8,3,3,0,1,6,1.000,False,False,1
326,8,2,4,0,1,6,0.500,False,True,1
327,8,2,4,0,1,6,0.500,False,True,1
328,8,4,1,0,0,6,4.000,False,False,0
329,8,3,3,0,1,6,1.000,False,True,0
330,8,3,1,0,1,6,3.000,False,False,0
331,8,2,1,0,1,6,2.000,False,True,0
332,8,1,5,0,1,6,0.200,False,True,0
333,8,4,2,0,0,6,2.000,False,False,0
334,8,4,1,0,1,6,4.000,False,False,0
335,8,4,1,0,1,6,4.000,False,True,0
336,8,3,1,0,1,6,3.000,False,True,0
337,8,0,4,0,0,6,0.000,False,True,0
338,8,0,6,0,1,6,0.000,False,True,0
339,8,5,1,0,1,6,5.000,False,False,0
340,8,3,0,0,1,6,6.000,False,False,0
341,8,4,2,0,1,6,2.000,False,True,0
342,8,5,0,0,1,6,6.000,False,False,0
343,8,4,0,0,0,6,6.000,False,True,0
344,8,3,3,0,1,6,1.000,False,True,0
345,8,3,2,0,1,6,1.500,False,False,0
346,8,1,3,0,1,6,0.333,False,True,0
347,8,4,1,0,1,6,4.000,False,False,0
348,8,1,3,0,1,6,0.333,False,True,0
349,8,2,4,0,1,6,0.500,False,False,0
350,8,6,0,0,0,6,6.000,False,False,0
351,8,2,1,0,1,6,2.000,False,True,0
352,8,2,3,0,1,6,0.667,False,True,0
353,8,0,4,0,1,6,0.000,False,True,0
354,8,2,4,0,1,6,0.500,False,False,0
355,8,3,2,0,1,6,1.500,False,False,0
356,8,3,3,0,1,6,1.000,False,True,0
357,8,4,1,0,0,6,4.000,False,False,0
358,8,2,2,0,1,6,1.000,False,True,0
359,8,2,2,0,1,6,1.000,False,True,0
360,8,0,5,0,1,6,0.000,False,True,0
361,8,2,4,0,0,6,0.500,False,False,0
362,8,1,4,0,1,6,0.250,False,True,0
363,8,2,3,0,1,6,0.667,False,False,0
364,8,2,2,1,1,6,1.000,False,False,0
365,8,3,3,0,1,6,1.000,False,True,0
366,8,2,2,0,0,6,1.000,False,True,0
367,8,1,4,0,1,6,0.250,False,True,0
368,8,2,3,0,1,6,0.667,False,False,0
369,8,5,1,0,1,6,5.000,False,False,0
370,8,4,0,0,1,6,6.000,False,False,0
371,8,2,2,0,0,6,1.000,False,True,0
372,8,0,5,0,1,6,0.000,False,True,0
373,8,2,4,0,1,6,0.500,False,False,0
374,8,4,1,0,1,6,4.000,False,False,0
375,8,6,0,0,1,6,6.000,False,False,0
376,8,6,0,0,0,6,6.000,False,True,0
377,8,3,0,0,1,6,6.000,False,True,0
378,8,1,3,0,1,6,0.333,False,True,0
379,8,1,4,0,0,6,0.250,False,True,0
380,8,3,3,0,1,6,1.000,False,False,0
381,8,5,1,0,1,6,5.000,False,False,0
382,8,2,0,0,1,6,6.000,False,False,0
383,8,2,4,0,1,6,0.500,False,True,0
384,8,2,3,0,1,6,0.667,False,False,0
385,8,2,3,0,1,6,0.667,False,True,0
386,8,3,2,0,0,6,1.500,False,False,0
387,8,3,1,0,1,6,3.000,False,False,0
388,8,2,3,0,1,6,0.667,False,True,0
389,8,4,1,0,1,6,4.000,False,False,0
390,8,3,2,0,1,6,1.500,False,True,0
391,8,6,0,0,0,6,6.000,False,False,0
392,8,2,1,0,1,6,2.000,False,True,0
393,8,2,3,0,1,6,0.667,False,True,0
394,8,2,3,0,0,6,0.667,False,True,0
395,8,3,2,0,1,6,1.500,False,False,0
396,8,3,3,0,1,6,1.000,False,True,0
397,8,3,1,0,1,6,3.000,False,False,0
398,8,4,2,0,1,6,2.000,False,True,0
399,8,4,0,0,0,6,6.000,False,False,0
400,8,2,3,0,1,6,0.667,False,True,0
401,8,0,4,0,1,6,0.000,False,True,0
402,8,4,2,0,1,6,2.000,False,False,0
403,8,5,0,0,0,6,6.000,False,False,0
404,8,4,1,0,1,6,4.000,False,True,0
405,8,3,1,0,1,6,3.000,False,True,0
406,8,2,2,0,1,6,1.000,False,True,0
407,8,4,2,0,0,6,2.000,False,False,0
408,8,2,3,0,1,6,0.667,False,True,0
409,8,4,1,0,1,6,4.000,False,False,0
410,8,2,2,0,1,6,1.000,False,True,0
411,8,0,4,0,1,6,0.000,False,True,0
412,8,2,4,0,1,6,0.500,False,False,0
413,8,4,1,0,0,6,4.000,False,False,0
414,8,3,2,0,1,6,1.500,False,True,0
415,8,3,3,0,1,6,1.000,False,True,0
416,8,1,2,0,1,6,0.500,False,True,0
417,8,2,4,0,1,6,0.500,False,True,0
418,8,4,1,0,1,6,4.000,False,False,0
419,8,3,1,0,0,6,3.000,False,True,0
420,8,3,3,0,1,6,1.000,False,True,0
421,8,2,2,0,1,6,1.000,False,True,0
422,8,3,2,0,1,6,1.500,False,False,0
423,8,2,3,0,0,6,0.667,False,True,0
424,8,2,4,0,1,6,0.500,False,True,0
425,8,4,1,0,1,6,4.000,False,False,0
426,8,5,1,0,1,6,5.000,False,False,0
427,8,2,0,0,0,6,6.000,False,False,0
428,8,2,4,0,1,6,0.500,False,True,0
429,8,3,2,0,1,6,1.500,False,False,0
430,8,6,0,0,1,6,6.000,False,False,0
431,8,5,0,0,0,6,6.000,False,True,0
432,8,3,1,0,1,6,3.000,False,True,0
433,8,4,2,0,1,6,2.000,False,True,0
434,8,3,0,0,1,6,6.000,False,False,0
435,8,3,2,0,0,6,1.500,False,True,0
436,8,3,3,0,1,6,1.000,False,True,0
437,8,2,2,0,1,6,1.000,False,True,0
438,8,3,2,0,0,6,1.500,False,False,0
439,8,3,2,0,1,6,1.500,False,True,0
440,8,2,2,0,1,6,1.000,False,True,0
441,8,1,3,0,1,6,0.333,False,True,0
442,8,1,5,0,0,6,0.200,False,True,0
443,8,4,2,0,1,6,2.000,False,False,0
444,8,4,1,0,1,6,4.000,False,False,0
445,8,4,0,0,1,6,6.000,False,False,0
446,8,3,1,0,1,6,3.000,False,True,0
447,8,1,4,0,0,6,0.250,False,True,0
448,8,3,3,0,1,6,1.000,False,False,0
449,8,5,1,0,1,6,5.000,False,False,0
450,8,4,0,0,1,6,6.000,False,False,0
451,8,3,1,1,1,6,3.000,False,True,0
452,8,4,1,0,0,6,4.000,False,False,0
453,8,3,2,0,1,6,1.500,False,True,0
454,8,2,2,0,1,6,1.000,False,True,0
455,8,4,2,0,1,6,2.000,False,False,0
456,8,3,1,0,1,6,3.000,False,False,0
457,8,3,2,0,0,6,1.500,False,True,0
458,8,1,4,0,1,6,0.250,False,True,0
459,8,2,3,0,1,6,0.667,False,False,0
460,8,2,4,0,1,6,0.500,False,True,0
461,8,3,2,0,1,6,1.500,False,False,0
462,8,4,0,0,1,6,6.000,False,False,0
463,8,3,2,0,1,6,1.500,False,True,0
464,8,2,2,0,1,6,1.000,False,True,0
465,8,2,4,0,0,6,0.500,False,True,0
466,8,4,2,0,1,6,2.000,False,False,0
467,8,2,2,0,1,6,1.000,False,True,0
468,8,2,3,0,1,6,0.667,False,True,0
469,8,2,3,0,1,6,0.667,False,True,0
470,8,3,2,0,1,6,1.500,False,False,0
471,8,3,2,0,1,6,1.500,False,True,0
472,8,2,3,0,0,6,0.667,False,True,0
473,8,3,2,0,1,6,1.500,False,False,0
474,8,3,2,0,1,6,1.500,False,True,0
475,8,0,3,0,1,6,0.000,False,True,0
476,8,1,5,0,1,6,0.200,False,False,0
477,8,3,3,0,1,6,1.000,False,False,0
478,8,3,3,0,0,6,1.000,False,True,0
479,8,2,1,0,1,6,2.000,False,False,0
480,8,3,3,0,1,6,1.000,False,True,0
481,8,3,0,0,1,6,6.000,False,False,0
482,8,2,3,0,1,6,0.667,False,True,0
483,8,1,4,0,0,6,0.250,False,True,0
484,8,3,3,0,1,6,1.000,False,False,0
485,8,2,1,0,1,6,2.000,False,False,0
486,8,2,3,0,1,6,0.667,False,True,0
487,8,2,3,0,1,6,0.667,False,True,0
488,8,5,1,0,1,6,5.000,False,False,0
489,8,6,0,0,1,6,6.000,False,False,0
490,8,2,0,0,1,6,6.000,False,True,0
491,8,2,3,0,0,6,0.667,False,True,0
492,8,2,4,0,1,6,0.500,False,True,0
493,8,4,1,0,1,6,4.000,False,False,0
494,8,6,0,0,0,6,6.000,False,False,0
495,8,3,1,0,1,6,3.000,False,True,0
496,8,3,2,0,1,6,1.500,False,True,0
497,8,2,2,0,0,6,1.000,False,True,0
498,8,0,5,0,1,6,0.000,False,True,0
499,8,1,5,0,1,6,0.200,False,False,0
500,8,6,0,0,1,6,6.000,False,False,0
501,8,2,0,0,1,6,6.000,False,True,0
502,8,2,3,0,0,6,0.667,False,True,0
503,8,1,4,0,1,6,0.250,False,True,0
504,8,3,3,0,1,6,1.000,False,False,0
505,8,5,0,0,1,6,6.000,False,False,0
506,8,3,1,0,1,6,3.000,False,True,0
507,8,2,2,0,0,6,1.000,False,True,0
508,8,0,5,0,1,6,0.000,False,True,0
509,8,3,3,0,1,6,1.000,False,False,0
510,8,1,3,0,1,6,0.333,False,True,0
511,8,3,3,0,1,6,1.000,False,False,0
512,8,4,1,0,0,6,4.000,False,False,0
513,8,3,3,0,1,6,1.000,False,True,0
514,8,2,2,0,1,6,1.000,False,True,0
515,8,2,3,0,1,6,0.667,False,True,0
516,8,1,3,0,1,6,0.333,False,True,0
517,8,3,3,0,0,6,1.000,False,False,0
518,8,3,2,0,1,6,1.500,False,False,0
519,8,3,2,0,1,6,1.500,False,True,0
520,8,3,2,0,1,6,1.500,False,True,0
521,8,2,2,0,1,6,1.000,False,True,0
522,8,1,4,0,1,6,0.250,False,True,0
523,8,3,3,0,1,6,1.000,False,False,0
524,8,4,0,0,1,6,6.000,False,False,0
525,8,5,1,0,1,6,5.000,False,True,0
526,8,1,1,0,0,6,1.000,False,True,0
527,8,2,4,0,1,6,0.500,False,True,0
528,8,3,3,0,1,6,1.000,False,False,0
529,8,3,2,0,0,6,1.500,False,False,0
530,8,4,2,0,1,6,2.000,False,False,0
531,8,4,1,0,1,6,4.000,False,False,0
532,8,3,0,0,1,6,6.000,False,False,0
533,8,2,3,0,1,6,0.667,False,True,0
534,8,2,3,0,0,6,0.667,False,True,0
535,8,2,4,0,1,6,0.500,False,True,0
536,8,2,3,0,1,6,0.667,False,False,0
537,8,4,0,0,1,6,6.000,False,False,0
538,8,3,3,0,1,6,1.000,False,True,0
539,8,4,1,0,0,6,4.000,False,False,0
540,8,2,2,0,1,6,1.000,False,True,0
541,8,2,4,0,1,6,0.500,False,True,0
542,8,2,3,0,0,6,0.667,False,False,0
543,8,2,2,0,1,6,1.000,False,False,0
544,8,2,3,0,1,6,0.667,False,True,0
545,8,2,4,0,1,6,0.500,False,True,0
546,8,5,1,0,1,6,5.000,False,False,0
547,8,5,0,0,0,6,6.000,False,False,0
548,8,2,1,0,1,6,2.000,False,True,0
549,8,2,3,0,1,6,0.667,False,True,0
550,8,1,4,0,0,6,0.250,False,True,0
551,8,3,3,0,1,6,1.000,False,False,0
552,8,4,1,0,1,6,4.000,False,False,0
553,8,2,1,0,1,6,2.000,False,True,0
554,8,1,4,0,1,6,0.250,False,True,0
555,8,2,4,0,0,6,0.500,False,False,0
556,8,5,1,0,1,6,5.000,False,False,0
557,8,2,0,0,1,6,6.000,False,False,0
558,8,2,3,0,0,6,0.667,False,True,0
559,8,2,4,0,1,6,0.500,False,True,0
560,8,3,3,0,1,6,1.000,False,False,0
561,8,4,0,0,1,6,6.000,False,False,0
562,8,3,1,0,1,6,3.000,False,True,0
563,8,1,4,0,0,6,0.250,False,True,0
564,8,1,5,0,1,6,0.200,False,True,0
565,8,3,2,0,1,6,1.500,False,False,0
566,8,3,3,0,1,6,1.000,False,True,0
567,8,4,2,0,1,6,2.000,False,False,0
568,8,3,0,0,1,6,6.000,False,False,0
569,8,1,3,0,1,6,0.333,False,True,0
570,8,1,5,0,1,6,0.200,True,True,0
571,8,2,3,0,0,6,0.667,False,False,0
572,8,2,3,0,1,6,0.667,False,True,0
573,8,3,3,0,1,6,1.000,False,False,0
574,8,2,1,0,1,6,2.000,False,False,0
575,8,1,4,0,1,6,0.250,False,True,0
576,8,3,3,0,0,6,1.000,False,False,0
577,8,5,0,0,1,6,6.000,False,False,0
578,8,4,1,0,1,6,4.000,False,True,0
579,8,2,1,0,1,6,2.000,False,True,0
580,8,1,4,0,1,6,0.250,False,True,1
581,8,3,3,0,1,6,1.000,False,False,1
582,8,3,3,0,1,6,1.000,False,True,1
583,8,5,0,0,0,6,6.000,False,False,1
584,8,2,1,0,1,6,2.000,False,True,1
585,8,2,3,0,1,6,0.667,False,True,1
586,8,2,3,0,1,6,0.667,False,True,1
587,8,5,5,0,0,6,1.000,True,False,1
588,8,2,4,0,1,6,0.500,False,True,1
589,8,1,5,0,1,6,0.200,True,True,1
590,8,1,7,0,1,6,0.143,True,True,1
591,8,0,7,0,1,6,0.000,True,True,1
592,8,4,7,0,0,6,0.571,True,False,1
593,8,4,6,0,1,6,0.667,True,False,1
594,8,3,5,0,1,6,0.600,True,True,1
595,8,0,6,0,1,6,0.000,True,True,1
596,8,1,8,0,1,6,0.125,True,False,1
597,8,6,6,0,0,6,1.000,True,False,1
598,8,4,5,0,1,6,0.800,True,True,1
599,8,4,7,0,1,6,0.571,True,True,1
600,8,2,5,0,1,6,0.400,True,True,1
601,8,5,7,0,1,6,0.714,True,False,1
602,8,2,4,0,1,6,0.500,False,True,1
603,8,1,7,0,1,6,0.143,True,True,1
604,8,2,5,0,0,6,0.400,True,False,1
605,8,1,7,1,1,6,0.143,True,True,1
606,8,1,6,1,1,6,0.167,True,True,1
607,8,4,6,0,1,6,0.667,True,False,1
608,8,3,5,2,0,6,0.600,True,True,1
609,8,2,6,1,1,6,0.333,True,True,1
610,8,1,6,0,1,6,0.167,True,True,1
611,8,1,7,0,1,6,0.143,True,True,1
612,8,3,6,1,1,6,0.500,True,False,1
613,8,2,5,1,0,6,0.400,True,True,1
614,8,1,6,0,1,6,0.167,True,True,1
615,8,0,7,0,1,6,0.000,True,True,1
616,8,0,6,1,1,6,0.000,True,True,1
617,8,2,7,0,1,6,0.286,True,False,1
618,8,2,9,0,0,6,0.222,True,True,1
619,8,2,7,0,1,6,0.286,True,False,1
620,8,0,5,0,1,6,0.000,False,True,1
621,8,0,10,0,1,6,0.000,True,True,1
622,8,0,10,0,0,6,0.000,True,True,1
623,8,0,10,0,1,6,0.000,True,True,1
624,8,0,8,0,1,6,0.000,True,True,1
625,8,0,8,0,1,6,0.000,True,True,1
626,8,0,7,0,1,6,0.000,True,True,1
627,8,0,8,2,1,6,0.000,True,True,1
628,8,2,10,0,0,6,0.200,True,False,1
629,8,2,7,0,1,6,0.286,True,False,1
630,8,0,5,0,1,6,0.000,False,True,1
631,8,0,7,0,1,6,0.000,True,True,1
632,8,1,9,0,1,6,0.111,True,False,1
633,8,1,9,1,1,6,0.111,True,True,1
634,8,2,4,1,0,6,0.500,False,False,1
635,8,1,7,1,1,6,0.143,True,True,1
636,8,1,6,0,1,6,0.167,True,True,1
637,8,1,7,1,1,6,0.143,True,True,1
638,8,1,8,1,1,6,0.125,True,True,1
639,8,3,5,1,0,6,0.600,True,False,1
640,8,3,6,1,1,6,0.500,True,True,1
641,8,3,5,0,1,6,0.600,True,False,1
642,8,3,6,1,1,6,0.500,True,True,1
643,8,3,6,0,1,6,0.500,True,True,1
644,8,2,4,0,0,6,0.500,False,True,1
645,8,2,7,0,1,6,0.286,True,True,1
646,8,2,6,0,1,6,0.333,True,False,1
647,8,3,6,0,1,6,0.500,True,False,1
648,8,4,7,0,1,6,0.571,True,False,1
649,8,4,5,0,1,6,0.800,True,False,1
650,8,1,5,0,0,6,0.200,False,True,1
651,8,1,6,0,1,6,0.167,True,True,1
652,8,2,7,0,1,6,0.286,True,False,1
653,8,5,4,0,1,6,1.250,True,False,1
654,8,6,3,0,0,6,2.000,True,False,1
655,8,1,2,0,1,6,0.500,False,True,1
656,8,1,5,0,1,6,0.200,False,True,1
657,8,1,7,0,1,6,0.143,True,True,1
658,8,3,4,0,1,6,0.750,False,False,1
659,8,4,2,0,0,6,2.000,False,False,1
660,8,2,2,0,1,6,1.000,False,True,0
661,8,2,4,0,1,6,0.500,False,True,0
662,8,5,0,0,1,6,6.000,False,False,0
663,8,6,0,0,0,6,6.000,False,True,0
664,8,1,1,0,1,6,1.000,False,True,0
665,8,2,4,0,1,6,0.500,False,True,0
666,8,3,2,0,1,6,1.500,False,False,0
667,8,3,3,0,1,6,1.000,False,True,0
668,8,3,1,0,0,6,3.000,False,False,0
669,8,2,3,0,1,6,0.667,False,True,0
670,8,3,3,0,1,6,1.000,False,False,0
671,8,2,2,0,1,6,1.000,False,True,0
672,8,2,2,0,1,6,1.000,False,True,0
673,8,3,3,0,1,6,1.000,False,True,0
674,8,3,1,0,0,6,3.000,False,False,0
675,8,3,2,0,1,6,1.500,False,True,0
676,8,6,0,0,1,6,6.000,False,False,0
677,8,3,0,0,1,6,6.000,False,True,0
678,8,3,2,0,0,6,1.500,False,True,0
679,8,1,4,0,1,6,0.250,False,True,0
680,8,5,0,0,1,6,6.000,False,False,0
681,8,5,1,0,1,6,5.000,False,True,0
682,8,3,1,0,0,6,3.000,False,True,0
683,8,3,2,0,1,6,1.500,False,True,0
684,8,2,2,0,1,6,1.000,False,True,0
685,8,2,4,0,1,6,0.500,False,True,0
686,8,3,2,0,1,6,1.500,False,False,0
687,8,3,1,0,0,6,3.000,False,False,0
688,8,3,3,0,1,6,1.000,False,True,0
689,8,6,0,0,1,6,6.000,False,False,0
690,8,3,0,0,1,6,6.000,False,True,0
691,8,2,2,0,1,6,1.000,False,True,0
692,8,2,3,0,0,6,0.667,False,True,0
693,8,1,4,0,1,6,0.250,False,True,0
694,8,5,1,0,1,6,5.000,False,False,0
695,8,2,0,0,1,6,6.000,False,False,0
696,8,3,3,0,0,6,1.000,False,True,0
697,8,2,3,0,1,6,0.667,False,True,0
698,8,2,4,0,1,6,0.500,False,True,0
699,8,3,2,0,1,6,1.500,False,False,0
700,8,6,0,0,1,6,6.000,False,False,0
701,8,3,0,0,0,6,6.000,False,True,0
702,8,2,3,0,1,6,0.667,False,True,0
703,8,2,3,0,1,6,0.667,False,True,0
704,8,3,1,0,1,6,3.000,False,False,0
705,8,3,2,0,0,6,1.500,False,True,0
706,8,3,2,0,1,6,1.500,False,True,0
707,8,1,3,0,1,6,0.333,False,True,0
708,8,3,3,0,1,6,1.000,False,False,0
709,8,4,2,0,1,6,2.000,False,False,0
710,8,5,0,0,0,6,6.000,False,False,0
711,8,2,1,0,1,6,2.000,False,True,0
712,8,2,3,0,1,6,0.667,False,True,0
713,8,1,4,0,0,6,0.250,False,True,0
714,8,1,5,0,1,6,0.200,False,True,0
715,8,3,3,0,1,6,1.000,False,False,0
716,8,5,0,0,1,6,6.000,False,False,0
717,8,5,0,0,1,6,6.000,False,True,0
718,8,1,1,0,0,6,1.000,False,True,0
719,8,0,6,0,1,6,0.000,True,True,0
720,8,0,6,0,1,6,0.000,True,True,0
721,8,3,3,0,1,6,1.000,False,False,0
722,8,4,2,0,1,6,2.000,False,False,0
723,8,4,0,0,1,6,6.000,False,False,0
724,8,4,1,0,0,6,4.000,False,True,0
725,8,1,3,0,1,6,0.333,False,True,0
726,8,3,3,0,1,6,1.000,False,False,0
727,8,2,2,0,1,6,1.000,False,True,0
728,8,4,2,0,0,6,2.000,False,False,0
729,8,0,3,0,1,6,0.000,False,True,0
730,8,2,4,0,1,6,0.500,False,False,0
731,8,3,2,0,1,6,1.500,False,False,0
732,8,4,0,0,1,6,6.000,False,False,0
733,8,3,3,0,0,6,1.000,False,True,0
734,8,0,3,0,1,6,0.000,False,True,0
735,8,3,3,0,1,6,1.000,False,False,0
736,8,2,2,1,1,6,1.000,False,True,0
737,8,4,1,0,1,6,4.000,False,False,0
738,8,2,2,0,1,6,1.000,False,True,0
739,8,2,4,0,1,6,0.500,False,True,0
740,8,2,2,0,0,6,1.000,False,False,0
741,8,3,3,0,1,6,1.000,False,True,0
742,8,3,1,1,1,6,3.000,False,False,0
743,8,4,1,0,1,6,4.000,False,False,0
744,8,1,2,0,0,6,0.500,False,True,0
745,8,3,3,0,1,6,1.000,False,False,0
746,8,3,2,0,1,6,1.500,False,False,0
747,8,5,1,0,1,6,5.000,False,False,0
748,8,3,0,0,1,6,6.000,False,False,0
749,8,2,3,0,1,6,0.667,False,True,0
750,8,0,4,0,1,6,0.000,False,True,0
751,8,2,4,0,1,6,0.500,False,False,0
752,8,5,1,0,0,6,5.000,False,False,0
753,8,1,1,0,1,6,1.000,False,True,0
754,8,2,4,0,1,6,0.500,False,True,0
755,8,2,3,0,1,6,0.667,False,False,0
756,8,2,3,0,1,6,0.667,False,True,0
757,8,5,1,0,1,6,5.000,False,False,0
758,8,3,1,0,1,6,3.000,False,True,0
759,8,2,3,0,0,6,0.667,False,True,0
760,8,3,2,0,1,6,1.500,False,False,0
761,8,4,2,0,1,6,2.000,False,False,0
762,8,4,0,0,1,6,6.000,False,False,0
763,8,2,1,0,1,6,2.000,False,True,0
764,8,1,4,0,0,6,0.250,False,True,0
765,8,3,3,0,1,6,1.000,False,False,0
766,8,4,1,0,1,6,4.000,False,False,0
767,8,3,1,0,0,6,3.000,False,True,0
768,8,1,3,0,1,6,0.333,False,True,0
769,8,0,5,0,1,6,0.000,False,True,0
770,8,1,5,0,1,6,0.200,True,False,0
771,8,6,0,0,1,6,6.000,False,False,0
772,8,5,0,0,1,6,6.000,False,True,0
773,8,5,0,0,0,6,6.000,False,True,0
774,8,0,2,0,1,6,0.000,False,True,0
775,8,0,6,0,1,6,0.000,True,True,0
776,8,1,5,0,1,6,0.200,True,False,0
777,8,1,4,0,1,6,0.250,False,False,0
778,8,3,2,0,0,6,1.500,False,False,0
779,8,4,2,0,1,6,2.000,False,False,0
780,8,0,2,0,1,6,0.000,False,True,0
781,8,1,5,0,1,6,0.200,False,False,0
782,8,5,1,0,1,6,5.000,False,False,0
783,8,3,1,0,1,6,3.000,False,True,0
784,8,4,2,0,0,6,2.000,False,True,0
785,8,3,2,0,1,6,1.500,False,True,0
786,8,2,3,0,1,6,0.667,False,True,0
787,8,1,3,0,1,6,0.333,False,True,0
788,8,4,2,0,1,6,2.000,False,False,0
789,8,3,1,1,1,6,3.000,False,False,0
790,8,3,1,0,0,6,3.000,False,True,0
791,8,3,3,0,1,6,1.000,False,True,0
792,8,2,2,0,1,6,1.000,False,True,0
793,8,4,2,0,1,6,2.000,False,False,0
794,8,3,1,0,1,6,3.000,False,False,0
795,8,1,3,0,0,6,0.333,False,True,0
796,8,3,3,0,1,6,1.000,False,False,0
797,8,3,2,0,1,6,1.500,False,False,0
798,8,4,0,0,1,6,6.000,False,False,0
799,8,1,3,0,1,6,0.333,False,True,0
800,8,1,4,0,0,6,0.250,False,True,0
801,8,2,4,0,1,6,0.500,False,False,0
802,8,3,3,0,1,6,1.000,False,False,0
803,8,5,0,0,1,6,6.000,False,False,0
804,8,4,0,0,0,6,6.000,False,True,0
805,8,0,3,0,1,6,0.000,False,True,0
806,8,2,4,0,1,6,0.500,False,False,0
807,8,4,2,0,1,6,2.000,False,False,0
808,8,5,0,0,0,6,6.000,False,False,0
809,8,1,1,0,1,6,1.000,False,True,0
810,8,0,5,0,1,6,0.000,False,True,0
811,8,2,4,0,1,6,0.500,False,False,0
812,8,4,2,0,1,6,2.000,False,False,0
813,8,4,1,0,1,6,4.000,False,False,0
814,8,4,0,0,1,6,6.000,False,False,0
815,8,2,2,0,1,6,1.000,False,True,0
816,8,3,2,0,0,6,1.500,False,False,0
817,8,3,3,0,1,6,1.000,False,True,0
818,8,2,1,0,1,6,2.000,False,False,0
819,8,1,3,0,1,6,0.333,False,True,0
820,8,1,4,0,1,6,0.250,False,True,0
821,8,2,4,0,1,6,0.500,False,False,0
822,8,3,2,0,0,6,1.500,False,False,0
823,8,2,2,0,1,6,1.000,False,True,0
824,8,1,3,0,1,6,0.333,False,True,0
825,8,1,4,0,1,6,0.250,False,True,0
826,8,3,3,0,1,6,1.000,False,False,0
827,8,5,1,0,1,6,5.000,False,False,0
828,8,4,0,0,0,6,6.000,False,False,0
829,8,1,2,0,1,6,0.500,False,True,0
830,8,2,4,0,1,6,0.500,False,True,0
831,8,1,4,0,1,6,0.250,False,True,0
832,8,3,3,0,1,6,1.000,False,False,0
833,8,3,1,0,0,6,3.000,False,False,0
834,8,1,4,0,1,6,0.250,False,True,0
835,8,4,2,0,1,6,2.000,False,False,0
836,8,4,1,0,1,6,4.000,False,False,0
837,8,4,0,0,1,6,6.000,False,False,0
838,8,3,3,0,1,6,1.000,False,True,0
839,8,2,2,0,1,6,1.000,False,True,0
840,8,3,2,0,0,6,1.500,False,False,0
841,8,0,4,0,1,6,0.000,False,True,0
842,8,2,4,0,1,6,0.500,False,False,0
843,8,4,2,0,1,6,2.000,False,False,0
844,8,3,2,0,1,6,1.500,False,True,0
845,8,3,1,0,1,6,3.000,False,False,0
846,8,2,3,0,1,6,0.667,False,True,0
847,8,4,1,0,1,6,4.000,False,False,0
848,8,5,1,0,0,6,5.000,False,False,0
849,8,5,0,0,1,6,6.000,False,False,0
850,8,4,1,0,1,6,4.000,False,True,0
851,8,1,1,0,1,6,1.000,False,True,0
852,8,0,6,0,0,6,0.000,True,True,0
853,8,3,3,0,1,6,1.000,False,False,0
854,8,6,0,0,1,6,6.000,False,False,0
855,8,5,0,0,1,6,6.000,False,True,0
856,8,2,0,0,1,6,6.000,False,True,0
857,8,2,4,0,0,6,0.500,False,True,0
858,8,3,2,0,1,6,1.500,False,False,0
859,8,3,1,0,1,6,3.000,False,False,0
860,8,2,3,0,1,6,0.667,False,True,0
861,8,3,2,0,0,6,1.500,False,False,0
862,8,1,3,0,1,6,0.333,False,True,0
863,8,3,3,0,1,6,1.000,False,False,0
864,8,5,1,0,1,6,5.000,False,False,0
865,8,5,0,0,1,6,6.000,False,False,0
866,8,3,0,0,0,6,6.000,False,True,0
867,8,2,3,0,1,6,0.667,False,True,0
868,8,1,4,0,1,6,0.250,False,True,0
869,8,3,3,0,1,6,1.000,False,False,0
870,8,6,0,0,1,6,6.000,False,False,0
871,8,3,1,1,0,6,3.000,False,True,0
872,8,3,1,0,1,6,3.000,False,True,0
873,8,0,3,0,1,6,0.000,False,True,0
874,8,1,5,0,1,6,0.200,True,False,0
875,8,5,1,0,1,6,5.000,False,False,0
876,8,5,0,0,1,6,6.000,False,False,0
877,8,5,0,0,1,6,6.000,False,True,0
878,8,2,1,0,0,6,2.000,False,True,0
879,8,1,4,0,1,6,0.250,False,True,0
880,8,2,4,0,1,6,0.500,False,False,0
881,8,4,1,0,1,6,4.000,False,False,0
882,8,6,0,0,0,6,6.000,False,False,0
883,8,5,0,0,1,6,6.000,False,True,0
884,8,1,1,0,1,6,1.000,False,True,0
885,8,0,5,0,1,6,0.000,False,True,0
886,8,0,6,0,1,6,0.000,True,True,0
887,8,4,2,0,0,6,2.000,False,False,0
888,8,5,0,0,1,6,6.000,False,False,0
889,8,3,0,0,1,6,6.000,False,True,0
890,8,3,3,0,1,6,1.000,False,True,0
891,8,4,2,0,1,6,2.000,False,False,0
892,8,4,0,0,0,6,6.000,False,False,0
893,8,2,3,0,1,6,0.667,False,True,0
894,8,2,3,0,1,6,0.667,False,True,0
895,8,3,2,0,1,6,1.500,False,False,0
896,8,4,1,0,1,6,4.000,False,False,0
897,8,4,1,0,1,6,4.000,False,True,0
898,8,3,1,0,0,6,3.000,False,True,0
899,8,1,4,0,1,6,0.250,False,True,0
900,8,1,4,0,1,6,0.250,False,True,0
901,8,4,2,0,1,6,2.000,False,False,0
902,8,3,2,0,1,6,1.500,False,True,0
903,8,3,2,0,1,6,1.500,False,True,0
904,8,5,0,0,0,6,6.000,False,False,0
905,8,1,2,0,1,6,0.500,False,True,0
906,8,3,3,0,1,6,1.000,False,False,0
907,8,2,3,0,1,6,0.667,False,True,0
908,8,5,0,0,0,6,6.000,False,False,0
909,8,3,2,0,1,6,1.500,False,True,0
910,8,1,2,0,1,6,0.500,False,True,0
911,8,2,4,0,1,6,0.500,False,True,0
912,8,2,3,0,1,6,0.667,False,False,0
913,8,4,1,0,0,6,4.000,False,False,0
914,8,4,2,0,1,6,2.000,False,True,0
915,8,2,2,0,1,6,1.000,False,True,0
916,8,2,2,0,1,6,1.000,False,True,0
917,8,2,4,0,1,6,0.500,False,True,0
918,8,2,3,0,1,6,0.667,False,False,0
919,8,2,3,0,0,6,0.667,False,True,0
920,8,1,4,0,1,6,0.250,False,True,0
921,8,4,2,0,1,6,2.000,False,False,0
922,8,5,0,0,1,6,6.000,False,False,0
923,8,3,1,1,0,6,3.000,False,True,0
924,8,2,2,0,1,6,1.000,False,True,0
925,8,0,4,0,1,6,0.000,False,True,0
926,8,2,4,0,1,6,0.500,False,False,0
927,8,2,4,0,1,6,0.500,False,True,0
928,8,3,2,0,1,6,1.500,False,False,0
929,8,3,2,0,1,6,1.500,False,True,0
930,8,5,0,0,0,6,6.000,False,False,0
931,8,1,2,0,1,6,0.500,False,True,0
932,8,2,4,0,1,6,0.500,False,True,0
933,8,3,2,0,1,6,1.500,False,False,0
934,8,3,2,0,1,6,1.500,False,True,0
935,8,2,3,0,1,6,0.667,False,True,0
936,8,2,3,0,1,6,0.667,False,True,0
937,8,2,4,0,0,6,0.500,False,True,0
938,8,2,2,0,1,6,1.000,False,False,0
939,8,4,1,0,1,6,4.000,False,False,0
940,8,4,1,0,1,6,4.000,False,True,0
941,8,3,2,0,0,6,1.500,False,True,0
942,8,2,2,0,1,6,1.000,False,True,0
943,8,4,2,0,1,6,2.000,False,False,0
944,8,6,0,0,1,6,6.000,False,False,0
945,8,2,0,0,1,6,6.000,False,True,0
946,8,3,3,0,0,6,1.000,False,True,0
947,8,2,2,0,1,6,1.000,False,True,0
948,8,2,3,0,1,6,0.667,False,True,0
949,8,1,4,0,1,6,0.250,False,True,0
950,8,1,4,0,1,6,0.250,False,True,0
951,8,5,1,0,1,6,5.000,False,False,0
952,8,4,0,0,1,6,6.000,False,False,0
953,8,3,2,0,0,6,1.500,False,True,0
954,8,3,2,0,1,6,1.500,False,True,0
955,8,4,2,0,1,6,2.000,False,False,0
956,8,2,1,0,1,6,2.000,False,True,0
957,8,0,4,0,1,6,0.000,False,True,0
958,8,2,4,0,1,6,0.500,False,False,0
959,8,3,1,0,1,6,3.000,False,False,0
960,8,4,2,0,0,6,2.000,False,True,0
961,8,3,2,0,1,6,1.500,False,True,0
962,8,1,2,0,1,6,0.500,False,True,0
963,8,2,4,0,1,6,0.500,False,True,0
964,8,2,3,0,1,6,0.667,False,False,0
965,8,4,1,0,0,6,4.000,False,False,0
966,8,3,2,0,1,6,1.500,False,True,0
967,8,3,1,0,1,6,3.000,False,False,0
968,8,3,2,0,1,6,1.500,False,True,0
969,8,3,2,0,1,6,1.500,False,True,0
970,8,4,1,0,1,6,4.000,False,False,0
971,8,4,1,0,0,6,4.000,False,True,0
972,8,2,2,0,1,6,1.000,False,True,0
973,8,4,2,0,1,6,2.000,False,False,0
974,8,3,2,0,1,6,1.500,False,True,0
975,8,3,2,0,1,6,1.500,False,True,0
976,8,2,2,0,1,6,1.000,False,True,0
977,8,3,2,0,0,6,1.500,False,False,0
978,8,1,3,0,1,6,0.333,False,True,0
979,8,0,5,0,1,6,0.000,False,True,0
980,8,2,4,0,1,6,0.500,False,False,0
981,8,2,3,0,1,6,0.667,False,False,0
982,8,5,0,0,1,6,6.000,False,False,0
983,8,2,1,1,0,6,2.000,False,True,0
984,8,2,3,0,1,6,0.667,False,True,0
985,8,1,3,0,1,6,0.333,False,True,0
986,8,2,4,0,1,6,0.500,False,False,0
987,8,4,1,0,1,6,4.000,False,False,0
988,8,3,1,1,1,6,3.000,False,True,0
989,8,1,3,0,1,6,0.333,False,True,0
990,8,3,2,0,1,6,1.500,False,False,0
991,8,3,3,0,1,6,1.000,False,True,0
992,8,2,3,0,0,6,0.667,False,True,0
993,8,4,2,0,1,6,2.000,False,False,0
994,8,2,0,0,1,6,6.000,False,False,0
995,8,0,4,0,1,6,0.000,False,True,0
996,8,1,5,0,1,6,0.200,True,False,0
997,8,5,1,0,1,6,5.000,False,False,0
998,8,4,2,0,0,6,2.000,False,True,0
999,8,3,0,0,1,6,6.000,False,False,0
1000,8,1,3,0,1,6,0.333,False,True,0
1001,8,2,3,0,1,6,0.667,False,False,0
1002,8,4,2,0,0,6,2.000,False,False,0
1003,8,3,2,0,1,6,1.500,False,True,0
1004,8,2,1,0,1,6,2.000,False,False,0
1005,8,2,4,0,1,6,0.500,False,True,0
1006,8,2,3,0,1,6,0.667,False,False,0
1007,8,4,1,0,1,6,4.000,False,False,0
1008,8,5,0,0,1,6,6.000,False,False,0
1009,8,4,1,0,1,6,4.000,False,True,0
1010,8,1,2,0,0,6,0.500,False,True,0
1011,8,1,5,0,1,6,0.200,True,True,0
1012,8,3,2,0,1,6,1.500,False,False,0
1013,8,3,2,0,1,6,1.500,False,True,0
1014,8,2,3,0,0,6,0.667,False,True,0
1015,8,3,3,0,1,6,1.000,False,False,0
1016,8,3,1,0,1,6,3.000,False,False,0
1017,8,3,2,0,1,6,1.500,False,True,0
1018,8,2,2,0,1,6,1.000,False,True,0
1019,8,4,2,0,1,6,2.000,False,False,0
1020,8,2,2,0,1,6,1.000,False,True,0
1021,8,2,4,0,0,6,0.500,False,True,0
1022,8,2,2,0,1,6,1.000,False,False,0
1023,8,5,1,0,1,6,5.000,False,False,0
1024,8,2,0,0,1,6,6.000,False,False,0
1025,8,0,5,0,0,6,0.000,False,True,0
1026,8,3,3,0,1,6,1.000,False,False,0
1027,8,4,2,0,1,6,2.000,False,False,0
1028,8,3,0,0,1,6,6.000,False,False,0
1029,8,3,2,0,1,6,1.500,False,True,0
1030,8,2,3,0,0,6,0.667,False,True,0
1031,8,3,2,0,1,6,1.500,False,False,0
1032,8,5,1,0,1,6,5.000,False,False,0
1033,8,5,0,0,1,6,6.000,False,False,0
1034,8,4,0,0,1,6,6.000,False,True,0
1035,8,2,2,0,0,6,1.000,False,True,0
1036,8,1,4,0,1,6,0.250,False,True,0
1037,8,0,5,0,1,6,0.000,False,True,0
1038,8,3,3,0,1,6,1.000,False,False,0
1039,8,2,3,0,1,6,0.667,False,True,0
1040,8,4,1,0,0,6,4.000,False,False,0
1041,8,2,2,0,1,6,1.000,False,True,0
1042,8,3,2,0,1,6,1.500,False,False,0
1043,8,3,2,0,1,6,1.500,False,True,0
1044,8,3,3,0,0,6,1.000,False,True,0
1045,8,5,1,0,1,6,5.000,False,False,0
1046,8,3,0,0,1,6,6.000,False,False,0
1047,8,2,3,0,1,6,0.667,False,True,0
1048,8,3,2,0,1,6,1.500,False,False,0
1049,8,3,2,0,0,6,1.500,False,True,0
1050,8,3,2,0,1,6,1.500,False,True,0
1051,8,2,2,0,1,6,1.000,False,True,0
1052,8,2,3,0,1,6,0.667,False,True,0
1053,8,4,2,0,1,6,2.000,False,False,0
1054,8,5,0,0,1,6,6.000,False,False,0
1055,8,3,0,0,0,6,6.000,False,True,0
1056,8,2,4,0,1,6,0.500,False,True,0
1057,8,1,3,0,1,6,0.333,False,True,0
1058,8,3,3,0,1,6,1.000,False,False,0
1059,8,6,0,0,1,6,6.000,False,False,0
1060,8,2,0,0,1,6,6.000,False,True,0
1061,8,1,4,0,0,6,0.250,False,True,0
1062,8,3,3,0,1,6,1.000,False,False,0
1063,8,3,2,0,1,6,1.500,False,False,0
1064,8,5,0,0,1,6,6.000,False,False,0
1065,8,3,1,0,1,6,3.000,False,True,0
1066,8,4,2,0,0,6,2.000,False,True,0
1067,8,2,2,0,1,6,1.000,False,True,0
1068,8,5,1,0,1,6,5.000,False,False,0
1069,8,3,0,0,1,6,6.000,False,False,0
1070,8,3,2,0,0,6,1.500,False,True,0
1071,8,1,4,0,1,6,0.250,False,True,0
1072,8,2,4,0,1,6,0.500,False,False,0
1073,8,2,3,0,0,6,0.667,False,False,0
1074,8,5,1,0,1,6,5.000,False,False,0
1075,8,4,1,0,1,6,4.000,False,True,0
1076,8,2,2,0,1,6,1.000,False,True,0
1077,8,3,3,0,1,6,1.000,False,True,0
1078,8,1,3,0,1,6,0.333,False,True,0
1079,8,2,3,0,1,6,0.667,False,False,0
1080,8,5,1,0,1,6,5.000,False,False,0
1081,8,3,1,0,0,6,3.000,False,True,0
1082,8,3,2,0,1,6,1.500,False,True,0
1083,8,3,2,0,1,6,1.500,False,True,0
1084,8,2,3,0,0,6,0.667,False,True,0
1085,8,2,3,0,1,6,0.667,False,True,0
1086,8,4,2,0,1,6,2.000,False,False,0
1087,8,4,0,0,1,6,6.000,False,False,0
1088,8,2,3,0,1,6,0.667,False,True,0
1089,8,2,2,0,0,6,1.000,False,False,0
1090,8,2,4,0,1,6,0.500,False,True,0
1091,8,5,1,0,1,6,5.000,False,False,0
1092,8,4,0,0,1,6,6.000,False,False,0
1093,8,2,2,0,0,6,1.000,False,True,0
1094,8,1,4,0,1,6,0.250,False,True,0
1095,8,0,5,0,1,6,0.000,False,True,0
1096,8,2,4,0,1,6,0.500,False,False,0
1097,8,5,0,0,1,6,6.000,False,False,0
1098,8,4,2,0,0,6,2.000,False,True,0
1099,8,3,1,0,1,6,3.000,False,False,0
1100,8,0,3,0,1,6,0.000,False,True,0
1101,8,2,4,0,1,6,0.500,False,False,0
1102,8,4,1,0,1,6,4.000,False,False,0
1103,8,3,1,0,1,6,3.000,False,True,0
1104,8,4,1,0,1,6,4.000,False,False,0
1105,8,3,2,0,0,6,1.500,False,True,0
1106,8,3,2,0,1,6,1.500,False,True,0
1107,8,4,1,0,1,6,4.000,False,False,0
1108,8,1,1,0,1,6,1.000,False,True,0
1109,8,1,5,0,0,6,0.200,True,True,0
1110,8,1,4,0,1,6,0.250,False,False,0
1111,8,4,2,0,1,6,2.000,False,False,0
1112,8,3,1,1,1,6,3.000,False,False,0
1113,8,4,1,0,1,6,4.000,False,False,0
1114,8,3,1,0,0,6,3.000,False,True,0
1115,8,2,4,0,1,6,0.500,False,True,0
1116,8,0,4,0,1,6,0.000,False,True,0
1117,8,2,4,0,1,6,0.500,False,False,0
1118,8,3,1,1,1,6,3.000,False,False,0
1119,8,3,0,0,1,6,6.000,False,False,0
1120,8,3,2,0,0,6,1.500,False,True,0
1121,8,2,4,0,1,6,0.500,False,True,0
1122,8,4,1,0,1,6,4.000,False,False,0
1123,8,3,2,0,1,6,1.500,False,True,0
1124,8,2,2,0,1,6,1.000,False,True,0
1125,8,3,2,0,1,6,1.500,False,False,0
1126,8,4,2,0,1,6,2.000,False,False,0
1127,8,4,0,0,1,6,6.000,False,False,0
1128,8,4,1,0,0,6,4.000,False,True,0
1129,8,3,3,0,1,6,1.000,False,True,0
1130,8,2,2,0,1,6,1.000,False,True,0
1131,8,4,1,0,1,6,4.000,False,False,0
1132,8,4,2,0,1,6,2.000,False,True,0
1133,8,4,0,0,0,6,6.000,False,False,0
1134,8,2,3,0,1,6,0.667,False,True,0
1135,8,2,3,0,1,6,0.667,False,True,0
1136,8,2,3,0,1,6,0.667,False,True,0
1137,8,3,2,0,1,6,1.500,False,False,0
1138,8,3,1,0,0,6,3.000,False,False,0
1139,8,1,4,0,1,6,0.250,False,True,0
1140,8,3,3,0,1,6,1.000,False,False,0
1141,8,3,2,0,1,6,1.500,False,False,0
1142,8,2,3,0,1,6,0.667,False,True,0
1143,8,3,1,0,1,6,3.000,False,False,0
1144,8,2,3,0,1,6,0.667,False,True,0
1145,8,3,2,0,1,6,1.500,False,False,0
1146,8,2,3,0,0,6,0.667,False,True,0
1147,8,4,2,0,1,6,2.000,False,False,0
1148,8,3,2,0,1,6,1.500,False,True,0
1149,8,3,1,0,1,6,3.000,False,False,0
1150,8,3,2,0,1,6,1.500,False,True,0
1151,8,4,0,0,1,6,6.000,False,False,0
1152,8,3,2,0,0,6,1.500,False,True,0
1153,8,3,2,0,1,6,1.500,False,True,0
1154,8,3,2,0,1,6,1.500,False,True,0
1155,8,2,3,0,1,6,0.667,False,True,0
1156,8,4,0,0,1,6,6.000,False,False,0
1157,8,2,2,0,1,6,1.000,False,True,0
1158,8,3,3,0,0,6,1.000,False,True,0
1159,8,4,2,0,1,6,2.000,False,False,0
1160,8,3,2,0,1,6,1.500,False,True,0
1161,8,2,1,0,1,6,2.000,False,False,0
1162,8,2,3,0,1,6,0.667,False,True,0
1163,8,4,2,0,1,6,2.000,False,False,0
1164,8,5,0,0,0,6,6.000,False,False,0
1165,8,4,1,0,1,6,4.000,False,True,0
1166,8,5,0,0,1,6,6.000,False,False,0
1167,8,4,1,0,1,6,4.000,False,True,0
1168,8,3,1,0,1,6,3.000,False,True,0
1169,8,2,3,0,0,6,0.667,False,True,0
1170,8,3,3,0,1,6,1.000,False,False,0
1171,8,2,2,0,1,6,1.000,False,True,0
1172,8,5,1,0,1,6,5.000,False,False,0
1173,8,3,1,0,0,6,3.000,False,True,0
1174,8,2,2,0,1,6,1.000,False,True,0
1175,8,1,3,0,1,6,0.333,False,True,0
1176,8,2,4,0,1,6,0.500,False,False,0
1177,8,4,1,0,1,6,4.000,False,False,0
1178,8,4,0,0,1,6,6.000,False,False,0
1179,8,3,1,0,0,6,3.000,False,True,0
1180,8,2,4,0,1,6,0.500,False,True,0
1181,8,2,3,0,1,6,0.667,False,False,0
1182,8,5,1,0,1,6,5.000,False,False,0
1183,8,4,1,0,1,6,4.000,False,True,0
1184,8,3,2,0,0,6,1.500,False,True,0
1185,8,2,1,0,1,6,2.000,False,False,0
1186,8,2,4,0,1,6,0.500,False,True,0
1187,8,0,4,0,1,6,0.000,False,True,0
1188,8,4,2,0,1,6,2.000,False,False,0
1189,8,4,0,0,0,6,6.000,False,False,0
1190,8,1,3,0,1,6,0.333,False,True,0
1191,8,1,5,0,1,6,0.200,True,True,0
1192,8,3,2,1,1,6,1.500,False,False,0
1193,8,5,0,0,1,6,6.000,False,False,0
1194,8,3,0,0,0,6,6.000,False,True,0
1195,8,1,4,0,1,6,0.250,False,True,0
1196,8,1,4,0,1,6,0.250,False,True,0
1197,8,2,2,1,1,6,1.000,False,False,0
1198,8,2,2,0,1,6,1.000,False,True,0
1199,8,2,4,0,1,6,0.500,False,True,0
1200,8,3,1,0,0,6,3.000,False,False,0
1201,8,2,3,0,1,6,0.667,False,True,0
1202,8,2,3,0,1,6,0.667,False,True,0
1203,8,5,1,0,1,6,5.000,False,False,0
1204,8,3,1,0,1,6,3.000,False,True,0
1205,8,4,2,0,0,6,2.000,False,True,0
1206,8,2,3,0,1,6,0.667,False,True,0
1207,8,2,3,0,1,6,0.667,False,True,0
1208,8,3,2,0,0,6,1.500,False,False,0
1209,8,4,2,0,1,6,2.000,False,False,0
1210,8,4,1,0,1,6,4.000,False,False,0
1211,8,3,1,0,1,6,3.000,False,True,0
1212,8,1,4,0,1,6,0.250,False,True,0
1213,8,2,3,0,1,6,0.667,False,False,0
1214,8,5,1,0,0,6,5.000,False,False,0
1215,8,3,1,0,1,6,3.000,False,True,0
1216,8,3,3,0,1,6,1.000,False,True,0
1217,8,1,2,0,1,6,0.500,False,True,0
1218,8,3,3,0,1,6,1.000,False,False,0
1219,8,3,2,0,0,6,1.500,False,False,0
1220,8,3,2,0,1,6,1.500,False,True,0
1221,8,3,2,0,1,6,1.500,False,True,0
1222,8,3,3,0,1,6,1.000,False,True,0
1223,8,2,1,0,1,6,2.000,False,False,0
1224,8,2,3,0,1,6,0.667,False,True,0
1225,8,2,3,0,1,6,0.667,False,True,0
1226,8,4,1,0,0,6,4.000,False,False,0
1227,8,3,2,0,1,6,1.500,False,True,0
1228,8,3,2,0,1,6,1.500,False,True,0
1229,8,3,1,0,1,6,3.000,False,False,0
1230,8,5,1,0,1,6,5.000,False,False,0
1231,8,5,0,0,0,6,6.000,False,False,0
1232,8,3,1,0,1,6,3.000,False,True,0
1233,8,1,3,0,1,6,0.333,False,True,0
1234,8,0,5,0,1,6,0.000,False,True,0
1235,8,2,4,0,1,6,0.500,False,False,0
1236,8,5,1,0,0,6,5.000,False,False,0
1237,8,4,0,0,1,6,6.000,False,False,0
1238,8,1,2,0,1,6,0.500,False,True,0
1239,8,1,4,0,1,6,0.250,False,True,0
1240,8,3,3,0,1,6,1.000,False,False,0
1241,8,4,1,0,0,6,4.000,False,False,0
1242,8,2,2,0,1,6,1.000,False,True,0
1243,8,2,4,0,1,6,0.500,True,True,0
1244,8,2,4,0,1,6,0.500,True,True,0
1245,8,3,1,0,1,6,3.000,False,False,0
1246,8,4,1,0,1,6,4.000,False,False,0
1247,8,1,2,0,0,6,0.500,False,True,0
1248,8,2,4,0,1,6,0.500,True,True,0
1249,8,3,2,0,1,6,1.500,False,False,0
1250,8,5,0,0,1,6,6.000,False,False,0
1251,8,3,1,0,1,6,3.000,False,True,0
1252,8,0,4,0,1,6,0.000,False,True,0
1253,8,3,3,0,1,6,1.000,False,False,0
1254,8,5,1,0,0,6,5.000,False,False,0
1255,8,4,0,0,1,6,6.000,False,False,0
1256,8,2,1,0,1,6,2.000,False,True,0
1257,8,2,3,0,1,6,0.667,False,True,0
1258,8,3,3,0,0,6,1.000,False,False,0
1259,8,1,4,0,1,6,0.250,False,True,0
1260,8,3,2,0,1,6,1.500,False,False,0
1261,8,3,1,0,1,6,3.000,False,False,0
1262,8,3,3,0,0,6,1.000,False,True,0
1263,8,1,2,0,1,6,0.500,False,True,0
1264,8,1,5,0,1,6,0.200,True,True,0
1265,8,1,4,0,1,6,0.250,False,False,0
1266,8,5,1,0,1,6,5.000,False,False,0
1267,8,2,0,0,1,6,6.000,False,False,0
1268,8,3,3,0,1,6,1.000,False,True,0
1269,8,2,3,0,1,6,0.667,False,True,0
1270,8,3,3,0,1,6,1.000,False,False,0
1271,8,6,0,0,0,6,6.000,False,False,0
1272,8,0,1,0,1,6,0.000,False,True,0
1273,8,0,6,0,1,6,0.000,True,True,0
1274,8,2,4,0,1,6,0.500,True,False,0
1275,8,3,2,0,1,6,1.500,False,False,0
1276,8,4,1,0,0,6,4.000,False,False,0
1277,8,2,3,0,1,6,0.667,False,True,0
1278,8,0,4,0,1,6,0.000,False,True,0
1279,8,3,3,0,1,6,1.000,False,False,0
1280,8,4,2,0,0,6,2.000,False,False,0
1281,8,3,1,0,1,6,3.000,False,False,0
1282,8,2,2,0,1,6,1.000,False,True,0
1283,8,1,3,0,1,6,0.333,False,True,0
1284,8,2,4,0,1,6,0.500,True,False,0
1285,8,6,0,0,1,6,6.000,False,False,0
1286,8,4,0,0,1,6,6.000,False,True,0
1287,8,4,1,0,1,6,4.000,False,True,0
1288,8,2,2,0,0,6,1.000,False,True,0
1289,8,0,5,0,1,6,0.000,False,True,0
1290,8,2,4,0,1,6,0.500,False,False,0
1291,8,3,1,0,1,6,3.000,False,False,0
1292,8,2,2,0,1,6,1.000,False,True,0
1293,8,2,3,0,1,6,0.667,False,True,0
1294,8,2,3,0,0,6,0.667,False,True,0
1295,8,3,3,0,1,6,1.000,False,False,0
1296,8,5,1,0,1,6,5.000,False,False,0
1297,8,3,0,0,1,6,6.000,False,False,0
1298,8,2,3,0,1,6,0.667,False,True,0
1299,8,2,3,0,0,6,0.667,False,True,0
1300,8,3,2,0,1,6,1.500,False,False,0
1301,8,2,3,0,1,6,0.667,False,True,0
1302,8,3,1,0,1,6,3.000,False,False,0
1303,8,3,3,0,1,6,1.000,False,True,0
1304,8,3,2,0,1,6,1.500,False,False,0
1305,8,3,1,1,0,6,3.000,False,False,0
1306,8,3,2,0,1,6,1.500,False,True,0
1307,8,0,3,0,1,6,0.000,False,True,0
1308,8,3,3,0,1,6,1.000,False,False,0
1309,8,2,2,0,1,6,1.000,False,True,0
1310,8,3,3,0,0,6,1.000,False,True,0
1311,8,3,2,0,1,6,1.500,False,False,0
1312,8,4,1,0,1,6,4.000,False,False,0
1313,8,3,1,0,1,6,3.000,False,True,0
1314,8,3,2,0,1,6,1.500,False,True,0
1315,8,4,1,0,0,6,4.000,False,False,0
1316,8,3,2,0,1,6,1.500,False,True,0
1317,8,2,3,0,1,6,0.667,False,True,0
1318,8,5,1,0,1,6,5.000,False,False,0
1319,8,2,1,0,1,6,2.000,False,True,0
1320,8,1,4,0,0,6,0.250,False,True,0
1321,8,1,4,0,1,6,0.250,False,True,0
1322,8,3,3,0,1,6,1.000,False,False,0
1323,8,4,1,0,0,6,4.000,False,False,0
1324,8,3,1,0,1,6,3.000,False,True,0
1325,8,2,3,0,1,6,0.667,False,True,0
1326,8,4,1,0,1,6,4.000,False,False,0
1327,8,3,2,0,1,6,1.500,False,True,0
1328,8,1,3,0,0,6,0.333,False,True,0
1329,8,2,4,0,1,6,0.500,True,False,0
1330,8,4,2,0,1,6,2.000,False,False,0
1331,8,5,0,0,1,6,6.000,False,False,0
1332,8,3,0,0,1,6,6.000,False,True,0
1333,8,2,3,0,1,6,0.667,False,True,0
1334,8,2,2,1,0,6,1.000,False,False,0
1335,8,1,3,0,1,6,0.333,False,True,0
1336,8,2,3,0,1,6,0.667,False,False,0
1337,8,4,2,0,1,6,2.000,False,False,0
1338,8,2,2,0,0,6,1.000,False,True,0
1339,8,2,4,0,1,6,0.500,True,True,0
1340,8,2,2,0,1,6,1.000,False,False,0
1341,8,4,2,0,1,6,2.000,False,False,0
1342,8,1,2,0,1,6,0.500,False,True,0
1343,8,2,3,0,1,6,0.667,False,False,0
1344,8,2,3,0,1,6,0.667,False,True,0
1345,8,4,2,0,0,6,2.000,False,False,0
1346,8,4,1,0,1,6,4.000,False,False,0
1347,8,3,0,0,1,6,6.000,False,False,0
1348,8,3,2,0,1,6,1.500,False,True,0
1349,8,0,4,0,0,6,0.000,False,True,0
1350,8,2,4,0,1,6,0.500,True,False,0
1351,8,2,3,0,1,6,0.667,False,False,0
1352,8,1,2,1,1,6,0.500,False,True,0
1353,8,3,3,0,0,6,1.000,False,False,0
1354,8,1,3,0,1,6,0.333,False,True,0
1355,8,2,3,0,1,6,0.667,False,False,0
1356,8,2,4,0,1,6,0.500,True,True,0
1357,8,2,2,0,1,6,1.000,False,False,0
1358,8,3,2,0,0,6,1.500,False,False,0
1359,8,3,3,0,1,6,1.000,False,True,0
1360,8,1,2,0,1,6,0.500,False,True,0
1361,8,3,2,0,1,6,1.500,False,False,0
1362,8,2,4,0,0,6,0.500,False,True,0
1363,8,4,2,0,1,6,2.000,False,False,0
1364,8,3,1,0,1,6,3.000,False,False,0
1365,8,2,2,0,1,6,1.000,False,True,0
1366,8,3,3,0,1,6,1.000,False,True,0
1367,8,3,1,0,1,6,3.000,False,False,0
1368,8,2,3,0,1,6,0.667,False,True,0
1369,8,4,1,0,1,6,4.000,False,False,0
1370,8,2,3,0,0,6,0.667,False,True,0
1371,8,3,3,0,1,6,1.000,False,False,0
1372,8,4,1,0,1,6,4.000,False,False,0
1373,8,3,0,0,1,6,6.000,False,False,0
1374,8,0,4,0,1,6,0.000,False,True,0
1375,8,0,6,0,0,6,0.000,True,True,0
1376,8,5,1,0,1,6,5.000,False,False,0
1377,8,5,1,0,1,6,5.000,False,True,0
1378,8,2,0,0,1,6,6.000,False,False,0
1379,8,1,4,0,1,6,0.250,False,True,0
1380,8,4,2,0,0,6,2.000,False,False,0
1381,8,3,2,0,1,6,1.500,False,True,0
1382,8,4,0,0,1,6,6.000,False,False,0
1383,8,3,2,0,1,6,1.500,False,True,0
1384,8,2,3,0,1,6,0.667,False,True,0
1385,8,2,4,0,0,6,0.500,False,True,0
1386,8,3,2,0,1,6,1.500,False,False,0
1387,8,2,2,0,1,6,1.000,False,True,0
1388,8,2,3,0,1,6,0.667,False,True,0
1389,8,3,1,1,1,6,3.000,False,False,0
1390,8,6,0,0,1,6,6.000,False,False,0
1391,8,3,0,0,0,6,6.000,False,True,0
1392,8,2,4,0,1,6,0.500,False,True,0
1393,8,1,3,0,1,6,0.333,False,True,0
1394,8,2,2,1,1,6,1.000,False,False,0
1395,8,5,0,0,1,6,6.000,False,False,0
1396,8,4,2,0,0,6,2.000,False,True,0
1397,8,2,1,0,1,6,2.000,False,True,0
1398,8,1,4,0,1,6,0.250,False,True,0
1399,8,1,4,0,1,6,0.250,False,True,0
1400,8,2,4,0,1,6,0.500,False,False,0
1401,8,5,0,0,1,6,6.000,False,False,0
1402,8,4,1,0,0,6,4.000,False,True,0
1403,8,3,1,0,1,6,3.000,False,True,0
1404,8,3,2,0,1,6,1.500,False,True,0
1405,8,2,3,0,1,6,0.667,False,True,0
1406,8,3,2,0,1,6,1.500,False,False,0
1407,8,2,2,0,1,6,1.000,False,True,0
1408,8,1,3,0,1,6,0.333,False,True,0
1409,8,0,6,0,1,6,0.000,True,True,0
1410,8,1,5,0,1,6,0.200,True,False,0
1411,8,6,0,0,1,6,6.000,False,False,0
1412,8,2,0,0,0,6,6.000,False,True,0
1413,8,1,4,0,1,6,0.250,False,True,0
1414,8,1,4,0,1,6,0.250,False,True,0
1415,8,4,2,0,1,6,2.000,False,False,0
1416,8,5,0,0,1,6,6.000,False,False,0
1417,8,4,1,0,0,6,4.000,False,True,0
1418,8,2,2,0,1,6,1.000,False,True,0
1419,8,2,2,0,1,6,1.000,False,True,0
1420,8,4,2,0,1,6,2.000,False,False,0
1421,8,4,1,0,1,6,4.000,False,False,0
1422,8,2,1,0,0,6,2.000,False,True,0
1423,8,1,5,0,1,6,0.200,True,True,0
1424,8,2,4,0,1,6,0.500,False,False,0
1425,8,2,3,0,1,6,0.667,False,False,0
1426,8,4,2,0,1,6,2.000,False,False,0
1427,8,2,0,0,1,6,6.000,False,False,0
1428,8,2,4,0,0,6,0.500,False,True,0
1429,8,2,3,0,1,6,0.667,False,False,0
1430,8,1,4,0,1,6,0.250,False,True,0
1431,8,3,2,0,1,6,1.500,False,False,0
1432,8,2,2,0,0,6,1.000,False,True,0
1433,8,2,3,0,1,6,0.667,False,True,0
1434,8,2,4,0,1,6,0.500,False,True,0
1435,8,4,0,0,1,6,6.000,False,False,0
1436,8,3,2,0,1,6,1.500,False,True,0
1437,8,1,3,0,0,6,0.333,False,True,0
1438,8,2,4,0,1,6,0.500,False,False,0
1439,8,1,3,0,1,6,0.333,False,True,0
1440,8,2,4,0,1,6,0.500,False,False,0
1441,8,4,2,0,0,6,2.000,False,False,0
1442,8,4,0,0,1,6,6.000,False,False,0
1443,8,2,1,0,1,6,2.000,False,True,0
1444,8,0,5,0,0,6,0.000,False,True,0
1445,8,2,4,0,1,6,0.500,False,False,0
1446,8,4,2,0,1,6,2.000,False,False,0
1447,8,2,1,0,1,6,2.000,False,True,0
1448,8,3,3,0,1,6,1.000,False,True,0
1449,8,4,1,0,1,6,4.000,False,False,0
1450,8,3,1,0,0,6,3.000,False,True,0
1451,8,3,2,0,1,6,1.500,False,True,0
1452,8,3,2,0,1,6,1.500,False,True,0
1453,8,3,2,0,1,6,1.500,False,True,0
1454,8,4,1,0,0,6,4.000,False,False,0
1455,8,1,3,0,1,6,0.333,False,True,0
1456,8,1,4,0,1,6,0.250,False,True,0
1457,8,4,2,0,1,6,2.000,False,False,0
1458,8,4,0,0,1,6,6.000,False,False,0
1459,8,2,2,0,0,6,1.000,False,True,0
1460,8,1,4,0,1,6,0.250,False,True,0
1461,8,3,3,0,1,6,1.000,False,False,0
1462,8,4,2,0,1,6,2.000,False,False,0
1463,8,5,0,0,0,6,6.000,False,False,0
1464,8,2,1,0,1,6,2.000,False,True,0
1465,8,0,4,0,1,6,0.000,False,True,0
1466,8,1,5,0,1,6,0.200,True,False,0
1467,8,5,1,0,1,6,5.000,False,False,0
1468,8,5,1,0,0,6,5.000,False,True,0
1469,8,3,0,0,1,6,6.000,False,False,0
1470,8,1,3,0,1,6,0.333,False,True,0
1471,8,1,4,0,1,6,0.250,False,True,0
1472,8,0,6,0,1,6,0.000,True,True,0
1473,8,5,1,0,0,6,5.000,False,False,0
1474,8,3,0,0,1,6,6.000,False,False,0
1475,8,2,3,0,1,6,0.667,False,True,0
1476,8,2,3,0,1,6,0.667,False,True,0
1477,8,4,1,0,1,6,4.000,False,False,0
1478,8,3,2,0,0,6,1.500,False,True,0
1479,8,2,2,0,1,6,1.000,False,True,0
1480,8,3,2,0,1,6,1.500,False,False,0
1481,8,3,3,0,1,6,1.000,False,True,0
1482,8,1,3,0,1,6,0.333,False,True,0
1483,8,3,2,0,0,6,1.500,False,False,0
1484,8,3,2,0,1,6,1.500,False,True,0
1485,8,4,2,0,1,6,2.000,False,False,0
1486,8,6,0,0,1,6,6.000,False,False,0
1487,8,2,0,0,0,6,6.000,False,True,0
1488,8,1,4,0,1,6,0.250,False,True,0
1489,8,1,4,0,1,6,0.250,False,True,0
1490,8,5,1,0,1,6,5.000,False,False,0
1491,8,4,1,0,0,6,4.000,False,True,0
1492,8,2,1,0,1,6,2.000,False,True,0
1493,8,1,4,0,1,6,0.250,False,True,0
1494,8,2,3,0,1,6,0.667,False,False,0
1495,8,2,4,0,0,6,0.500,False,True,0
1496,8,2,3,0,1,6,0.667,False,False,0
1497,8,0,0,0,0,6,6.000,False,False,0
