0;7;7;0;0;1;7
1;7;3;0;0;1;7
2;7;1;4;0;0;7
3;7;1;5;0;1;7
4;7;5;2;0;1;7
5;7;5;0;0;1;7
6;7;5;2;0;0;7
7;7;2;2;0;1;7
8;7;1;4;0;1;7
9;7;1;6;0;1;7
10;7;4;3;0;1;7
11;7;5;0;0;0;7
12;7;1;3;0;1;7
13;7;1;5;0;1;7
14;7;3;4;0;1;7
15;7;4;1;0;1;7
16;7;5;2;0;0;7
17;7;4;2;0;1;7
18;7;4;2;0;1;7
19;7;3;1;0;1;7
20;7;4;2;0;0;7
21;7;2;4;0;1;7
22;7;2;4;0;1;7
23;7;3;3;0;1;7
24;7;2;2;1;1;7
25;7;2;4;0;0;7
26;7;3;4;0;1;7
27;7;2;3;0;1;7
28;7;3;3;0;1;7
29;7;3;3;0;1;7
30;7;4;2;0;1;7
31;7;4;2;0;0;7
32;7;4;2;0;1;7
33;7;4;1;0;1;7
34;7;1;3;0;1;7
35;7;3;4;0;1;7
36;7;4;2;0;0;7
37;7;4;2;0;1;7
38;7;2;2;0;1;7
39;7;2;4;0;1;7
40;7;4;3;0;0;7
41;7;4;3;0;1;7
42;7;5;0;0;1;7
43;7;3;1;0;1;7
44;7;1;5;0;1;7
45;7;1;5;0;0;7
46;7;4;2;0;1;7
47;7;2;2;0;1;7
48;7;2;4;0;1;7
49;7;1;5;0;1;7
50;7;4;2;0;0;7
51;7;3;3;0;1;7
52;7;3;2;0;1;7
53;7;2;3;1;1;7
54;7;2;4;0;1;7
55;7;4;3;0;0;7
56;7;4;1;0;1;7
57;7;4;3;0;1;7
58;7;2;2;0;1;7
59;7;3;3;0;1;7
60;7;2;3;0;0;7
61;7;2;4;0;1;7
62;7;4;3;0;1;7
63;7;6;0;0;1;7
64;7;5;0;0;0;7
65;7;4;3;0;1;7
66;7;2;1;0;1;7
67;7;2;5;0;1;7
68;7;3;3;0;1;7
69;7;6;0;0;0;7
70;7;3;2;0;1;7
71;7;3;3;0;1;7
72;7;3;3;0;1;7
73;7;4;1;1;1;7
74;7;6;0;0;0;7
75;7;3;1;0;1;7
76;7;1;4;0;1;7
77;7;3;4;0;1;7
78;7;2;4;0;0;7
79;7;4;2;0;1;7
80;7;3;3;0;1;7
81;7;3;1;0;1;7
82;7;3;3;0;1;7
83;7;3;4;0;0;7
84;7;5;1;0;1;7
85;7;5;1;0;1;7
86;7;4;1;0;1;7
87;7;1;3;1;1;7
88;7;3;3;0;0;7
89;7;3;3;0;1;7
90;7;3;3;0;1;7
91;7;3;2;0;1;7
92;7;2;5;0;1;7
93;7;5;1;0;1;7
94;7;5;1;0;0;7
95;7;3;2;0;1;7
96;7;3;2;0;1;7
97;7;4;3;0;1;7
98;7;3;2;0;1;7
99;7;4;2;0;0;7
100;7;4;2;0;1;7
101;7;1;3;0;1;7
102;7;2;5;0;1;7
103;7;2;4;0;1;7
104;7;5;1;0;1;7
105;7;4;2;0;0;7
106;7;2;3;0;1;7
107;7;2;3;0;1;7
108;7;2;5;0;1;7
109;7;5;1;0;1;7
110;7;6;0;0;1;7
111;7;5;1;0;1;7
112;7;3;1;1;0;7
113;7;2;2;0;1;7
114;7;2;5;0;1;7
115;7;5;2;0;1;7
116;7;5;0;0;1;7
117;7;0;3;0;1;7
118;7;2;5;0;0;7
119;7;3;3;0;1;7
120;7;3;3;0;1;7
121;7;4;2;0;1;7
122;7;6;0;0;0;7
123;7;3;1;0;1;7
124;7;1;4;0;1;7
125;7;2;4;0;1;7
126;7;5;2;0;1;7
127;7;4;2;0;1;7
128;7;4;1;0;1;7
129;7;3;2;0;1;7
130;7;4;3;0;0;7
131;7;3;3;0;1;7
132;7;1;3;0;1;7
133;7;3;4;0;0;7
134;7;5;2;0;1;7
135;7;3;2;0;1;7
136;7;3;1;0;1;7
137;7;1;5;0;1;7
138;7;2;5;0;1;7
139;7;3;3;0;0;7
140;7;4;3;0;1;7
141;7;2;2;0;1;7
142;7;3;3;0;1;7
143;7;2;3;1;1;7
144;7;6;1;0;1;7
145;7;3;1;0;0;7
146;7;3;4;0;1;7
147;7;2;4;0;1;7
148;7;5;1;0;1;7
149;7;4;1;1;1;7
150;7;5;0;0;0;7
151;7;2;3;0;1;7
152;7;2;3;0;1;7
153;7;5;2;0;1;7
154;7;5;0;0;0;7
155;7;2;2;0;1;7
156;7;2;4;0;1;7
157;7;1;5;0;1;7
158;7;4;1;1;1;7
159;7;3;2;0;1;7
160;7;4;2;0;0;7
161;7;2;3;0;1;7
162;7;5;1;0;1;7
163;7;2;2;0;1;7
164;7;4;3;0;0;7
165;7;3;2;0;1;7
166;7;1;4;0;1;7
167;7;0;6;0;1;7
168;7;1;5;1;1;7
169;7;7;0;0;1;7
170;7;3;0;0;1;7
171;7;2;4;0;1;7
172;7;1;5;0;0;7
173;7;2;4;0;1;7
174;7;3;2;1;1;7
175;7;4;3;0;1;7
176;7;3;2;0;1;7
177;7;4;2;0;1;7
178;7;3;1;0;0;7
179;7;3;4;0;1;7
180;7;3;3;0;1;7
181;7;4;2;0;1;7
182;7;4;1;0;1;7
183;7;3;2;0;1;7
184;7;0;4;1;1;7
185;7;2;5;0;0;7
186;7;3;3;0;1;7
187;7;5;1;0;1;7
188;7;2;2;0;1;7
189;7;1;4;1;1;7
190;7;2;4;0;0;7
191;7;4;3;0;1;7
192;7;3;2;0;1;7
193;7;2;4;0;1;7
194;7;0;4;1;1;7
195;7;2;4;1;1;7
196;7;5;2;0;0;7
197;7;5;0;0;1;7
198;7;4;2;0;1;7
199;7;2;2;0;1;7
200;7;2;3;1;0;7
201;7;4;3;0;1;7
202;7;3;1;0;1;7
203;7;3;3;0;1;7
204;7;1;5;0;1;7
205;7;2;4;0;0;7
206;7;4;3;0;1;7
207;7;6;1;0;1;7
208;7;2;1;0;1;7
209;7;2;4;0;1;7
210;7;3;4;0;0;7
211;7;4;2;0;1;7
212;7;4;2;0;1;7
213;7;4;2;0;1;7
214;7;1;3;0;1;7
215;7;1;5;1;0;7
216;7;4;3;0;1;7
217;7;3;1;0;1;7
218;7;2;3;0;1;7
219;7;1;5;0;1;7
220;7;0;6;0;1;7
221;7;2;4;1;0;7
222;7;3;3;0;1;7
223;7;4;1;0;1;7
224;7;3;3;0;1;7
225;7;5;2;0;1;7
226;7;4;1;0;0;7
227;7;1;4;0;1;7
228;7;1;5;0;1;7
229;7;3;4;0;1;7
230;7;5;1;0;1;7
231;7;2;1;0;0;7
232;7;1;5;0;1;7
233;7;1;5;0;1;7
234;7;3;4;0;1;7
235;7;3;2;0;1;7
236;7;4;2;0;1;7
237;7;3;2;0;1;7
238;7;1;3;1;0;7
239;7;4;3;0;1;7
240;7;5;2;0;1;7
241;7;3;2;0;1;7
242;7;2;3;0;1;7
243;7;3;3;0;1;7
244;7;4;2;0;1;7
245;7;5;2;0;1;7
246;7;5;0;0;0;7
247;7;4;2;0;1;7
248;7;1;3;0;1;7
249;7;4;3;0;1;7
250;7;2;3;0;1;7
251;7;3;4;0;1;7
252;7;4;2;0;1;7
253;7;3;2;0;0;7
254;7;4;3;0;1;7
255;7;4;1;0;1;7
256;7;3;2;0;1;7
257;7;0;5;1;1;7
258;7;4;7;0;0;7
259;7;3;7;0;1;7
260;7;3;7;0;1;7
261;7;2;4;0;1;7
262;7;4;8;0;1;7
263;7;4;6;0;0;7
264;7;2;6;0;1;7
265;7;3;7;0;1;7
266;7;5;7;0;1;7
267;7;4;5;0;0;7
268;7;2;6;0;1;7
269;7;3;7;0;1;7
270;7;5;7;0;1;7
271;7;5;6;0;0;7
272;7;3;6;0;1;7
273;7;0;5;0;1;7
274;7;2;8;1;1;7
275;7;2;5;1;0;7
276;7;2;7;1;1;7
277;7;4;7;1;1;7
278;7;3;5;0;1;7
279;7;2;7;0;1;7
280;7;3;8;0;1;7
281;7;1;8;1;0;7
282;7;2;7;0;1;7
283;7;1;7;0;1;7
284;7;1;11;0;1;7
285;7;4;10;0;0;7
286;7;0;4;0;1;7
287;7;1;7;0;1;7
288;7;0;7;1;1;7
289;7;0;9;2;0;7
290;7;0;7;1;1;7
291;7;0;10;0;1;7
292;7;0;11;0;1;7
293;7;0;10;0;1;7
294;7;0;11;0;1;7
295;7;0;7;0;0;7
296;7;0;10;1;1;7
297;7;0;9;0;1;7
298;7;1;5;0;1;7
299;7;0;8;0;1;7
300;7;0;10;0;1;7
301;7;1;8;1;1;7
302;7;4;8;1;1;7
303;7;1;6;0;1;7
304;7;1;9;1;0;7
305;7;1;8;0;1;7
306;7;2;7;1;1;7
307;7;4;8;0;1;7
308;7;4;5;0;0;7
309;7;2;6;0;1;7
310;7;3;8;0;1;7
311;7;2;6;1;1;7
312;7;3;6;0;1;7
313;7;5;8;0;1;7
314;7;5;6;0;1;7
315;7;5;6;0;0;7
316;7;3;6;0;1;7
317;7;3;7;0;1;7
318;7;2;5;1;1;7
319;7;2;8;0;0;7
320;7;3;7;0;1;7
321;7;4;6;0;1;7
322;7;4;6;0;1;7
323;7;1;5;1;1;7
324;7;3;7;0;1;7
325;7;4;7;0;1;7
326;7;3;4;0;1;7
327;7;3;4;0;0;7
328;7;4;4;0;1;7
329;7;3;4;0;1;7
330;7;2;5;0;1;7
331;7;3;2;0;1;7
332;7;2;3;1;1;7
333;7;3;3;0;0;7
334;7;2;2;0;1;7
335;7;2;5;0;1;7
336;7;2;4;0;1;7
337;7;5;1;0;1;7
338;7;4;2;0;1;7
339;7;3;1;0;1;7
340;7;1;4;0;0;7
341;7;1;6;0;1;7
342;7;5;2;0;1;7
343;7;5;0;0;0;7
344;7;3;2;0;1;7
345;7;4;2;0;1;7
346;7;4;1;0;1;7
347;7;4;3;0;1;7
348;7;4;1;0;1;7
349;7;3;2;0;0;7
350;7;4;2;0;1;7
351;7;2;3;0;1;7
352;7;4;3;0;1;7
353;7;6;0;0;1;7
354;7;2;1;0;1;7
355;7;2;4;1;0;7
356;7;1;4;0;1;7
357;7;4;3;0;1;7
358;7;5;1;0;1;7
359;7;4;3;0;1;7
360;7;4;0;0;1;7
361;7;3;3;0;0;7
362;7;2;3;0;1;7
363;7;2;4;0;1;7
364;7;2;4;0;1;7
365;7;1;5;0;1;7
366;7;5;2;0;0;7
367;7;3;2;0;1;7
368;7;3;4;0;1;7
369;7;2;2;0;1;7
370;7;1;4;1;1;7
371;7;2;4;0;0;7
372;7;5;2;0;1;7
373;7;4;1;0;1;7
374;7;1;3;0;1;7
375;7;2;5;0;1;7
376;7;2;3;1;1;7
377;7;6;1;0;0;7
378;7;6;1;0;1;7
379;7;4;1;0;1;7
380;7;4;1;0;1;7
381;7;3;2;0;1;7
382;7;2;2;0;0;7
383;7;2;5;0;1;7
384;7;3;4;0;1;7
385;7;5;0;0;0;7
386;7;5;2;0;1;7
387;7;4;1;0;1;7
388;7;3;3;0;1;7
389;7;2;3;0;1;7
390;7;6;1;0;0;7
391;7;3;2;0;1;7
392;7;4;2;0;1;7
393;7;3;3;0;1;7
394;7;5;0;0;1;7
395;7;2;2;1;1;7
396;7;4;2;0;1;7
397;7;2;3;0;0;7
398;7;3;3;0;1;7
399;7;2;4;0;1;7
400;7;2;4;0;1;7
401;7;4;2;1;1;7
402;7;2;1;0;1;7
403;7;2;5;0;0;7
404;7;1;5;0;1;7
405;7;5;1;1;1;7
406;7;5;0;0;0;7
407;7;4;2;0;1;7
408;7;2;2;0;1;7
409;7;1;5;0;1;7
410;7;3;3;0;1;7
411;7;2;4;0;0;7
412;7;4;2;0;1;7
413;7;1;3;0;1;7
414;7;1;5;0;1;7
415;7;4;3;0;1;7
416;7;4;0;0;1;7
417;7;2;3;1;0;7
418;7;2;5;0;1;7
419;7;3;2;0;1;7
420;7;3;4;0;1;7
421;7;6;0;0;1;7
422;7;3;0;0;0;7
423;7;2;5;0;1;7
424;7;2;3;0;1;7
425;7;3;3;0;1;7
426;7;2;4;0;1;7
427;7;2;3;0;1;7
428;7;5;2;0;0;7
429;7;6;1;0;1;7
430;7;2;0;0;1;7
431;7;0;6;0;1;7
432;7;1;6;0;1;7
433;7;7;0;0;1;7
434;7;5;0;0;1;7
435;7;2;2;0;1;7
436;7;3;3;0;1;7
437;7;4;2;0;0;7
438;7;2;3;0;1;7
439;7;4;3;0;1;7
440;7;5;0;0;1;7
441;7;3;2;0;0;7
442;7;4;2;0;1;7
443;7;2;3;0;1;7
444;7;2;3;0;1;7
445;7;0;5;0;1;7
446;7;3;4;0;1;7
447;7;5;1;1;0;7
448;7;5;0;0;1;7
449;7;3;2;0;1;7
450;7;3;2;0;1;7
451;7;2;4;0;1;7
452;7;6;1;0;1;7
453;7;4;1;1;0;7
454;7;4;2;0;1;7
455;7;3;1;0;1;7
456;7;3;3;0;1;7
457;7;1;3;0;1;7
458;7;2;5;0;1;7
459;7;2;4;0;1;7
460;7;4;2;0;0;7
461;7;3;3;0;1;7
462;7;1;3;0;1;7
463;7;1;6;0;1;7
464;7;2;4;0;1;7
465;7;6;0;0;1;7
466;7;5;1;0;0;7
467;7;3;2;0;1;7
468;7;2;3;0;1;7
469;7;3;4;0;1;7
470;7;3;2;0;1;7
471;7;2;4;0;0;7
472;7;3;3;0;1;7
473;7;4;2;0;1;7
474;7;4;2;0;1;7
475;7;3;2;0;1;7
476;7;2;3;0;1;7
477;7;3;3;1;0;7
478;7;0;4;0;1;7
479;7;1;6;0;1;7
480;7;4;3;0;1;7
481;7;4;2;0;1;7
482;7;3;1;1;0;7
483;7;4;2;0;1;7
484;7;3;1;0;1;7
485;7;3;3;0;1;7
486;7;3;3;0;0;7
487;7;4;2;0;1;7
488;7;1;2;0;1;7
489;7;1;6;0;1;7
490;7;3;3;0;1;7
491;7;6;1;0;1;7
492;7;5;1;0;1;7
493;7;3;1;0;0;7
494;7;1;4;0;1;7
495;7;3;4;0;1;7
496;7;3;2;0;1;7
497;7;4;2;0;1;7
498;7;2;3;0;1;7
499;7;3;3;0;1;7
500;7;1;3;0;0;7
501;7;0;6;0;1;7
502;7;1;6;0;1;7
503;7;6;1;0;1;7
504;7;5;0;0;0;7
505;7;1;2;0;1;7
506;7;0;5;1;1;7
507;7;1;5;1;1;7
508;7;5;1;0;1;7
509;7;4;2;0;1;7
510;7;2;1;0;0;7
511;7;0;6;0;1;7
512;7;3;4;0;1;7
513;7;2;4;0;1;7
514;7;6;1;0;1;7
515;7;5;0;0;1;7
516;7;3;3;0;1;7
517;7;2;3;0;0;7
518;7;3;3;0;1;7
519;7;2;4;0;1;7
520;7;5;1;0;1;7
521;7;4;1;1;0;7
522;7;3;2;0;1;7
523;7;2;4;0;1;7
524;7;2;3;0;1;7
525;7;2;5;0;1;7
526;7;5;2;0;1;7
527;7;4;0;0;1;7
528;7;4;3;0;1;7
529;7;1;3;0;0;7
530;7;3;3;0;1;7
531;7;4;3;0;1;7
532;7;2;2;0;1;7
533;7;4;3;0;1;7
534;7;3;2;0;1;7
535;7;5;1;0;0;7
536;7;3;3;0;1;7
537;7;2;3;0;1;7
538;7;2;4;0;1;7
539;7;3;3;0;1;7
540;7;4;1;0;0;7
541;7;4;3;0;1;7
542;7;3;2;0;1;7
543;7;2;3;0;1;7
544;7;5;2;0;1;7
545;7;2;2;0;1;7
546;7;2;4;0;0;7
547;7;4;3;0;1;7
548;7;2;3;1;1;7
549;7;6;1;0;1;7
550;7;3;1;0;1;7
551;7;1;3;0;1;7
552;7;2;5;0;1;7
553;7;1;4;0;0;7
554;7;5;2;0;1;7
555;7;4;2;0;1;7
556;7;2;1;0;1;7
557;7;1;5;0;1;7
558;7;3;3;0;1;7
559;7;5;2;0;1;7
560;7;4;0;0;0;7
561;7;2;3;0;1;7
562;7;3;4;0;1;7
563;7;4;2;0;1;7
564;7;3;1;1;1;7
565;7;3;2;0;1;7
566;7;2;4;0;0;7
567;7;2;5;0;1;7
568;7;4;1;0;1;7
569;7;4;3;0;1;7
570;7;4;2;0;1;7
571;7;5;0;0;1;7
572;7;4;1;0;0;7
573;7;3;4;0;1;7
574;7;1;3;0;1;7
575;7;2;4;1;1;7
576;7;3;3;0;1;7
577;7;2;3;0;0;7
578;7;4;2;0;1;7
579;7;4;1;0;1;7
580;7;4;1;0;1;7
581;7;3;4;0;0;7
582;7;3;2;0;1;7
583;7;4;2;0;1;7
584;7;4;2;0;1;7
585;7;3;3;0;1;7
586;7;3;2;0;1;7
587;7;2;4;0;0;7
588;7;3;3;0;1;7
589;7;3;2;0;1;7
590;7;4;2;0;1;7
591;7;2;3;0;1;7
592;7;3;3;0;0;7
593;7;2;5;0;1;7
594;7;2;3;0;1;7
595;7;4;2;0;1;7
596;7;2;3;0;1;7
597;7;1;4;1;1;7
598;7;2;4;0;0;7
599;7;4;3;0;1;7
600;7;5;1;0;1;7
601;7;6;0;0;0;7
602;7;3;2;0;1;7
603;7;1;4;0;1;7
604;7;4;3;0;1;7
605;7;4;2;0;0;7
606;7;4;2;0;1;7
607;7;3;1;0;1;7
608;7;2;4;0;1;7
609;7;1;5;0;1;7
610;7;4;2;0;1;7
611;7;5;1;0;1;7
612;7;7;0;0;0;7
613;7;2;1;0;1;7
614;7;1;5;0;1;7
615;7;3;3;0;1;7
616;7;4;2;0;0;7
617;7;4;2;0;1;7
618;7;2;3;0;1;7
619;7;1;4;0;1;7
620;7;2;5;0;0;7
621;7;4;2;0;1;7
622;7;4;2;0;1;7
623;7;1;2;0;1;7
624;7;3;4;0;1;7
625;7;4;2;0;0;7
626;7;4;2;0;1;7
627;7;3;2;0;1;7
628;7;2;3;1;1;7
629;7;4;2;0;0;7
630;7;2;4;0;1;7
631;7;5;1;0;1;7
632;7;4;0;0;1;7
633;7;2;3;0;0;7
634;7;1;5;0;1;7
635;7;2;5;0;1;7
636;7;5;2;0;1;7
637;7;5;0;0;0;7
638;7;5;2;0;1;7
639;7;2;1;0;1;7
640;7;2;4;0;1;7
641;7;2;5;0;1;7
642;7;3;3;0;0;7
643;7;4;2;0;1;7
644;7;4;1;0;1;7
645;7;5;1;0;1;7
646;7;1;3;0;1;7
647;7;1;5;0;0;7
648;7;2;5;0;1;7
649;7;4;2;0;1;7
650;7;4;2;0;1;7
651;7;3;3;0;1;7
652;7;2;3;0;0;7
653;7;2;3;0;1;7
654;7;1;4;0;1;7
655;7;1;5;1;1;7
656;7;5;2;0;0;7
657;7;4;2;0;1;7
658;7;1;2;0;1;7
659;7;1;5;0;1;7
660;7;2;5;0;1;7
661;7;4;1;1;0;7
662;7;2;2;0;1;7
663;7;2;4;0;1;7
664;7;3;4;0;1;7
665;7;5;1;0;1;7
666;7;4;1;0;1;7
667;7;0;4;0;1;7
668;7;2;5;0;1;7
669;7;5;2;0;0;7
670;7;4;2;0;1;7
671;7;2;2;0;1;7
672;7;1;4;1;1;7
673;7;4;3;0;1;7
674;7;4;1;0;1;7
675;7;4;2;0;0;7
676;7;5;2;0;1;7
677;7;4;1;0;1;7
678;7;3;1;0;1;7
679;7;3;4;0;1;7
680;7;1;3;0;1;7
681;7;3;3;0;0;7
682;7;1;4;0;1;7
683;7;5;1;0;1;7
684;7;5;2;0;1;7
685;7;4;0;0;1;7
686;7;3;3;0;0;7
687;7;2;3;0;1;7
688;7;4;3;0;1;7
689;7;4;2;0;1;7
690;7;2;2;0;1;7
691;7;4;3;0;1;7
692;7;6;0;0;1;7
693;7;6;0;0;0;7
694;7;2;2;0;1;7
695;7;2;3;0;1;7
696;7;2;4;0;1;7
697;7;6;1;0;1;7
698;7;3;0;0;0;7
699;7;2;4;0;1;7
700;7;1;4;1;1;7
701;7;3;4;0;1;7
702;7;3;3;0;1;7
703;7;7;0;0;1;7
704;7;3;0;0;0;7
705;7;2;4;0;1;7
706;7;3;3;0;1;7
707;7;3;3;0;1;7
708;7;3;3;0;0;7
709;7;5;1;0;1;7
710;7;4;1;0;1;7
711;7;3;3;0;1;7
712;7;2;4;0;1;7
713;7;4;2;0;1;7
714;7;5;0;0;0;7
715;7;3;2;0;1;7
716;7;0;4;0;1;7
717;7;1;6;0;1;7
718;7;3;4;0;1;7
719;7;4;2;0;1;7
720;7;6;1;0;0;7
721;7;2;1;0;1;7
722;7;1;5;0;1;7
723;7;1;6;0;1;7
724;7;2;3;1;1;7
725;7;6;1;0;1;7
726;7;6;0;0;0;7
727;7;2;2;0;1;7
728;7;0;5;0;1;7
729;7;1;6;0;1;7
730;7;4;2;0;1;7
731;7;3;1;1;1;7
732;7;1;3;0;0;7
733;7;1;6;0;1;7
734;7;2;4;0;1;7
735;7;6;0;0;1;7
736;7;3;1;0;1;7
737;7;0;4;1;0;7
738;7;1;6;0;1;7
739;7;5;2;0;1;7
740;7;6;0;0;1;7
741;7;4;0;0;1;7
742;7;2;4;0;1;7
743;7;0;5;0;0;7
744;7;3;4;0;1;7
745;7;4;2;0;1;7
746;7;4;2;0;1;7
747;7;2;1;0;1;7
748;7;2;3;1;1;7
749;7;2;3;1;0;7
750;7;4;3;0;1;7
751;7;3;2;0;1;7
752;7;4;2;0;1;7
753;7;4;2;0;0;7
754;7;2;4;0;1;7
755;7;4;1;0;1;7
756;7;1;3;0;1;7
757;7;2;4;1;1;7
758;7;1;4;1;1;7
759;7;4;2;1;0;7
760;7;6;1;0;1;7
761;7;2;1;0;1;7
762;7;0;5;0;1;7
763;7;3;3;1;1;7
764;7;6;1;0;1;7
765;7;5;0;0;0;7
766;7;2;2;0;1;7
767;7;1;4;0;1;7
768;7;3;3;1;1;7
769;7;4;1;0;1;7
770;7;4;1;0;0;7
771;7;1;4;0;1;7
772;7;0;6;0;1;7
773;7;3;4;0;1;7
774;7;5;1;0;1;7
775;7;6;0;0;1;7
776;7;4;1;0;1;7
777;7;3;2;0;0;7
778;7;1;5;0;1;7
779;7;3;4;0;1;7
780;7;3;2;0;1;7
781;7;3;2;0;1;7
782;7;5;2;0;1;7
783;7;3;2;0;0;7
784;7;2;3;0;1;7
785;7;4;3;0;1;7
786;7;3;2;0;1;7
787;7;4;2;0;1;7
788;7;2;3;0;1;7
789;7;2;4;1;1;7
790;7;3;2;0;0;7
791;7;3;4;0;1;7
792;7;5;2;0;1;7
793;7;3;0;0;1;7
794;7;2;5;0;1;7
795;7;1;4;0;0;7
796;7;3;4;0;1;7
797;7;5;1;0;1;7
798;7;2;1;0;1;7
799;7;3;3;0;1;7
800;7;2;4;0;1;7
801;7;3;3;0;0;7
802;7;1;3;0;1;7
803;7;0;6;0;1;7
804;7;2;5;0;1;7
805;7;5;2;0;1;7
806;7;6;0;0;1;7
807;7;3;0;0;1;7
808;7;0;4;1;0;7
809;7;2;5;0;1;7
810;7;4;3;0;1;7
811;7;6;0;0;1;7
812;7;2;0;0;1;7
813;7;0;6;0;0;7
814;7;1;6;0;1;7
815;7;3;4;0;1;7
816;7;5;1;0;1;7
817;7;6;0;0;1;7
818;7;5;1;0;0;7
819;7;2;1;0;1;7
820;7;2;5;0;1;7
821;7;2;3;0;1;7
822;7;3;2;0;1;7
823;7;4;3;0;0;7
824;7;4;2;0;1;7
825;7;1;3;0;1;7
826;7;2;4;0;1;7
827;7;2;2;1;1;7
828;7;2;5;0;0;7
829;7;3;3;0;1;7
830;7;5;2;0;1;7
831;7;4;0;0;1;7
832;7;2;3;0;0;7
833;7;3;4;0;1;7
834;7;3;2;0;1;7
835;7;3;4;0;1;7
836;7;2;3;0;1;7
837;7;1;5;0;0;7
838;7;3;4;0;1;7
839;7;5;1;0;1;7
840;7;5;0;0;1;7
841;7;5;1;0;1;7
842;7;5;1;0;0;7
843;7;2;2;0;1;7
844;7;2;3;0;1;7
845;7;1;6;0;1;7
846;7;4;2;0;1;7
847;7;3;3;0;1;7
848;7;2;4;0;0;7
849;7;2;4;0;1;7
850;7;4;2;0;1;7
851;7;5;1;0;1;7
852;7;6;0;0;1;7
853;7;5;1;0;1;7
854;7;2;1;0;0;7
855;7;1;5;0;1;7
856;7;4;3;0;1;7
857;7;5;1;0;1;7
858;7;6;1;0;0;7
859;7;3;1;0;1;7
860;7;2;3;0;1;7
861;7;3;3;0;1;7
862;7;4;2;0;1;7
863;7;5;1;0;0;7
864;7;3;2;0;1;7
865;7;0;4;0;1;7
866;7;3;4;0;1;7
867;7;4;3;0;1;7
868;7;6;0;0;1;7
869;7;4;0;0;0;7
870;7;2;4;0;1;7
871;7;1;4;0;1;7
872;7;2;5;0;1;7
873;7;6;0;0;1;7
874;7;4;1;0;1;7
875;7;3;2;0;1;7
876;7;1;3;1;0;7
877;7;1;5;0;1;7
878;7;5;2;0;1;7
879;7;7;0;0;1;7
880;7;5;0;0;1;7
881;7;2;2;0;0;7
882;7;0;5;0;1;7
883;7;2;5;0;1;7
884;7;4;3;0;1;7
885;7;6;0;0;1;7
886;7;6;0;0;1;7
887;7;1;1;1;0;7
888;7;1;5;0;1;7
889;7;1;6;0;1;7
890;7;3;3;0;1;7
891;7;5;0;0;0;7
892;7;3;2;0;1;7
893;7;3;4;0;1;7
894;7;5;2;0;1;7
895;7;4;0;0;1;7
896;7;1;4;0;1;7
897;7;2;4;1;0;7
898;7;3;3;0;1;7
899;7;5;1;0;1;7
900;7;5;1;0;1;7
901;7;1;3;0;1;7
902;7;2;5;0;0;7
903;7;2;5;0;1;7
904;7;4;1;0;1;7
905;7;3;3;0;1;7
906;7;3;3;0;1;7
907;7;4;0;0;1;7
908;7;2;3;0;0;7
909;7;3;4;0;1;7
910;7;2;4;0;1;7
911;7;3;2;0;1;7
912;7;3;3;0;0;7
913;7;2;3;0;1;7
914;7;3;4;0;1;7
915;7;2;3;0;1;7
916;7;3;2;0;1;7
917;7;3;3;1;1;7
918;7;1;3;1;1;7
919;7;4;2;0;0;7
920;7;3;4;0;1;7
921;7;4;2;0;1;7
922;7;3;1;0;1;7
923;7;0;4;1;1;7
924;7;2;4;1;1;7
925;7;6;1;0;0;7
926;7;2;2;0;1;7
927;7;3;3;0;1;7
928;7;0;4;1;0;7
929;7;3;4;0;1;7
930;7;4;3;0;1;7
931;7;3;2;0;1;7
932;7;4;2;0;1;7
933;7;5;1;0;1;7
934;7;3;1;0;0;7
935;7;3;4;0;1;7
936;7;4;2;0;1;7
937;7;3;2;0;1;7
938;7;3;3;0;1;7
939;7;1;5;0;1;7
940;7;4;2;0;1;7
941;7;5;0;0;0;7
942;7;4;2;0;1;7
943;7;3;2;0;1;7
944;7;3;3;0;1;7
945;7;3;3;0;0;7
946;7;5;2;0;1;7
947;7;6;0;0;1;7
948;7;3;1;0;0;7
949;7;2;4;0;1;7
950;7;3;2;0;1;7
951;7;2;4;0;1;7
952;7;2;4;0;1;7
953;7;0;5;0;1;7
954;7;4;3;0;1;7
955;7;3;3;0;0;7
956;7;3;2;0;1;7
957;7;3;3;0;1;7
958;7;3;2;1;1;7
959;7;1;3;0;0;7
960;7;0;6;0;1;7
961;7;2;5;0;1;7
962;7;5;1;0;0;7
963;7;5;1;0;1;7
964;7;4;2;0;1;7
965;7;1;2;0;1;7
966;7;2;5;0;1;7
967;7;4;3;0;0;7
968;7;3;2;0;1;7
969;7;3;3;0;1;7
970;7;4;1;0;1;7
971;7;3;3;0;1;7
972;7;6;1;0;0;7
973;7;3;2;0;1;7
974;7;4;2;0;1;7
975;7;3;2;0;1;7
976;7;4;2;1;1;7
977;7;4;1;0;1;7
978;7;2;4;0;1;7
979;7;4;3;0;0;7
980;7;3;2;0;1;7
981;7;2;2;0;1;7
982;7;2;4;0;1;7
983;7;5;2;0;1;7
984;7;4;1;0;1;7
985;7;6;1;0;0;7
986;7;1;2;0;1;7
987;7;1;5;0;1;7
988;7;2;3;1;1;7
989;7;3;3;1;1;7
990;7;7;0;0;0;7
991;7;4;1;0;1;7
992;7;2;3;0;1;7
993;7;3;2;1;1;7
994;7;5;2;0;1;7
995;7;5;1;0;0;7
996;7;4;2;0;1;7
997;7;3;1;0;1;7
998;7;1;4;1;0;7
999;7;2;4;0;1;7
1000;7;4;2;0;1;7
1001;7;4;2;0;1;7
1002;7;3;1;0;1;7
1003;7;2;3;1;0;7
1004;7;4;3;0;1;7
1005;7;3;1;0;1;7
1006;7;2;4;0;1;7
1007;7;2;3;0;1;7
1008;7;2;4;1;1;7
1009;7;5;1;0;0;7
1010;7;5;1;0;1;7
1011;7;4;1;0;1;7
1012;7;4;2;0;1;7
1013;7;0;4;0;0;7
1014;7;2;5;0;1;7
1015;7;4;2;0;1;7
1016;7;3;1;1;1;7
1017;7;2;3;0;1;7
1018;7;2;5;0;1;7
1019;7;4;2;0;0;7
1020;7;4;2;0;1;7
1021;7;2;2;0;1;7
1022;7;2;5;0;1;7
1023;7;1;5;0;1;7
1024;7;2;4;0;1;7
1025;7;3;3;0;0;7
1026;7;4;2;0;1;7
1027;7;3;1;0;1;7
1028;7;1;4;0;1;7
1029;7;2;3;1;1;7
1030;7;3;3;1;1;7
1031;7;5;1;0;0;7
1032;7;4;1;0;1;7
1033;7;2;3;0;1;7
1034;7;3;2;1;1;7
1035;7;3;2;0;1;7
1036;7;4;2;0;1;7
1037;7;3;3;0;0;7
1038;7;1;4;0;1;7
1039;7;3;3;0;1;7
1040;7;3;3;0;1;7
1041;7;5;1;0;1;7
1042;7;3;2;0;1;7
1043;7;4;2;0;0;7
1044;7;2;3;0;1;7
1045;7;2;4;1;1;7
1046;7;3;1;1;1;7
1047;7;4;2;0;1;7
1048;7;5;1;0;1;7
1049;7;4;1;0;1;7
1050;7;5;1;0;0;7
1051;7;4;2;0;1;7
1052;7;2;3;0;1;7
1053;7;1;3;1;1;7
1054;7;1;5;0;1;7
1055;7;3;4;0;0;7
1056;7;6;1;0;1;7
1057;7;5;0;0;1;7
1058;7;2;1;0;1;7
1059;7;2;4;1;1;7
1060;7;2;4;0;0;7
1061;7;3;3;0;1;7
1062;7;5;2;0;1;7
1063;7;4;0;0;1;7
1064;7;2;3;0;1;7
1065;7;3;2;1;1;7
1066;7;6;1;0;0;7
1067;7;4;1;0;1;7
1068;7;3;2;0;1;7
1069;7;1;4;0;1;7
1070;7;1;5;0;1;7
1071;7;6;1;0;1;7
1072;7;4;0;0;0;7
1073;7;1;3;0;1;7
1074;7;1;6;0;1;7
1075;7;2;5;0;1;7
1076;7;2;3;0;1;7
1077;7;5;2;0;1;7
1078;7;5;2;0;0;7
1079;7;1;2;0;1;7
1080;7;2;5;0;1;7
1081;7;0;5;0;1;7
1082;7;1;6;0;1;7
1083;7;7;0;0;1;7
1084;7;4;0;0;0;7
1085;7;2;3;0;1;7
1086;7;2;4;0;1;7
1087;7;1;4;0;1;7
1088;7;1;6;0;1;7
1089;7;4;3;0;1;7
1090;7;5;0;0;1;7
1091;7;4;1;0;1;7
1092;7;1;4;0;0;7
1093;7;0;6;0;1;7
1094;7;3;4;0;1;7
1095;7;6;0;0;1;7
1096;7;4;1;0;0;7
1097;7;1;3;0;1;7
1098;7;0;6;0;1;7
1099;7;3;4;0;1;7
1100;7;6;0;0;1;7
1101;7;3;1;1;1;7
1102;7;3;2;1;1;7
1103;7;1;3;0;0;7
1104;7;2;5;0;1;7
1105;7;4;2;0;1;7
1106;7;3;2;0;1;7
1107;7;5;2;0;1;7
1108;7;4;0;0;1;7
1109;7;2;3;1;0;7
1110;7;4;2;0;1;7
1111;7;2;2;0;1;7
1112;7;0;5;0;1;7
1113;7;2;4;1;0;7
1114;7;5;2;0;1;7
1115;7;4;1;0;1;7
1116;7;4;2;0;1;7
1117;7;3;2;0;1;7
1118;7;2;3;1;1;7
1119;7;1;4;1;0;7
1120;7;3;4;0;1;7
1121;7;6;1;0;1;7
1122;7;3;0;0;1;7
1123;7;2;3;0;1;7
1124;7;0;6;0;1;7
1125;7;5;2;0;1;7
1126;7;5;2;0;0;7
1127;7;3;1;0;1;7
1128;7;2;3;0;1;7
1129;7;3;4;0;1;7
1130;7;6;0;0;1;7
1131;7;6;0;0;0;7
1132;7;4;2;0;1;7
1133;7;2;2;0;1;7
1134;7;1;5;0;1;7
1135;7;3;4;0;1;7
1136;7;6;0;0;0;7
1137;7;2;2;0;1;7
1138;7;2;4;0;1;7
1139;7;2;4;0;1;7
1140;7;4;3;0;1;7
1141;7;4;0;0;1;7
1142;7;2;3;0;1;7
1143;7;1;4;1;1;7
1144;7;1;5;0;1;7
1145;7;2;4;1;0;7
1146;7;3;3;0;1;7
1147;7;4;2;0;1;7
1148;7;3;1;0;1;7
1149;7;2;4;0;0;7
1150;7;3;4;0;1;7
1151;7;2;4;0;1;7
1152;7;3;3;0;1;7
1153;7;5;2;0;0;7
1154;7;5;0;0;1;7
1155;7;4;2;0;1;7
1156;7;2;1;1;1;7
1157;7;3;3;0;1;7
1158;7;5;2;0;0;7
1159;7;5;0;0;1;7
1160;7;4;2;0;1;7
1161;7;4;2;0;1;7
1162;7;4;1;0;1;7
1163;7;3;3;0;1;7
1164;7;3;1;1;0;7
1165;7;2;4;0;1;7
1166;7;5;2;0;1;7
1167;7;5;0;0;1;7
1168;7;6;1;0;0;7
1169;7;5;1;0;1;7
1170;7;5;1;0;1;7
1171;7;2;1;0;1;7
1172;7;2;4;0;1;7
1173;7;3;4;0;1;7
1174;7;3;2;0;1;7
1175;7;6;1;0;1;7
1176;7;4;1;0;0;7
1177;7;2;2;0;1;7
1178;7;1;4;0;1;7
1179;7;2;5;0;1;7
1180;7;4;2;0;0;7
1181;7;4;1;0;1;7
1182;7;4;1;0;1;7
1183;7;2;4;0;1;7
1184;7;2;3;0;1;7
1185;7;3;3;1;1;7
1186;7;5;1;0;1;7
1187;7;4;1;0;1;7
1188;7;3;1;0;0;7
1189;7;1;5;0;1;7
1190;7;2;4;0;1;7
1191;7;6;1;0;1;7
1192;7;5;0;0;0;7
1193;7;3;2;0;1;7
1194;7;2;4;0;1;7
1195;7;4;3;0;1;7
1196;7;4;2;0;1;7
1197;7;4;0;0;0;7
1198;7;2;4;0;1;7
1199;7;1;4;0;1;7
1200;7;4;3;0;1;7
1201;7;3;2;0;1;7
1202;7;5;2;0;1;7
1203;7;4;1;0;0;7
1204;7;2;3;0;1;7
1205;7;2;4;0;1;7
1206;7;4;3;0;1;7
1207;7;3;3;0;0;7
1208;7;3;3;0;1;7
1209;7;1;4;0;1;7
1210;7;2;4;0;1;7
1211;7;2;3;0;1;7
1212;7;4;3;0;1;7
1213;7;5;1;0;1;7
1214;7;6;0;0;0;7
1215;7;3;2;0;1;7
1216;7;1;4;0;1;7
1217;7;4;2;0;1;7
1218;7;3;2;1;1;7
1219;7;3;4;0;1;7
1220;7;1;2;1;0;7
1221;7;2;5;0;1;7
1222;7;3;3;0;1;7
1223;7;5;1;0;1;7
1224;7;4;1;1;1;7
1225;7;2;3;0;1;7
1226;7;1;4;0;0;7
1227;7;3;4;0;1;7
1228;7;5;1;0;1;7
1229;7;5;0;0;1;7
1230;7;4;1;0;1;7
1231;7;3;3;1;0;7
1232;7;3;2;0;1;7
1233;7;6;1;0;1;7
1234;7;5;0;0;1;7
1235;7;3;1;0;1;7
1236;7;1;5;0;0;7
1237;7;0;6;0;1;7
1238;7;3;4;0;1;7
1239;7;2;2;1;1;7
1240;7;4;2;0;0;7
1241;7;1;4;0;1;7
1242;7;2;4;0;1;7
1243;7;5;1;0;1;7
1244;7;4;1;0;1;7
1245;7;3;2;1;0;7
1246;7;3;4;0;1;7
1247;7;2;4;0;1;7
1248;7;3;2;0;1;7
1249;7;5;2;0;0;7
1250;7;1;2;0;1;7
1251;7;1;5;0;1;7
1252;7;3;4;0;1;7
1253;7;7;0;0;0;7
1254;7;3;0;0;1;7
1255;7;1;4;0;1;7
1256;7;2;5;0;1;7
1257;7;4;2;0;1;7
1258;7;6;0;0;1;7
1259;7;2;0;0;1;7
1260;7;1;6;0;0;7
1261;7;2;4;0;1;7
1262;7;2;4;0;1;7
1263;7;4;3;0;1;7
1264;7;4;0;0;1;7
1265;7;4;2;0;1;7
1266;7;2;2;0;0;7
1267;7;1;6;0;1;7
1268;7;3;4;0;1;7
1269;7;5;1;0;1;7
1270;7;4;0;0;0;7
1271;7;3;4;0;1;7
1272;7;1;4;0;1;7
1273;7;3;4;0;1;7
1274;7;5;1;0;1;7
1275;7;1;2;0;1;7
1276;7;1;5;0;1;7
1277;7;1;6;0;1;7
1278;7;4;3;0;0;7
1279;7;4;1;0;1;7
1280;7;3;3;0;1;7
1281;7;2;3;0;1;7
1282;7;2;4;0;1;7
1283;7;2;4;0;1;7
1284;7;5;2;0;0;7
1285;7;2;2;0;1;7
1286;7;1;4;0;1;7
1287;7;0;6;0;1;7
1288;7;5;2;0;1;7
1289;7;5;1;0;1;7
1290;7;4;1;0;1;7
1291;7;2;3;0;0;7
1292;7;1;5;0;1;7
1293;7;3;4;0;1;7
1294;7;5;0;0;1;7
1295;7;4;1;0;0;7
1296;7;1;4;0;1;7
1297;7;1;5;0;1;7
1298;7;3;4;0;1;7
1299;7;6;1;0;1;7
1300;7;5;0;0;0;7
1301;7;2;3;0;1;7
1302;7;2;3;0;1;7
1303;7;3;3;0;1;7
1304;7;4;2;0;1;7
1305;7;3;1;0;0;7
1306;7;2;5;0;1;7
1307;7;2;4;0;1;7
1308;7;3;3;0;1;7
1309;7;5;1;0;1;7
1310;7;2;3;0;0;7
1311;7;3;3;0;1;7
1312;7;2;3;0;1;7
1313;7;3;3;0;1;7
1314;7;4;2;0;1;7
1315;7;2;2;1;1;7
1316;7;3;3;0;0;7
1317;7;4;3;0;1;7
1318;7;5;0;0;1;7
1319;7;5;1;0;1;7
1320;7;3;3;0;1;7
1321;7;5;0;0;1;7
1322;7;2;3;0;0;7
1323;7;0;5;0;1;7
1324;7;2;5;0;1;7
1325;7;5;1;0;1;7
1326;7;4;2;0;0;7
1327;7;2;2;0;1;7
1328;7;2;4;0;1;7
1329;7;4;2;0;1;7
1330;7;3;3;0;1;7
1331;7;2;2;0;1;7
1332;7;1;5;0;1;7
1333;7;4;3;0;1;7
1334;7;6;0;0;1;7
1335;7;5;0;0;0;7
1336;7;3;2;0;1;7
1337;7;3;3;0;1;7
1338;7;2;2;0;1;7
1339;7;2;4;0;1;7
1340;7;3;3;0;1;7
1341;7;2;3;0;1;7
1342;7;5;2;0;1;7
1343;7;4;1;0;0;7
1344;7;3;3;0;1;7
1345;7;0;4;0;1;7
1346;7;1;6;0;1;7
1347;7;4;3;0;0;7
1348;7;4;1;0;1;7
1349;7;3;2;0;1;7
1350;7;0;4;0;1;7
1351;7;3;4;0;1;7
1352;7;1;4;0;0;7
1353;7;3;3;0;1;7
1354;7;4;2;0;1;7
1355;7;2;3;0;1;7
1356;7;1;4;0;1;7
1357;7;2;3;1;1;7
1358;7;2;4;0;1;7
1359;7;2;4;1;1;7
1360;7;5;1;0;0;7
1361;7;2;2;0;1;7
1362;7;1;4;1;1;7
1363;7;2;4;0;0;7
1364;7;3;2;0;1;7
1365;7;3;3;0;1;7
1366;7;2;4;0;1;7
1367;7;2;3;0;1;7
1368;7;2;4;0;1;7
1369;7;4;2;0;1;7
1370;7;4;2;0;0;7
1371;7;1;4;0;1;7
1372;7;5;2;0;1;7
1373;7;3;2;0;1;7
1374;7;3;3;0;1;7
1375;7;2;4;0;1;7
1376;7;5;1;0;0;7
1377;7;2;3;0;1;7
1378;7;0;5;0;1;7
1379;7;4;2;1;1;7
1380;7;5;1;1;1;7
1381;7;3;0;0;0;7
1382;7;2;4;0;1;7
1383;7;3;3;0;1;7
1384;7;4;2;0;1;7
1385;7;5;0;0;1;7
1386;7;5;2;0;1;7
1387;7;5;1;0;0;7
1388;7;2;3;0;1;7
1389;7;2;4;0;1;7
1390;7;2;3;0;1;7
1391;7;5;2;0;0;7
1392;7;5;1;0;1;7
1393;7;6;0;0;1;7
1394;7;3;1;0;1;7
1395;7;3;4;0;1;7
1396;7;2;2;1;0;7
1397;7;3;3;0;1;7
1398;7;5;1;0;1;7
1399;7;4;2;0;1;7
1400;7;3;2;0;0;7
1401;7;2;4;0;1;7
1402;7;2;3;1;1;7
1403;7;1;5;0;1;7
1404;7;5;1;0;0;7
1405;7;4;2;0;1;7
1406;7;5;0;0;1;7
1407;7;1;2;1;1;7
1408;7;0;6;0;1;7
1409;7;3;4;0;0;7
1410;7;2;4;0;1;7
1411;7;2;3;0;1;7
1412;7;3;4;0;1;7
1413;7;4;3;0;1;7
1414;7;6;0;0;1;7
1415;7;1;0;0;1;7
1416;7;0;7;0;1;7
1417;7;1;5;1;0;7
1418;7;4;3;0;1;7
1419;7;6;0;0;1;7
1420;7;3;1;0;1;7
1421;7;1;4;0;1;7
1422;7;2;4;0;0;7
1423;7;5;2;0;1;7
1424;7;4;1;0;1;7
1425;7;1;2;0;1;7
1426;7;0;7;0;1;7
1427;7;2;4;1;1;7
1428;7;4;2;0;0;7
1429;7;3;4;0;1;7
1430;7;3;1;0;1;7
1431;7;4;2;0;1;7
1432;7;3;3;0;1;7
1433;7;0;3;1;1;7
1434;7;2;5;0;0;7
1435;7;2;3;0;1;7
1436;7;4;2;0;1;7
1437;7;2;3;0;1;7
1438;7;3;2;0;1;7
1439;7;2;5;0;0;7
1440;7;0;5;0;1;7
1441;7;2;5;0;1;7
1442;7;2;3;0;1;7
1443;7;4;3;0;1;7
1444;7;4;1;0;1;7
1445;7;4;1;0;0;7
1446;7;2;3;0;1;7
1447;7;1;4;0;1;7
1448;7;2;4;0;1;7
1449;7;3;3;1;1;7
1450;7;3;2;0;0;7
1451;7;5;2;0;1;7
1452;7;4;1;0;1;7
1453;7;1;3;0;1;7
1454;7;4;2;0;1;7
1455;7;2;3;0;1;7
1456;7;1;5;0;1;7
1457;7;5;1;0;0;7
1458;7;3;2;0;1;7
1459;7;1;4;0;1;7
1460;7;2;4;0;1;7
1461;7;4;2;0;1;7
1462;7;3;1;1;0;7
1463;7;3;3;0;1;7
1464;7;3;2;0;1;7
1465;7;3;4;0;1;7
1466;7;3;2;0;1;7
1467;7;3;3;0;0;7
1468;7;2;3;0;1;7
1469;7;2;4;0;1;7
1470;7;2;4;0;1;7
1471;7;3;3;0;1;7
1472;7;2;2;0;1;7
1473;7;2;4;1;0;7
1474;7;2;3;0;1;7
1475;7;2;5;0;1;7
1476;7;5;1;0;1;7
1477;7;5;0;0;0;7
1478;7;2;3;0;1;7
1479;7;2;4;0;1;7
1480;7;4;2;0;1;7
1481;7;3;2;0;1;7
1482;7;4;2;0;0;7
1483;7;4;2;0;1;7
1484;7;3;3;0;1;7
1485;7;3;2;0;1;7
1486;7;2;3;0;1;7
1487;7;3;2;1;1;7
1488;7;5;2;0;1;7
1489;7;6;0;0;1;7
1490;7;3;0;0;0;7
1491;7;2;4;0;1;7
1492;7;1;4;1;1;7
1493;7;4;2;0;1;7
1494;7;4;2;0;0;7
1495;7;2;2;0;1;7
1496;7;1;5;0;1;7
1497;7;3;3;0;1;7
1498;7;2;3;0;1;7
1499;7;3;3;0;1;7
