0;8;7;0;0;1;7
1;8;4;0;0;0;7
2;8;1;3;0;1;7
3;8;1;5;0;1;7
4;8;5;2;0;1;7
5;8;6;0;0;0;7
6;8;4;2;0;1;7
7;8;2;2;0;1;7
8;8;1;4;0;1;7
9;8;2;5;0;1;7
10;8;3;4;0;1;7
11;8;5;0;0;0;7
12;8;1;3;0;1;7
13;8;1;5;0;1;7
14;8;4;3;0;1;7
15;8;4;1;0;1;7
16;8;5;1;0;1;7
17;8;3;3;0;1;7
18;8;4;3;0;0;7
19;8;3;1;0;1;7
20;8;3;2;0;1;7
21;8;2;4;0;1;7
22;8;2;4;0;1;7
23;8;3;4;0;0;7
24;8;3;2;0;1;7
25;8;2;3;0;1;7
26;8;3;4;0;1;7
27;8;2;3;0;1;7
28;8;4;2;0;1;7
29;8;5;2;0;0;7
30;8;4;2;0;1;7
31;8;3;2;0;1;7
32;8;4;2;0;1;7
33;8;4;1;0;1;7
34;8;3;2;0;0;7
35;8;3;4;0;1;7
36;8;3;2;0;1;7
37;8;3;3;0;1;7
38;8;1;3;0;1;7
39;8;2;4;0;1;7
40;8;2;4;0;1;7
41;8;4;3;0;1;7
42;8;6;0;0;0;7
43;8;3;1;0;1;7
44;8;2;4;0;1;7
45;8;1;4;0;1;7
46;8;4;2;0;1;7
47;8;3;2;0;0;7
48;8;3;3;0;1;7
49;8;2;4;0;1;7
50;8;2;2;1;1;7
51;8;3;3;0;1;7
52;8;4;2;0;0;7
53;8;3;3;0;1;7
54;8;3;3;0;1;7
55;8;3;3;0;1;7
56;8;5;1;0;0;7
57;8;4;3;0;1;7
58;8;3;1;0;1;7
59;8;4;2;0;1;7
60;8;2;2;0;1;7
61;8;2;5;0;0;7
62;8;4;3;0;1;7
63;8;6;0;0;1;7
64;8;4;0;0;1;7
65;8;4;3;0;1;7
66;8;3;1;0;0;7
67;8;2;5;0;1;7
68;8;3;3;0;1;7
69;8;5;0;0;1;7
70;8;3;2;0;1;7
71;8;4;3;0;0;7
72;8;3;3;0;1;7
73;8;5;1;0;1;7
74;8;5;0;0;1;7
75;8;4;1;0;0;7
76;8;1;4;0;1;7
77;8;4;3;0;1;7
78;8;2;3;0;1;7
79;8;4;2;0;1;7
80;8;4;3;0;0;7
81;8;3;1;0;1;7
82;8;3;3;0;1;7
83;8;2;4;0;1;7
84;8;5;1;0;1;7
85;8;5;1;0;1;7
86;8;4;1;0;1;7
87;8;3;3;0;0;7
88;8;2;3;0;1;7
89;8;2;4;0;1;7
90;8;2;4;0;1;7
91;8;3;2;1;0;7
92;8;3;4;0;1;7
93;8;5;1;0;1;7
94;8;4;1;0;1;7
95;8;2;3;0;1;7
96;8;4;2;0;0;7
97;8;5;2;0;1;7
98;8;4;1;0;1;7
99;8;3;2;0;1;7
100;8;4;2;0;1;7
101;8;1;4;0;0;7
102;8;3;4;0;1;7
103;8;3;3;0;1;7
104;8;5;1;0;1;7
105;8;3;2;0;1;7
106;8;2;3;0;1;7
107;8;2;4;0;0;7
108;8;2;5;0;1;7
109;8;5;1;0;1;7
110;8;6;0;0;1;7
111;8;4;1;1;1;7
112;8;2;2;0;1;7
113;8;2;3;0;0;7
114;8;2;5;0;1;7
115;8;4;3;0;1;7
116;8;5;0;0;1;7
117;8;2;2;0;0;7
118;8;2;4;0;1;7
119;8;3;3;0;1;7
120;8;2;4;0;1;7
121;8;5;1;0;1;7
122;8;5;0;0;1;7
123;8;4;1;0;0;7
124;8;1;4;0;1;7
125;8;2;4;0;1;7
126;8;5;2;0;1;7
127;8;4;2;0;1;7
128;8;4;1;0;1;7
129;8;3;2;0;1;7
130;8;3;3;0;1;7
131;8;4;3;0;0;7
132;8;1;3;0;1;7
133;8;3;3;0;1;7
134;8;4;3;0;1;7
135;8;3;3;0;0;7
136;8;3;1;0;1;7
137;8;2;4;0;1;7
138;8;3;4;0;1;7
139;8;3;2;0;1;7
140;8;4;3;0;1;7
141;8;2;2;0;1;7
142;8;2;4;0;1;7
143;8;4;3;0;0;7
144;8;6;1;0;1;7
145;8;2;1;0;1;7
146;8;3;4;0;1;7
147;8;2;4;0;1;7
148;8;5;1;0;1;7
149;8;5;1;0;1;7
150;8;4;0;0;1;7
151;8;3;3;0;0;7
152;8;2;3;0;1;7
153;8;5;2;0;1;7
154;8;4;0;0;1;7
155;8;3;2;0;0;7
156;8;2;4;0;1;7
157;8;2;4;0;1;7
158;8;5;1;0;1;7
159;8;3;2;0;1;7
160;8;3;2;0;1;7
161;8;2;4;0;0;7
162;8;5;1;0;1;7
163;8;2;2;0;1;7
164;8;3;3;0;1;7
165;8;3;3;0;0;7
166;8;1;4;0;1;7
167;8;1;5;0;1;7
168;8;2;5;0;1;7
169;8;7;0;0;1;7
170;8;4;0;0;0;7
171;8;3;3;0;1;7
172;8;1;4;0;1;7
173;8;2;4;0;1;7
174;8;4;2;0;1;7
175;8;5;2;0;1;7
176;8;3;2;0;1;7
177;8;4;2;1;0;7
178;8;2;1;0;1;7
179;8;3;4;0;1;7
180;8;3;3;0;1;7
181;8;4;2;0;1;7
182;8;4;1;0;1;7
183;8;2;3;0;1;7
184;8;2;4;0;0;7
185;8;2;4;0;1;7
186;8;3;3;0;1;7
187;8;5;1;0;1;7
188;8;3;1;0;1;7
189;8;3;4;0;0;7
190;8;2;3;0;1;7
191;8;4;3;0;1;7
192;8;3;2;0;1;7
193;8;2;4;0;1;7
194;8;1;4;0;1;7
195;8;3;4;0;1;7
196;8;3;3;0;1;7
197;8;6;0;0;0;7
198;8;4;2;0;1;7
199;8;3;1;0;1;7
200;8;2;3;0;1;7
201;8;4;3;0;1;7
202;8;3;1;0;1;7
203;8;4;3;0;0;7
204;8;2;4;0;1;7
205;8;2;3;0;1;7
206;8;4;3;0;1;7
207;8;6;1;0;1;7
208;8;3;1;0;0;7
209;8;3;3;0;1;7
210;8;3;3;0;1;7
211;8;4;2;0;1;7
212;8;4;2;0;1;7
213;8;4;2;0;1;7
214;8;2;3;0;0;7
215;8;1;5;0;1;7
216;8;4;3;0;1;7
217;8;3;1;0;1;7
218;8;2;4;0;0;7
219;8;2;4;0;1;7
220;8;1;5;0;1;7
221;8;2;4;0;1;7
222;8;3;3;0;1;7
223;8;5;1;0;0;7
224;8;4;2;0;1;7
225;8;5;2;0;1;7
226;8;3;1;0;1;7
227;8;1;4;0;1;7
228;8;0;6;0;1;7
229;8;3;4;0;1;7
230;8;6;1;0;0;7
231;8;1;1;0;1;7
232;8;1;5;0;1;7
233;8;0;6;0;1;7
234;8;3;4;0;1;7
235;8;3;2;0;1;7
236;8;4;3;0;0;7
237;8;3;2;0;1;7
238;8;1;3;0;1;7
239;8;4;3;0;1;7
240;8;5;2;0;1;7
241;8;3;2;0;1;7
242;8;2;4;0;0;7
243;8;3;3;0;1;7
244;8;4;2;0;1;7
245;8;6;1;0;1;7
246;8;4;0;0;1;7
247;8;3;3;0;1;7
248;8;1;4;0;0;7
249;8;5;2;0;1;7
250;8;3;2;0;1;7
251;8;4;3;0;1;7
252;8;4;2;0;1;7
253;8;2;2;0;1;7
254;8;4;3;0;1;7
255;8;4;1;0;1;7
256;8;3;2;0;1;7
257;8;2;4;0;0;7
258;8;3;4;0;1;7
259;8;3;7;0;1;7
260;8;3;7;0;1;7
261;8;2;4;0;1;7
262;8;3;8;1;1;7
263;8;3;6;0;1;7
264;8;3;6;0;0;7
265;8;3;7;0;1;7
266;8;5;7;0;1;7
267;8;3;5;0;1;7
268;8;3;6;0;0;7
269;8;3;7;0;1;7
270;8;4;7;1;1;7
271;8;3;6;1;1;7
272;8;4;6;0;0;7
273;8;0;5;0;1;7
274;8;3;8;0;1;7
275;8;1;6;1;0;7
276;8;2;7;1;1;7
277;8;4;7;1;1;7
278;8;3;5;0;1;7
279;8;2;7;0;1;7
280;8;2;8;2;0;7
281;8;1;7;1;1;7
282;8;2;7;0;1;7
283;8;1;7;0;1;7
284;8;2;10;0;1;7
285;8;2;10;1;1;7
286;8;1;4;0;0;7
287;8;0;7;1;1;7
288;8;1;7;0;1;7
289;8;1;9;0;1;7
290;8;0;8;0;1;7
291;8;0;9;2;0;7
292;8;0;11;0;1;7
293;8;0;10;0;1;7
294;8;0;11;0;1;7
295;8;0;6;0;1;7
296;8;0;12;0;0;7
297;8;0;9;0;1;7
298;8;0;6;0;1;7
299;8;0;9;0;0;7
300;8;0;10;0;1;7
301;8;1;8;1;1;7
302;8;2;10;1;1;7
303;8;1;6;0;1;7
304;8;1;9;0;1;7
305;8;0;9;0;1;7
306;8;3;8;0;0;7
307;8;3;8;1;1;7
308;8;2;5;1;1;7
309;8;1;6;1;1;7
310;8;0;9;2;1;7
311;8;1;8;1;0;7
312;8;3;6;0;1;7
313;8;4;8;1;1;7
314;8;3;6;2;1;7
315;8;4;6;1;0;7
316;8;2;6;1;1;7
317;8;2;8;0;1;6
318;8;3;5;1;0;6
319;8;2;7;0;1;6
320;8;3;7;0;1;7
321;8;3;7;0;1;7
322;8;4;6;0;1;7
323;8;2;6;0;0;7
324;8;4;6;0;1;7
325;8;5;6;0;1;7
326;8;3;4;0;1;7
327;8;4;3;0;0;7
328;8;4;4;0;1;7
329;8;3;4;0;1;7
330;8;3;5;0;1;7
331;8;3;2;0;1;7
332;8;3;3;0;1;7
333;8;4;2;0;0;7
334;8;2;2;0;1;7
335;8;2;5;0;1;7
336;8;3;3;0;1;7
337;8;5;1;0;1;7
338;8;6;1;0;0;7
339;8;3;1;0;1;7
340;8;0;4;0;1;7
341;8;1;6;0;1;7
342;8;5;2;0;1;7
343;8;4;0;0;1;7
344;8;3;2;0;1;7
345;8;4;2;0;1;7
346;8;5;1;0;0;7
347;8;5;2;0;1;7
348;8;4;1;0;1;7
349;8;2;2;0;1;7
350;8;4;2;0;1;7
351;8;3;3;0;0;7
352;8;4;3;0;1;7
353;8;6;0;0;1;7
354;8;2;1;0;1;7
355;8;2;4;0;1;7
356;8;2;4;0;0;7
357;8;4;3;0;1;7
358;8;5;1;0;1;7
359;8;5;2;0;1;7
360;8;4;0;0;1;7
361;8;2;3;0;1;7
362;8;3;3;0;0;7
363;8;2;4;0;1;7
364;8;3;3;0;1;7
365;8;2;4;0;1;7
366;8;3;3;0;1;7
367;8;4;2;0;0;7
368;8;3;4;0;1;7
369;8;2;2;0;1;7
370;8;2;4;0;1;7
371;8;2;3;0;1;7
372;8;5;2;0;1;7
373;8;5;1;0;0;7
374;8;1;3;0;1;7
375;8;2;5;0;1;7
376;8;3;3;0;1;7
377;8;5;1;0;1;7
378;8;6;1;0;1;7
379;8;4;1;0;1;7
380;8;5;1;0;0;7
381;8;4;1;0;1;7
382;8;1;2;0;1;7
383;8;2;5;0;1;7
384;8;4;3;0;1;7
385;8;5;0;0;0;7
386;8;5;2;0;1;7
387;8;4;1;0;1;7
388;8;3;3;0;1;7
389;8;2;3;0;1;7
390;8;5;1;0;1;7
391;8;2;3;0;1;7
392;8;5;2;0;0;7
393;8;3;3;0;1;7
394;8;5;0;0;1;7
395;8;4;2;0;0;7
396;8;4;2;0;1;7
397;8;2;2;0;1;7
398;8;3;3;0;1;7
399;8;2;4;0;1;7
400;8;1;5;0;1;7
401;8;4;3;0;1;7
402;8;3;1;0;0;7
403;8;2;4;0;1;7
404;8;1;5;0;1;7
405;8;5;2;0;1;7
406;8;4;0;0;1;7
407;8;4;3;0;0;7
408;8;2;2;0;1;7
409;8;2;4;0;1;7
410;8;2;4;0;1;7
411;8;2;3;0;1;7
412;8;3;3;0;1;7
413;8;1;4;0;0;7
414;8;1;5;0;1;7
415;8;4;3;0;1;7
416;8;5;0;0;0;7
417;8;2;3;0;1;7
418;8;2;5;0;1;7
419;8;3;2;0;1;7
420;8;4;3;0;1;7
421;8;6;0;0;1;7
422;8;3;0;0;0;7
423;8;2;5;0;1;7
424;8;2;3;0;1;7
425;8;4;2;0;1;7
426;8;3;3;0;1;7
427;8;3;2;0;1;7
428;8;4;2;0;1;7
429;8;6;1;0;1;7
430;8;3;0;0;0;7
431;8;1;5;0;1;7
432;8;2;5;0;1;7
433;8;7;0;0;1;7
434;8;5;0;0;1;7
435;8;4;1;0;0;7
436;8;3;3;0;1;7
437;8;2;2;1;1;7
438;8;3;3;0;0;7
439;8;5;2;0;1;7
440;8;5;0;0;1;7
441;8;2;2;0;1;7
442;8;3;3;0;1;7
443;8;1;4;0;1;7
444;8;3;3;0;0;7
445;8;1;4;0;1;7
446;8;3;4;0;1;7
447;8;5;1;0;1;7
448;8;6;0;0;0;7
449;8;4;1;0;1;7
450;8;2;2;1;1;7
451;8;3;3;0;1;7
452;8;5;1;1;1;7
453;8;3;1;1;1;7
454;8;5;2;0;0;7
455;8;3;1;0;1;7
456;8;2;4;0;1;7
457;8;1;4;0;0;7
458;8;3;4;0;1;7
459;8;3;3;0;1;7
460;8;2;2;1;1;7
461;8;3;4;0;0;7
462;8;1;3;0;1;7
463;8;1;6;0;1;7
464;8;2;4;0;1;7
465;8;6;0;0;1;7
466;8;3;1;1;1;7
467;8;4;2;0;0;7
468;8;2;3;0;1;7
469;8;3;4;0;1;7
470;8;3;2;0;1;7
471;8;2;3;0;1;7
472;8;3;3;0;1;7
473;8;5;2;0;0;7
474;8;4;2;0;1;7
475;8;3;2;0;1;7
476;8;3;2;0;1;7
477;8;3;3;0;1;7
478;8;0;5;0;0;7
479;8;1;6;0;1;7
480;8;4;3;0;1;7
481;8;4;2;0;1;7
482;8;3;1;0;1;7
483;8;4;2;0;1;7
484;8;4;1;0;0;7
485;8;3;3;0;1;7
486;8;2;3;0;1;7
487;8;3;3;0;1;7
488;8;1;3;0;0;7
489;8;2;5;0;1;7
490;8;3;3;0;1;7
491;8;6;1;0;1;7
492;8;5;1;0;1;7
493;8;3;1;0;0;7
494;8;1;4;0;1;7
495;8;2;5;0;1;7
496;8;3;2;0;1;7
497;8;3;2;1;1;7
498;8;4;2;0;0;7
499;8;4;2;0;1;7
500;8;1;2;0;1;7
501;8;0;6;0;1;7
502;8;1;6;0;1;7
503;8;6;1;0;1;7
504;8;4;0;0;1;7
505;8;1;2;0;1;7
506;8;1;5;1;0;7
507;8;2;5;0;1;7
508;8;5;1;0;1;7
509;8;5;1;0;1;7
510;8;1;1;0;1;7
511;8;0;7;0;0;7
512;8;3;4;0;1;7
513;8;2;4;0;1;7
514;8;6;1;0;1;7
515;8;5;0;0;1;7
516;8;4;2;0;1;7
517;8;2;2;0;1;7
518;8;4;3;0;0;7
519;8;2;4;0;1;7
520;8;5;1;0;1;7
521;8;4;1;0;1;7
522;8;3;3;0;0;7
523;8;2;4;0;1;7
524;8;1;4;0;1;7
525;8;1;6;0;1;7
526;8;5;2;0;1;7
527;8;5;0;0;0;7
528;8;5;2;0;1;7
529;8;1;2;0;1;7
530;8;2;4;0;1;7
531;8;4;3;0;1;7
532;8;3;2;0;0;7
533;8;4;3;0;1;7
534;8;3;2;0;1;7
535;8;4;1;0;1;7
536;8;3;3;0;1;7
537;8;3;3;0;0;7
538;8;2;4;0;1;7
539;8;3;3;0;1;7
540;8;3;1;0;1;7
541;8;4;3;0;1;7
542;8;4;2;0;0;7
543;8;2;3;0;1;7
544;8;5;2;0;1;7
545;8;2;2;0;1;7
546;8;2;3;0;1;7
547;8;4;3;0;1;7
548;8;2;4;0;1;7
549;8;6;1;0;1;7
550;8;3;1;0;1;7
551;8;3;2;0;0;7
552;8;3;4;0;1;7
553;8;1;3;0;1;7
554;8;4;3;0;1;7
555;8;3;3;0;1;7
556;8;3;1;0;0;7
557;8;1;5;0;1;7
558;8;3;3;0;1;7
559;8;5;2;0;1;7
560;8;3;0;0;1;7
561;8;2;3;0;1;7
562;8;2;5;0;1;7
563;8;3;3;0;1;7
564;8;4;1;1;0;7
565;8;4;1;0;1;7
566;8;2;3;0;1;7
567;8;2;5;0;1;7
568;8;3;2;0;1;7
569;8;3;4;0;1;7
570;8;3;3;0;1;7
571;8;6;0;0;0;7
572;8;3;1;0;1;7
573;8;3;4;0;1;7
574;8;1;3;0;1;7
575;8;3;4;0;1;7
576;8;4;2;0;1;7
577;8;2;3;0;0;7
578;8;4;2;0;1;7
579;8;4;1;0;1;7
580;8;4;1;0;1;7
581;8;3;3;0;1;7
582;8;4;2;0;0;7
583;8;4;2;0;1;7
584;8;4;2;0;1;7
585;8;3;3;0;1;7
586;8;2;2;1;1;7
587;8;3;3;0;0;7
588;8;3;3;0;1;7
589;8;3;2;0;1;7
590;8;4;2;0;1;7
591;8;4;2;0;0;7
592;8;2;3;0;1;7
593;8;2;5;0;1;7
594;8;2;3;0;1;7
595;8;3;2;1;1;7
596;8;4;2;0;0;7
597;8;2;4;0;1;7
598;8;1;4;0;1;7
599;8;4;3;0;1;7
600;8;5;1;0;1;7
601;8;5;0;0;1;7
602;8;2;3;0;1;7
603;8;0;5;0;1;7
604;8;3;3;1;1;7
605;8;4;2;0;0;7
606;8;4;2;0;1;7
607;8;3;1;0;1;7
608;8;1;5;0;1;7
609;8;1;6;0;0;7
610;8;4;2;0;1;7
611;8;4;1;1;1;7
612;8;6;0;0;1;7
613;8;1;2;0;1;7
614;8;1;6;0;0;7
615;8;3;3;0;1;7
616;8;3;2;0;1;7
617;8;3;3;0;1;7
618;8;2;4;0;0;7
619;8;2;3;0;1;7
620;8;2;4;0;1;7
621;8;4;2;0;1;7
622;8;3;3;0;1;7
623;8;1;3;0;0;7
624;8;3;4;0;1;7
625;8;3;2;0;1;7
626;8;3;3;0;1;7
627;8;2;3;0;1;7
628;8;4;3;0;0;7
629;8;3;2;0;1;7
630;8;2;4;0;1;7
631;8;5;1;0;1;7
632;8;4;0;0;1;7
633;8;2;3;0;0;7
634;8;1;5;0;1;7
635;8;3;4;0;1;7
636;8;5;2;0;1;7
637;8;4;0;0;1;7
638;8;4;3;0;1;7
639;8;3;1;0;0;7
640;8;3;3;0;1;7
641;8;3;4;0;1;7
642;8;2;3;0;1;7
643;8;3;3;0;1;7
644;8;4;1;0;1;7
645;8;6;1;0;0;7
646;8;2;2;0;1;7
647;8;1;4;0;1;7
648;8;2;5;0;1;7
649;8;4;2;0;1;7
650;8;4;2;0;1;7
651;8;4;2;0;1;7
652;8;1;3;0;1;7
653;8;3;3;0;0;7
654;8;1;4;0;1;7
655;8;2;5;0;1;7
656;8;4;2;0;1;7
657;8;4;2;0;1;7
658;8;1;3;0;0;7
659;8;2;4;0;1;7
660;8;3;4;0;1;7
661;8;3;2;0;1;7
662;8;3;2;0;0;7
663;8;2;4;0;1;7
664;8;3;4;0;1;7
665;8;5;1;0;1;7
666;8;4;1;0;1;7
667;8;2;3;0;0;7
668;8;3;4;0;1;7
669;8;4;2;0;1;7
670;8;4;2;0;1;7
671;8;3;2;0;0;7
672;8;2;4;0;1;7
673;8;4;3;0;1;7
674;8;4;1;0;1;7
675;8;3;2;0;1;7
676;8;5;2;0;1;7
677;8;5;1;0;0;7
678;8;3;1;0;1;7
679;8;4;3;0;1;7
680;8;2;3;0;0;7
681;8;3;2;0;1;7
682;8;1;4;0;1;7
683;8;4;1;1;1;7
684;8;5;2;0;1;7
685;8;5;0;0;0;7
686;8;3;2;0;1;7
687;8;2;3;0;1;7
688;8;4;3;0;1;7
689;8;4;2;0;1;7
690;8;3;2;0;0;7
691;8;4;3;0;1;7
692;8;6;0;0;1;7
693;8;5;0;0;1;7
694;8;2;2;0;1;7
695;8;3;3;0;0;7
696;8;2;4;0;1;7
697;8;6;1;0;1;7
698;8;2;0;0;1;7
699;8;2;4;0;1;7
700;8;3;4;0;0;7
701;8;4;3;0;1;7
702;8;4;2;0;1;7
703;8;7;0;0;1;7
704;8;2;0;0;1;7
705;8;1;5;0;1;7
706;8;3;3;1;0;7
707;8;3;3;0;1;7
708;8;2;3;0;1;7
709;8;4;2;0;1;7
710;8;5;1;0;0;7
711;8;3;3;0;1;7
712;8;3;3;0;1;7
713;8;4;2;0;1;7
714;8;4;0;0;1;7
715;8;3;2;0;1;7
716;8;1;4;0;0;7
717;8;1;6;0;1;7
718;8;3;4;0;1;7
719;8;4;2;0;1;7
720;8;5;1;0;1;7
721;8;3;1;0;0;7
722;8;1;5;0;1;7
723;8;2;5;0;1;7
724;8;3;3;0;1;7
725;8;6;1;0;1;7
726;8;5;0;0;1;7
727;8;2;2;0;1;7
728;8;0;6;0;0;7
729;8;1;6;0;1;7
730;8;4;2;0;1;7
731;8;3;2;0;1;7
732;8;2;2;0;0;7
733;8;1;6;0;1;7
734;8;1;5;0;1;7
735;8;7;0;0;0;7
736;8;3;1;0;1;7
737;8;0;4;0;1;7
738;8;1;6;0;1;7
739;8;5;2;0;1;7
740;8;7;0;0;0;7
741;8;4;0;0;1;7
742;8;3;3;0;1;7
743;8;0;4;0;1;7
744;8;2;5;0;1;7
745;8;4;2;0;1;7
746;8;5;2;0;0;7
747;8;2;1;0;1;7
748;8;3;3;0;1;7
749;8;2;3;0;1;7
750;8;3;4;0;1;7
751;8;4;2;0;0;7
752;8;4;2;0;1;7
753;8;3;2;0;1;7
754;8;2;4;0;1;7
755;8;4;1;0;1;7
756;8;0;4;0;1;7
757;8;3;4;0;1;7
758;8;3;4;0;0;7
759;8;4;2;0;1;7
760;8;6;1;0;1;7
761;8;2;1;0;1;7
762;8;0;5;0;1;7
763;8;4;3;0;1;7
764;8;6;1;0;1;7
765;8;4;0;0;1;7
766;8;3;2;0;0;7
767;8;1;4;0;1;7
768;8;4;3;0;1;7
769;8;4;1;0;1;7
770;8;3;1;0;1;7
771;8;1;5;0;0;7
772;8;0;6;0;1;7
773;8;3;4;0;1;7
774;8;5;1;0;1;7
775;8;6;0;0;1;7
776;8;4;1;0;1;7
777;8;3;2;0;0;7
778;8;1;5;0;1;7
779;8;3;4;0;1;7
780;8;3;2;0;1;7
781;8;2;2;1;1;7
782;8;5;2;0;1;7
783;8;3;2;0;0;7
784;8;2;3;0;1;7
785;8;4;3;0;1;7
786;8;3;2;0;1;7
787;8;4;2;0;1;7
788;8;4;2;0;0;7
789;8;3;4;0;1;7
790;8;2;2;0;1;7
791;8;2;5;0;1;7
792;8;5;2;0;1;7
793;8;4;0;0;0;7
794;8;3;4;0;1;7
795;8;1;3;0;1;7
796;8;2;5;0;1;7
797;8;6;1;0;0;7
798;8;2;1;0;1;7
799;8;3;3;0;1;7
800;8;3;3;0;1;7
801;8;3;2;0;1;7
802;8;2;3;0;0;7
803;8;0;6;0;1;7
804;8;2;5;0;1;7
805;8;5;2;0;1;7
806;8;6;0;0;1;7
807;8;3;0;0;1;7
808;8;1;4;0;0;7
809;8;2;5;0;1;7
810;8;4;3;0;1;7
811;8;6;0;0;1;7
812;8;3;0;0;0;7
813;8;0;5;0;1;7
814;8;0;7;0;1;7
815;8;2;5;0;1;7
816;8;4;1;1;1;7
817;8;6;0;0;1;7
818;8;3;1;1;1;7
819;8;3;1;0;0;7
820;8;2;5;0;1;7
821;8;1;4;0;1;7
822;8;4;2;0;0;7
823;8;4;2;0;1;7
824;8;4;2;0;1;7
825;8;1;3;0;1;7
826;8;1;5;0;1;7
827;8;4;2;0;0;7
828;8;2;4;0;1;7
829;8;3;3;0;1;7
830;8;5;2;0;1;7
831;8;4;0;0;1;7
832;8;2;2;0;1;7
833;8;2;5;0;1;7
834;8;4;2;0;0;7
835;8;3;4;0;1;7
836;8;3;2;0;1;7
837;8;1;4;0;1;7
838;8;2;5;0;1;7
839;8;4;2;0;1;7
840;8;6;0;0;0;7
841;8;5;1;0;1;7
842;8;4;1;0;1;7
843;8;2;2;0;1;7
844;8;3;3;0;0;7
845;8;2;5;0;1;7
846;8;4;2;0;1;7
847;8;3;3;0;1;7
848;8;2;3;0;1;7
849;8;2;4;0;1;7
850;8;5;2;0;0;7
851;8;5;1;0;1;7
852;8;6;0;0;1;7
853;8;5;1;0;1;7
854;8;2;1;0;0;7
855;8;1;5;0;1;7
856;8;4;3;0;1;7
857;8;5;1;0;1;7
858;8;5;1;0;1;7
859;8;3;1;0;1;7
860;8;2;3;0;1;7
861;8;5;2;0;0;7
862;8;4;2;0;1;7
863;8;4;1;0;1;7
864;8;3;2;0;1;7
865;8;0;5;0;0;7
866;8;3;4;0;1;7
867;8;5;2;0;1;7
868;8;6;0;0;1;7
869;8;4;0;0;0;7
870;8;2;4;0;1;7
871;8;1;4;0;1;7
872;8;2;5;0;1;7
873;8;6;0;0;1;7
874;8;4;1;0;1;7
875;8;4;1;0;1;7
876;8;2;3;0;0;7
877;8;1;5;0;1;7
878;8;5;2;0;1;7
879;8;7;0;0;1;7
880;8;5;0;0;1;7
881;8;1;2;0;1;7
882;8;0;6;0;0;7
883;8;2;5;0;1;7
884;8;5;2;0;1;7
885;8;6;0;0;1;7
886;8;6;0;0;1;7
887;8;2;1;0;0;7
888;8;1;5;0;1;7
889;8;1;6;0;1;7
890;8;4;2;0;1;7
891;8;4;0;0;1;7
892;8;3;2;0;1;7
893;8;3;4;0;1;7
894;8;5;2;0;1;7
895;8;5;0;0;0;7
896;8;2;3;0;1;7
897;8;2;4;0;1;7
898;8;2;4;0;1;7
899;8;5;1;0;1;7
900;8;6;1;0;0;7
901;8;2;2;0;1;7
902;8;2;4;0;1;7
903;8;2;5;0;1;7
904;8;4;1;0;1;7
905;8;4;3;0;0;7
906;8;3;3;0;1;7
907;8;4;0;0;1;7
908;8;1;3;0;1;7
909;8;3;4;0;1;7
910;8;3;4;0;0;7
911;8;3;2;0;1;7
912;8;3;2;0;1;7
913;8;1;4;0;1;7
914;8;3;4;0;1;7
915;8;3;3;0;0;7
916;8;3;2;0;1;7
917;8;4;3;0;1;7
918;8;2;3;0;1;7
919;8;3;2;0;1;7
920;8;2;5;0;1;7
921;8;5;2;0;0;7
922;8;3;1;0;1;7
923;8;1;4;0;1;7
924;8;3;4;0;1;7
925;8;5;1;0;1;7
926;8;2;2;0;1;7
927;8;3;3;0;1;7
928;8;1;4;0;0;7
929;8;3;4;0;1;7
930;8;4;3;0;1;7
931;8;3;2;0;1;7
932;8;4;2;0;1;7
933;8;5;1;0;1;7
934;8;3;1;0;0;7
935;8;3;4;0;1;7
936;8;4;2;0;1;7
937;8;3;2;0;1;7
938;8;3;4;0;0;7
939;8;2;4;0;1;7
940;8;3;2;1;1;7
941;8;4;0;0;1;7
942;8;4;2;0;1;7
943;8;3;2;0;1;7
944;8;2;3;1;1;7
945;8;4;2;0;0;7
946;8;5;2;0;1;7
947;8;6;0;0;1;7
948;8;2;1;0;1;7
949;8;2;4;0;1;7
950;8;3;3;0;0;7
951;8;2;4;0;1;7
952;8;2;4;0;1;7
953;8;1;4;0;1;7
954;8;4;3;0;1;7
955;8;3;3;0;0;7
956;8;3;2;0;1;7
957;8;4;2;0;1;7
958;8;4;2;0;1;7
959;8;2;2;0;0;7
960;8;0;6;0;1;7
961;8;3;4;0;1;7
962;8;4;1;0;1;7
963;8;5;1;0;1;7
964;8;3;3;0;1;7
965;8;2;2;0;0;7
966;8;3;4;0;1;7
967;8;3;3;0;1;7
968;8;3;2;0;1;7
969;8;2;4;0;1;7
970;8;4;1;0;1;7
971;8;5;2;0;0;7
972;8;5;1;0;1;7
973;8;3;2;0;1;7
974;8;4;2;0;1;7
975;8;2;3;0;1;7
976;8;4;2;1;1;7
977;8;4;1;1;0;7
978;8;3;3;0;1;7
979;8;3;3;0;1;7
980;8;3;2;0;1;7
981;8;2;3;0;0;7
982;8;2;4;0;1;7
983;8;5;2;0;1;7
984;8;4;1;0;1;7
985;8;5;1;0;1;7
986;8;2;2;0;0;7
987;8;1;5;0;1;7
988;8;3;3;0;1;7
989;8;4;3;0;1;7
990;8;6;0;0;1;7
991;8;4;1;0;1;7
992;8;2;3;0;1;7
993;8;4;3;0;0;7
994;8;5;2;0;1;7
995;8;4;1;0;1;7
996;8;4;2;0;1;7
997;8;3;1;0;1;7
998;8;2;4;0;0;7
999;8;2;4;0;1;7
1000;8;4;2;0;1;7
1001;8;4;2;0;1;7
1002;8;4;1;0;0;7
1003;8;2;3;0;1;7
1004;8;4;3;0;1;7
1005;8;3;1;0;1;7
1006;8;1;5;0;1;7
1007;8;4;2;0;0;7
1008;8;3;4;0;1;7
1009;8;4;1;0;1;7
1010;8;5;1;0;1;7
1011;8;4;1;0;1;7
1012;8;5;2;0;0;7
1013;8;0;3;0;1;7
1014;8;2;5;0;1;7
1015;8;4;2;0;1;7
1016;8;3;2;0;1;7
1017;8;2;4;0;0;7
1018;8;3;4;0;1;7
1019;8;3;2;0;1;7
1020;8;3;3;0;1;7
1021;8;3;2;0;0;7
1022;8;3;4;0;1;7
1023;8;2;4;0;1;7
1024;8;3;3;0;1;7
1025;8;3;2;0;1;7
1026;8;4;2;0;1;7
1027;8;4;1;0;0;7
1028;8;1;4;0;1;7
1029;8;3;3;0;1;7
1030;8;4;3;0;1;7
1031;8;4;1;0;1;7
1032;8;4;1;0;1;7
1033;8;2;3;0;1;7
1034;8;5;2;0;0;7
1035;8;4;1;0;1;7
1036;8;4;2;0;1;7
1037;8;2;3;0;1;7
1038;8;1;4;0;1;7
1039;8;3;4;0;0;7
1040;8;3;3;0;1;7
1041;8;5;1;0;1;7
1042;8;3;2;0;1;7
1043;8;3;2;0;1;7
1044;8;1;4;0;1;7
1045;8;3;4;0;1;7
1046;8;4;2;0;0;7
1047;8;4;2;0;1;7
1048;8;5;1;0;1;7
1049;8;4;1;0;1;7
1050;8;4;1;0;1;7
1051;8;5;2;0;0;7
1052;8;2;3;0;1;7
1053;8;2;3;0;1;7
1054;8;2;4;0;1;7
1055;8;1;5;0;1;7
1056;8;6;1;0;1;7
1057;8;6;0;0;0;7
1058;8;2;1;0;1;7
1059;8;3;4;0;1;7
1060;8;2;3;0;1;7
1061;8;3;3;0;1;7
1062;8;5;2;0;1;7
1063;8;5;0;0;0;7
1064;8;3;2;0;1;7
1065;8;4;2;0;1;7
1066;8;5;1;0;1;7
1067;8;4;1;0;1;7
1068;8;4;2;0;0;7
1069;8;2;3;0;1;7
1070;8;2;4;0;1;7
1071;8;6;1;0;1;7
1072;8;4;0;0;0;7
1073;8;1;3;0;1;7
1074;8;1;6;0;1;7
1075;8;3;4;0;1;7
1076;8;3;2;0;1;7
1077;8;6;1;0;1;7
1078;8;5;1;0;1;7
1079;8;1;3;0;0;7
1080;8;2;5;0;1;7
1081;8;0;5;0;1;7
1082;8;2;5;0;1;7
1083;8;7;0;0;1;7
1084;8;3;0;0;1;7
1085;8;2;4;0;0;7
1086;8;2;4;0;1;7
1087;8;1;4;0;1;7
1088;8;2;5;0;1;7
1089;8;5;2;0;1;7
1090;8;6;0;0;0;7
1091;8;4;1;0;1;7
1092;8;1;3;0;1;7
1093;8;0;6;0;1;7
1094;8;4;3;0;1;7
1095;8;6;0;0;1;7
1096;8;2;1;1;1;7
1097;8;1;4;0;0;7
1098;8;0;6;0;1;7
1099;8;3;4;0;1;7
1100;8;6;0;0;1;7
1101;8;3;2;0;1;7
1102;8;4;2;0;1;7
1103;8;1;3;0;0;7
1104;8;2;5;0;1;7
1105;8;4;2;0;1;7
1106;8;4;2;0;0;7
1107;8;6;1;0;1;7
1108;8;4;0;0;1;7
1109;8;2;3;0;1;7
1110;8;3;3;0;1;7
1111;8;3;2;0;0;7
1112;8;1;4;0;1;7
1113;8;2;4;0;1;7
1114;8;4;3;0;1;7
1115;8;5;1;0;0;7
1116;8;4;2;0;1;7
1117;8;3;2;0;1;7
1118;8;3;3;0;1;7
1119;8;1;4;0;1;7
1120;8;3;4;0;1;7
1121;8;6;1;0;1;7
1122;8;4;0;0;0;7
1123;8;2;3;0;1;7
1124;8;1;5;0;1;7
1125;8;5;2;0;1;7
1126;8;4;2;0;1;7
1127;8;2;2;0;1;7
1128;8;3;3;0;0;7
1129;8;3;4;0;1;7
1130;8;6;0;0;1;7
1131;8;5;0;0;1;7
1132;8;3;3;0;1;7
1133;8;3;2;0;0;7
1134;8;2;4;0;1;7
1135;8;3;4;0;1;7
1136;8;5;0;0;1;7
1137;8;1;3;0;1;7
1138;8;1;5;0;1;7
1139;8;3;4;0;0;7
1140;8;4;3;0;1;7
1141;8;4;0;0;1;7
1142;8;1;4;0;1;7
1143;8;2;4;0;1;7
1144;8;3;4;0;0;7
1145;8;2;4;0;1;7
1146;8;3;3;0;1;7
1147;8;5;1;0;1;7
1148;8;2;1;1;1;7
1149;8;0;5;0;1;7
1150;8;2;5;0;1;7
1151;8;2;5;0;0;7
1152;8;3;3;0;1;7
1153;8;4;2;0;1;7
1154;8;5;0;0;1;7
1155;8;4;2;0;1;7
1156;8;3;1;0;1;7
1157;8;4;3;0;0;7
1158;8;4;2;0;1;7
1159;8;5;0;0;1;7
1160;8;4;2;0;1;7
1161;8;3;3;0;1;7
1162;8;4;1;0;1;7
1163;8;3;3;0;1;7
1164;8;3;1;1;0;7
1165;8;2;4;0;1;7
1166;8;4;2;1;1;7
1167;8;5;0;0;1;7
1168;8;5;1;0;1;7
1169;8;5;2;0;0;7
1170;8;5;1;0;1;7
1171;8;2;1;0;1;7
1172;8;1;5;0;1;7
1173;8;3;4;0;1;7
1174;8;4;2;0;0;7
1175;8;6;1;0;1;7
1176;8;3;1;0;1;7
1177;8;1;3;0;1;7
1178;8;2;4;0;0;7
1179;8;3;4;0;1;7
1180;8;3;2;0;1;7
1181;8;4;1;0;1;7
1182;8;5;1;0;0;7
1183;8;3;3;0;1;7
1184;8;2;3;0;1;7
1185;8;3;3;1;1;7
1186;8;6;1;0;0;7
1187;8;4;1;0;1;7
1188;8;2;1;0;1;7
1189;8;0;6;0;1;7
1190;8;3;4;0;0;7
1191;8;6;1;0;1;7
1192;8;4;0;0;1;7
1193;8;2;3;0;1;7
1194;8;1;5;0;1;7
1195;8;4;3;0;1;7
1196;8;4;2;0;1;7
1197;8;4;0;0;0;7
1198;8;2;4;0;1;7
1199;8;1;4;0;1;7
1200;8;4;3;0;1;7
1201;8;4;2;0;0;7
1202;8;5;2;0;1;7
1203;8;3;1;0;1;7
1204;8;1;4;0;1;7
1205;8;2;4;0;1;7
1206;8;4;3;0;1;7
1207;8;3;3;0;0;7
1208;8;3;3;0;1;7
1209;8;1;4;0;1;7
1210;8;2;4;0;1;7
1211;8;2;3;0;1;7
1212;8;5;2;0;1;7
1213;8;5;1;0;1;7
1214;8;6;0;0;0;7
1215;8;3;2;0;1;7
1216;8;1;4;0;1;7
1217;8;4;2;0;1;7
1218;8;4;2;0;1;7
1219;8;4;3;0;1;7
1220;8;1;3;0;0;7
1221;8;2;5;0;1;7
1222;8;3;3;0;1;7
1223;8;5;1;0;1;7
1224;8;5;1;0;1;7
1225;8;3;2;0;1;7
1226;8;2;3;0;0;7
1227;8;3;4;0;1;7
1228;8;5;1;0;1;7
1229;8;5;0;0;1;7
1230;8;4;1;0;1;7
1231;8;3;3;0;1;7
1232;8;2;3;0;1;7
1233;8;5;1;1;1;7
1234;8;6;0;0;0;7
1235;8;3;1;0;1;7
1236;8;1;4;0;1;7
1237;8;0;6;0;1;7
1238;8;3;4;0;1;7
1239;8;2;3;0;1;7
1240;8;3;2;0;1;7
1241;8;1;5;0;0;7
1242;8;2;4;0;1;7
1243;8;5;1;0;1;7
1244;8;4;1;0;1;7
1245;8;4;2;0;0;7
1246;8;3;4;0;1;7
1247;8;2;4;0;1;7
1248;8;3;2;0;1;7
1249;8;4;2;0;1;7
1250;8;2;2;0;0;7
1251;8;1;5;0;1;7
1252;8;4;3;0;1;7
1253;8;6;0;0;1;7
1254;8;4;0;0;0;7
1255;8;1;4;0;1;7
1256;8;2;5;0;1;7
1257;8;4;2;0;1;7
1258;8;6;0;0;1;7
1259;8;3;0;0;0;7
1260;8;1;5;0;1;7
1261;8;2;4;0;1;7
1262;8;2;4;0;1;7
1263;8;5;2;0;1;7
1264;8;5;0;0;0;7
1265;8;4;2;0;1;7
1266;8;1;2;0;1;7
1267;8;1;6;0;1;7
1268;8;2;5;0;1;7
1269;8;5;1;0;1;7
1270;8;4;0;0;0;7
1271;8;3;4;0;1;7
1272;8;1;4;0;1;7
1273;8;3;4;0;1;7
1274;8;5;1;0;1;7
1275;8;1;3;0;0;7
1276;8;1;5;0;1;7
1277;8;2;5;0;1;7
1278;8;2;4;0;1;7
1279;8;4;1;0;1;7
1280;8;3;4;0;0;7
1281;8;2;3;0;1;7
1282;8;3;3;0;1;7
1283;8;3;3;0;1;7
1284;8;4;2;0;1;7
1285;8;1;3;0;1;7
1286;8;1;5;0;0;7
1287;8;1;5;0;1;7
1288;8;5;2;0;1;7
1289;8;5;1;0;1;7
1290;8;4;1;0;1;7
1291;8;1;3;1;0;7
1292;8;1;5;0;1;7
1293;8;3;4;0;1;7
1294;8;5;0;0;1;7
1295;8;3;1;1;0;7
1296;8;1;4;0;1;7
1297;8;1;5;0;1;7
1298;8;2;5;0;1;7
1299;8;5;1;1;1;7
1300;8;5;0;0;0;7
1301;8;2;3;0;1;7
1302;8;2;3;0;1;7
1303;8;3;3;0;1;7
1304;8;5;2;0;0;7
1305;8;2;1;0;1;7
1306;8;2;5;0;1;7
1307;8;2;4;0;1;7
1308;8;3;3;0;1;7
1309;8;6;1;0;0;7
1310;8;2;2;0;1;7
1311;8;3;3;0;1;7
1312;8;2;3;0;1;7
1313;8;3;3;0;1;7
1314;8;4;2;0;1;7
1315;8;4;2;0;0;7
1316;8;2;3;0;1;7
1317;8;4;3;0;1;7
1318;8;5;0;0;1;7
1319;8;6;1;0;0;7
1320;8;4;2;0;1;7
1321;8;5;0;0;1;7
1322;8;1;3;0;1;7
1323;8;1;5;0;0;7
1324;8;3;4;0;1;7
1325;8;5;1;0;1;7
1326;8;3;2;0;1;7
1327;8;1;3;0;1;7
1328;8;1;5;0;1;7
1329;8;5;2;0;0;7
1330;8;3;3;0;1;7
1331;8;2;2;0;1;7
1332;8;2;4;0;1;7
1333;8;4;3;0;1;7
1334;8;7;0;0;0;7
1335;8;4;0;0;1;7
1336;8;3;2;0;1;7
1337;8;3;3;0;1;7
1338;8;2;3;0;0;7
1339;8;2;4;0;1;7
1340;8;4;2;0;1;7
1341;8;3;2;0;1;7
1342;8;5;2;0;1;7
1343;8;3;1;0;1;7
1344;8;2;4;0;1;7
1345;8;0;5;0;0;7
1346;8;2;5;0;1;7
1347;8;4;2;0;1;7
1348;8;4;1;0;1;7
1349;8;2;3;0;1;7
1350;8;2;3;0;0;7
1351;8;4;3;0;1;7
1352;8;1;3;0;1;7
1353;8;3;3;0;1;7
1354;8;4;2;0;1;7
1355;8;3;3;0;0;7
1356;8;1;4;0;1;7
1357;8;3;3;0;1;7
1358;8;3;3;0;1;7
1359;8;3;4;0;1;7
1360;8;4;1;1;0;7
1361;8;2;2;0;1;7
1362;8;2;4;0;1;7
1363;8;2;3;0;1;7
1364;8;4;2;0;0;7
1365;8;3;3;0;1;7
1366;8;3;3;0;1;7
1367;8;2;3;0;1;7
1368;8;3;3;0;1;7
1369;8;3;3;0;1;7
1370;8;4;2;0;0;7
1371;8;1;4;0;1;7
1372;8;5;2;0;1;7
1373;8;3;2;0;1;7
1374;8;3;3;0;1;7
1375;8;3;3;0;1;7
1376;8;5;1;0;0;7
1377;8;2;3;0;1;7
1378;8;0;5;0;1;7
1379;8;5;2;0;1;7
1380;8;6;1;0;1;7
1381;8;3;0;0;0;7
1382;8;2;4;0;1;7
1383;8;3;3;0;1;7
1384;8;3;3;0;1;7
1385;8;6;0;0;0;7
1386;8;5;2;0;1;7
1387;8;4;1;0;1;7
1388;8;2;3;0;1;7
1389;8;2;4;0;1;7
1390;8;2;3;0;1;7
1391;8;3;3;0;1;7
1392;8;6;1;0;0;7
1393;8;6;0;0;1;7
1394;8;3;1;0;1;7
1395;8;4;3;0;1;7
1396;8;2;2;0;1;7
1397;8;4;3;0;0;7
1398;8;5;1;0;1;7
1399;8;4;2;0;1;7
1400;8;2;2;0;1;7
1401;8;1;5;0;1;7
1402;8;4;3;0;0;7
1403;8;2;4;0;1;7
1404;8;4;1;0;1;7
1405;8;4;2;0;1;7
1406;8;5;0;0;1;7
1407;8;3;2;0;0;7
1408;8;1;5;0;1;7
1409;8;2;4;0;1;7
1410;8;1;5;0;1;7
1411;8;3;3;0;0;7
1412;8;3;4;0;1;7
1413;8;4;3;0;1;7
1414;8;6;0;0;1;7
1415;8;2;0;0;0;7
1416;8;1;6;0;1;7
1417;8;1;5;0;1;7
1418;8;4;3;0;1;7
1419;8;7;0;0;0;7
1420;8;3;1;0;1;7
1421;8;2;3;0;1;7
1422;8;0;4;1;1;7
1423;8;5;2;0;1;7
1424;8;5;1;0;0;7
1425;8;1;2;0;1;7
1426;8;1;6;0;1;7
1427;8;3;4;0;1;7
1428;8;3;2;0;1;7
1429;8;2;5;0;1;7
1430;8;4;1;0;0;7
1431;8;4;2;0;1;7
1432;8;4;2;0;1;7
1433;8;2;3;0;0;7
1434;8;2;4;0;1;7
1435;8;2;3;0;1;7
1436;8;3;3;0;1;7
1437;8;1;4;0;1;7
1438;8;3;2;1;0;7
1439;8;2;4;0;1;7
1440;8;0;5;0;1;7
1441;8;2;5;0;1;7
1442;8;1;4;0;1;7
1443;8;4;3;0;1;7
1444;8;3;1;1;1;7
1445;8;4;1;0;0;7
1446;8;2;3;0;1;7
1447;8;1;4;0;1;7
1448;8;1;5;0;1;7
1449;8;4;3;0;1;7
1450;8;3;2;0;0;7
1451;8;5;2;0;1;7
1452;8;4;1;0;1;7
1453;8;1;3;0;1;7
1454;8;5;2;0;0;7
1455;8;3;2;0;1;7
1456;8;2;4;0;1;7
1457;8;4;1;0;1;7
1458;8;3;3;0;0;7
1459;8;1;4;0;1;7
1460;8;3;3;0;1;7
1461;8;4;2;0;1;7
1462;8;2;2;0;1;7
1463;8;3;4;0;0;7
1464;8;4;1;0;1;7
1465;8;4;3;0;1;7
1466;8;3;2;0;1;7
1467;8;3;2;0;1;7
1468;8;2;4;0;0;7
1469;8;2;4;0;1;7
1470;8;3;3;0;1;7
1471;8;3;3;0;1;7
1472;8;2;2;0;1;7
1473;8;2;4;0;1;7
1474;8;3;3;0;0;7
1475;8;2;5;0;1;7
1476;8;5;1;0;1;7
1477;8;4;0;0;1;7
1478;8;2;4;0;0;7
1479;8;2;4;0;1;7
1480;8;4;2;0;1;7
1481;8;2;2;1;1;7
1482;8;4;2;0;0;7
1483;8;4;2;0;1;7
1484;8;3;3;0;1;7
1485;8;3;2;0;1;7
1486;8;2;3;0;1;7
1487;8;5;2;0;0;7
1488;8;5;2;0;1;7
1489;8;6;0;0;1;7
1490;8;2;0;0;1;7
1491;8;1;5;0;1;7
1492;8;3;4;0;0;7
1493;8;4;2;0;1;7
1494;8;3;2;0;1;7
1495;8;1;3;0;1;7
1496;8;0;6;0;1;7
1497;8;4;3;0;0;7
1498;8;3;2;0;1;7
1499;8;3;3;0;1;7
