,nodeId,ls,lc,le,ltx,number of neighbors,QOS,arm,jammed evaluation,label (jammed or not)
0,9,1,5,0,1,6,0.200,False,False,0
1,9,4,2,0,1,6,2.000,False,False,0
2,9,4,0,0,1,6,6.000,True,False,0
3,9,4,1,0,1,6,4.000,True,True,0
4,9,2,2,0,1,6,1.000,True,True,0
5,9,1,4,0,0,6,0.250,True,True,0
6,9,2,4,0,1,6,0.500,True,False,0
7,9,3,3,0,1,6,1.000,True,False,0
8,9,3,0,0,1,6,6.000,False,False,0
9,9,2,2,0,1,6,1.000,False,True,0
10,9,1,4,0,0,6,0.250,False,True,0
11,9,3,3,0,1,6,1.000,False,False,0
12,9,2,2,0,1,6,1.000,False,True,0
13,9,3,2,0,1,6,1.500,False,False,0
14,9,3,3,0,1,6,1.000,True,True,0
15,9,3,2,0,1,6,1.500,True,False,0
16,9,3,1,0,1,6,3.000,False,False,0
17,9,2,1,1,1,6,2.000,False,True,0
18,9,2,4,0,0,6,0.500,True,True,0
19,9,2,3,0,1,6,0.667,False,False,0
20,9,2,3,0,1,6,0.667,False,True,0
21,9,3,2,0,1,6,1.500,False,False,0
22,9,2,2,0,1,6,1.000,False,True,0
23,9,2,4,0,1,6,0.500,True,True,0
24,9,2,2,1,0,6,1.000,False,False,0
25,9,3,2,0,1,6,1.500,False,False,0
26,9,3,2,0,1,6,1.500,False,True,0
27,9,4,2,0,1,6,2.000,False,False,0
28,9,3,1,0,1,6,3.000,False,False,0
29,9,2,3,0,1,6,0.667,False,True,0
30,9,4,1,0,0,6,4.000,False,False,0
31,9,2,2,0,1,6,1.000,False,True,0
32,9,3,3,0,1,6,1.000,True,True,0
33,9,3,1,0,1,6,3.000,False,False,0
34,9,4,2,0,1,6,2.000,False,True,0
35,9,3,1,0,1,6,3.000,False,False,0
36,9,3,2,0,1,6,1.500,False,True,0
37,9,2,3,0,0,6,0.667,False,True,0
38,9,3,3,0,1,6,1.000,False,False,0
39,9,4,1,0,1,6,4.000,False,False,0
40,9,3,0,0,1,6,6.000,False,False,0
41,9,2,3,0,1,6,0.667,False,True,0
42,9,1,4,0,0,6,0.250,False,True,0
43,9,4,2,0,1,6,2.000,True,False,0
44,9,3,0,0,1,6,6.000,False,False,0
45,9,3,2,0,1,6,1.500,False,True,0
46,9,2,3,0,0,6,0.667,False,True,0
47,9,3,2,0,1,6,1.500,False,False,0
48,9,2,3,0,1,6,0.667,False,True,0
49,9,1,3,0,1,6,0.333,False,True,0
50,9,3,3,0,1,6,1.000,True,False,0
51,9,4,2,0,1,6,2.000,False,False,0
52,9,5,0,0,1,6,6.000,False,False,0
53,9,4,0,0,0,6,6.000,False,True,0
54,9,3,3,0,1,6,1.000,True,True,0
55,9,2,2,0,1,6,1.000,False,True,0
56,9,3,2,0,1,6,1.500,False,False,0
57,9,2,2,0,1,6,1.000,False,True,0
58,9,2,3,0,0,6,0.667,False,True,0
59,9,3,3,0,1,6,1.000,True,False,0
60,9,5,1,0,1,6,5.000,False,False,0
61,9,3,0,0,1,6,6.000,False,False,0
62,9,3,3,0,1,6,1.000,True,True,0
63,9,1,2,0,1,6,0.500,False,True,0
64,9,2,4,0,0,6,0.500,True,True,0
65,9,4,2,0,1,6,2.000,False,False,0
66,9,4,0,0,1,6,6.000,False,False,0
67,9,3,1,0,1,6,3.000,False,True,0
68,9,1,4,0,1,6,0.250,False,True,0
69,9,3,2,0,0,6,1.500,False,False,0
70,9,4,2,0,1,6,2.000,False,False,0
71,9,4,0,0,1,6,6.000,False,False,0
72,9,2,2,0,1,6,1.000,False,True,0
73,9,0,4,0,1,6,0.000,False,True,0
74,9,3,3,0,1,6,1.000,True,False,0
75,9,2,3,0,0,6,0.667,False,True,0
76,9,3,2,0,1,6,1.500,False,False,0
77,9,2,3,0,1,6,0.667,False,True,0
78,9,3,1,0,1,6,3.000,False,False,0
79,9,4,2,0,1,6,2.000,True,True,0
80,9,3,2,0,0,6,1.500,False,True,0
81,9,4,1,0,1,6,4.000,False,False,0
82,9,4,2,0,1,6,2.000,True,True,0
83,9,3,1,0,1,6,3.000,False,False,0
84,9,2,2,0,1,6,1.000,False,True,0
85,9,3,2,0,1,6,1.500,False,False,0
86,9,3,2,0,0,6,1.500,False,True,0
87,9,2,3,0,1,6,0.667,False,True,0
88,9,3,2,0,1,6,1.500,False,False,0
89,9,4,2,0,1,6,2.000,True,False,0
90,9,4,1,0,1,6,4.000,False,False,0
91,9,4,0,0,1,6,6.000,False,False,0
92,9,3,2,0,1,6,1.500,False,True,0
93,9,3,1,0,1,6,3.000,False,False,0
94,9,4,2,0,0,6,2.000,True,True,0
95,9,4,2,0,1,6,2.000,True,True,0
96,9,3,1,0,1,6,3.000,False,False,0
97,9,3,2,0,1,6,1.500,False,True,0
98,9,1,2,0,1,6,0.500,False,True,0
99,9,3,3,0,0,6,1.000,True,False,0
100,9,3,3,0,1,6,1.000,True,True,0
101,9,4,1,0,1,6,4.000,False,False,0
102,9,4,0,0,1,6,6.000,False,False,0
103,9,2,3,0,1,6,0.667,False,True,0
104,9,2,2,0,0,6,1.000,False,False,0
105,9,1,5,0,1,6,0.200,True,True,0
106,9,4,2,0,1,6,2.000,True,False,0
107,9,5,0,0,1,6,6.000,False,False,0
108,9,5,0,0,0,6,6.000,False,True,0
109,9,1,2,0,1,6,0.500,False,True,0
110,9,3,2,0,1,6,1.500,False,False,0
111,9,3,3,0,1,6,1.000,True,True,0
112,9,5,1,0,1,6,5.000,False,False,0
113,9,4,0,0,0,6,6.000,False,False,0
114,9,1,3,0,1,6,0.333,False,True,0
115,9,2,3,0,1,6,0.667,False,False,0
116,9,3,2,0,1,6,1.500,False,False,0
117,9,4,1,0,1,6,4.000,False,False,0
118,9,4,1,0,0,6,4.000,False,True,0
119,9,4,1,0,1,6,4.000,False,True,0
120,9,3,1,0,1,6,3.000,False,True,0
121,9,1,3,0,1,6,0.333,False,True,0
122,9,1,4,0,1,6,0.250,False,True,0
123,9,4,2,0,0,6,2.000,False,False,0
124,9,2,3,0,1,6,0.667,False,True,0
125,9,4,1,0,1,6,4.000,False,False,0
126,9,4,1,0,1,6,4.000,False,True,0
127,9,3,1,1,1,6,3.000,False,True,0
128,9,4,1,0,0,6,4.000,False,False,0
129,9,1,2,0,1,6,0.500,False,True,0
130,9,2,3,0,1,6,0.667,False,False,0
131,9,4,2,0,1,6,2.000,False,False,0
132,9,3,2,0,0,6,1.500,False,True,0
133,9,3,1,0,1,6,3.000,False,False,0
134,9,2,3,0,1,6,0.667,False,True,0
135,9,3,3,0,1,6,1.000,True,False,0
136,9,3,1,0,1,6,3.000,False,False,0
137,9,3,2,1,0,6,1.500,False,True,0
138,9,2,2,0,1,6,1.000,False,True,0
139,9,2,3,0,1,6,0.667,False,True,0
140,9,3,2,0,1,6,1.500,False,False,0
141,9,5,1,0,1,6,5.000,False,False,0
142,9,2,1,0,1,6,2.000,False,True,0
143,9,2,4,0,1,6,0.500,True,True,0
144,9,1,4,0,0,6,0.250,False,True,0
145,9,3,2,0,1,6,1.500,False,False,0
146,9,4,2,0,1,6,2.000,False,False,0
147,9,4,0,0,1,6,6.000,False,False,0
148,9,3,1,0,1,6,3.000,False,True,0
149,9,0,4,0,1,6,0.000,False,True,0
150,9,4,2,0,1,6,2.000,False,False,0
151,9,5,0,0,0,6,6.000,False,False,0
152,9,2,1,0,1,6,2.000,False,True,0
153,9,1,4,0,1,6,0.250,False,True,0
154,9,1,4,0,1,6,0.250,False,True,0
155,9,5,1,0,1,6,5.000,False,False,0
156,9,5,0,0,1,6,6.000,False,False,0
157,9,1,1,1,1,6,1.000,False,True,0
158,9,2,3,0,0,6,0.667,False,True,0
159,9,3,2,0,1,6,1.500,False,False,0
160,9,2,2,0,1,6,1.000,False,True,0
161,9,3,2,0,1,6,1.500,False,False,0
162,9,3,2,0,1,6,1.500,False,True,0
163,9,2,3,0,0,6,0.667,False,True,0
164,9,1,4,0,1,6,0.250,False,True,0
165,9,2,4,0,1,6,0.500,True,False,0
166,9,5,1,0,1,6,5.000,False,False,0
167,9,3,0,0,1,6,6.000,False,False,0
168,9,3,2,0,1,6,1.500,False,True,0
169,9,2,3,0,0,6,0.667,False,True,0
170,9,1,4,0,1,6,0.250,False,True,0
171,9,4,2,0,1,6,2.000,False,False,0
172,9,4,2,0,1,6,2.000,False,True,0
173,9,3,1,0,1,6,3.000,False,False,0
174,9,3,2,0,1,6,1.500,False,True,0
175,9,1,2,0,1,6,0.500,False,True,0
176,9,3,3,0,1,6,1.000,True,False,0
177,9,3,2,1,0,6,1.500,False,False,0
178,9,3,2,0,1,6,1.500,False,True,0
179,9,3,1,0,1,6,3.000,False,False,0
180,9,2,3,0,1,6,0.667,False,True,0
181,9,2,3,0,0,6,0.667,False,True,0
182,9,2,3,0,1,6,0.667,False,True,0
183,9,3,2,0,1,6,1.500,False,False,0
184,9,4,1,0,1,6,4.000,False,False,0
185,9,3,1,0,1,6,3.000,False,True,0
186,9,2,3,0,1,6,0.667,False,True,0
187,9,2,3,0,1,6,0.667,False,True,0
188,9,3,3,0,0,6,1.000,True,False,0
189,9,3,2,0,1,6,1.500,False,False,0
190,9,2,3,0,1,6,0.667,False,True,0
191,9,2,2,0,1,6,1.000,False,False,0
192,9,3,3,0,1,6,1.000,True,True,0
193,9,3,2,0,0,6,1.500,False,False,0
194,9,4,1,0,1,6,4.000,False,False,0
195,9,3,2,0,1,6,1.500,False,True,0
196,9,3,1,0,1,6,3.000,False,False,0
197,9,2,2,0,1,6,1.000,False,True,0
198,9,2,3,1,0,6,0.667,False,True,0
199,9,3,2,0,1,6,1.500,False,False,0
200,9,3,2,0,1,6,1.500,False,True,0
201,9,2,3,0,1,6,0.667,False,True,0
202,9,1,3,0,1,6,0.333,False,True,0
203,9,4,2,0,1,6,2.000,False,False,0
204,9,5,1,0,1,6,5.000,False,False,0
205,9,3,0,0,0,6,6.000,False,False,0
206,9,2,3,0,1,6,0.667,False,True,0
207,9,1,4,0,1,6,0.250,False,True,0
208,9,3,3,0,1,6,1.000,False,False,0
209,9,3,2,0,1,6,1.500,False,False,0
210,9,5,1,0,1,6,5.000,False,False,0
211,9,2,1,0,1,6,2.000,False,True,0
212,9,2,3,0,1,6,0.667,False,True,0
213,9,2,3,1,0,6,0.667,True,True,0
214,9,2,2,0,1,6,1.000,False,False,0
215,9,3,2,0,1,6,1.500,False,False,0
216,9,3,2,0,0,6,1.500,False,True,0
217,9,1,4,0,1,6,0.250,False,True,0
218,9,2,3,0,1,6,0.667,False,False,0
219,9,3,3,0,1,6,1.000,False,False,0
220,9,3,1,0,1,6,3.000,False,False,0
221,9,4,1,0,1,6,4.000,False,False,0
222,9,5,1,0,1,6,5.000,False,False,0
223,9,2,1,0,0,6,2.000,False,True,0
224,9,1,5,0,1,6,0.200,True,True,0
225,9,2,3,0,1,6,0.667,False,False,0
226,9,4,2,0,1,6,2.000,False,False,0
227,9,5,0,0,1,6,6.000,False,False,0
228,9,2,0,0,1,6,6.000,False,True,0
229,9,1,4,0,0,6,0.250,False,True,0
230,9,1,5,0,1,6,0.200,True,True,0
231,9,3,3,0,1,6,1.000,False,False,0
232,9,4,0,0,1,6,6.000,False,False,0
233,9,3,2,0,0,6,1.500,False,True,0
234,9,2,3,0,1,6,0.667,False,True,0
235,9,1,3,0,1,6,0.333,False,True,0
236,9,3,3,0,1,6,1.000,False,False,0
237,9,4,2,0,1,6,2.000,False,False,0
238,9,3,2,0,0,6,1.500,False,True,0
239,9,2,2,0,1,6,1.000,False,True,0
240,9,2,3,0,1,6,0.667,False,True,0
241,9,2,3,0,1,6,0.667,False,True,0
242,9,5,1,0,1,6,5.000,False,False,0
243,9,4,0,0,1,6,6.000,False,False,0
244,9,5,1,0,0,6,5.000,False,True,0
245,9,1,2,0,1,6,0.500,False,True,0
246,9,3,3,0,1,6,1.000,False,False,0
247,9,3,2,0,1,6,1.500,False,False,1
248,9,4,2,0,1,6,2.000,False,False,1
249,9,4,1,0,0,6,4.000,False,False,1
250,9,2,2,0,1,6,1.000,False,True,1
251,9,3,3,0,1,6,1.000,False,True,1
252,9,3,1,0,1,6,3.000,False,False,1
253,9,3,2,0,1,6,1.500,False,True,1
254,9,2,3,0,0,6,0.667,False,True,1
255,9,3,3,0,1,6,1.000,False,False,1
256,9,2,6,0,1,6,0.333,True,True,1
257,9,1,6,0,1,6,0.167,True,True,1
258,9,3,6,0,1,6,0.500,True,False,1
259,9,4,7,1,1,6,0.571,True,False,1
260,9,4,5,0,1,6,0.800,True,False,1
261,9,1,5,0,0,6,0.200,True,True,1
262,9,2,7,0,1,6,0.286,True,False,1
263,9,5,6,0,1,6,0.833,True,False,1
264,9,4,5,0,1,6,0.800,True,True,1
265,9,1,6,0,1,6,0.167,True,True,1
266,9,3,6,0,1,6,0.500,True,False,1
267,9,5,7,0,1,6,0.714,True,False,1
268,9,3,4,1,0,6,0.750,True,False,1
269,9,2,6,1,1,6,0.333,True,True,1
270,9,0,4,0,1,6,0.000,False,True,1
271,9,2,7,0,1,6,0.286,True,False,1
272,9,1,6,0,1,6,0.167,True,True,1
273,9,1,6,2,1,6,0.167,True,True,1
274,9,2,6,2,0,6,0.333,True,False,1
275,9,2,5,1,1,6,0.400,True,False,1
276,9,2,6,0,1,6,0.333,True,True,1
277,9,2,8,0,1,6,0.250,True,True,1
278,9,1,7,0,1,6,0.143,True,True,1
279,9,1,6,1,0,6,0.167,True,True,1
280,9,0,5,1,1,6,0.000,False,True,1
281,9,2,7,1,1,6,0.286,True,False,1
282,9,2,9,0,1,6,0.222,True,True,1
283,9,0,4,0,1,6,0.000,False,True,1
284,9,1,9,0,1,6,0.111,True,False,1
285,9,1,6,0,0,6,0.167,True,False,1
286,9,0,7,0,1,6,0.000,True,True,1
287,9,1,9,0,1,6,0.111,True,False,1
288,9,0,6,2,0,6,0.000,True,True,1
289,9,0,10,0,1,6,0.000,True,True,1
290,9,0,7,0,1,6,0.000,True,True,1
291,9,0,8,0,1,6,0.000,True,True,1
292,9,0,8,0,1,6,0.000,True,True,1
293,9,0,11,0,1,6,0.000,True,True,1
294,9,0,7,0,0,6,0.000,True,True,1
295,9,0,6,0,1,6,0.000,True,True,1
296,9,0,6,0,1,6,0.000,True,True,1
297,9,0,8,1,1,6,0.000,True,True,1
298,9,1,10,0,1,6,0.100,True,False,1
299,9,1,10,1,0,6,0.100,True,True,1
300,9,1,4,0,1,6,0.250,False,False,1
301,9,1,6,0,1,6,0.167,True,True,1
302,9,1,7,0,1,6,0.143,True,True,1
303,9,1,8,0,1,6,0.125,True,True,1
304,9,3,7,1,0,6,0.429,True,False,1
305,9,1,7,0,1,6,0.143,True,True,1
306,9,1,7,0,1,6,0.143,True,True,1
307,9,2,8,0,1,6,0.250,True,False,1
308,9,2,5,0,1,6,0.400,True,False,1
309,9,3,6,1,0,6,0.500,True,False,1
310,9,4,7,2,1,6,0.571,True,False,1
311,9,2,5,2,1,6,0.400,True,True,1
312,9,0,5,2,1,6,0.000,False,True,1
313,9,2,5,0,1,6,0.400,False,False,1
314,9,3,6,0,0,6,0.500,True,False,1
315,9,3,5,0,1,6,0.600,True,False,1
316,9,2,6,0,1,6,0.333,True,True,1
317,9,2,6,0,1,6,0.333,True,True,1
318,9,4,5,0,1,6,0.800,True,False,1
319,9,4,5,0,0,6,0.800,True,True,1
320,9,2,5,0,1,6,0.400,False,True,1
321,9,2,7,0,1,6,0.286,True,True,1
322,9,4,5,0,1,6,0.800,True,False,1
323,9,3,2,0,1,6,1.500,False,False,1
324,9,2,4,0,1,6,0.500,False,True,1
325,9,3,3,1,0,6,1.000,False,False,1
326,9,3,3,0,1,6,1.000,False,True,1
327,9,3,3,0,1,6,1.000,False,True,1
328,9,2,1,1,1,6,2.000,False,False,0
329,9,3,3,0,1,6,1.000,False,True,0
330,9,3,1,0,1,6,3.000,False,False,0
331,9,2,1,1,0,6,2.000,False,True,0
332,9,2,4,0,1,6,0.500,False,True,0
333,9,3,2,0,1,6,1.500,False,False,0
334,9,4,1,0,1,6,4.000,False,False,0
335,9,4,1,0,1,6,4.000,False,True,0
336,9,4,1,0,0,6,4.000,False,True,0
337,9,0,3,0,1,6,0.000,False,True,0
338,9,0,6,0,1,6,0.000,False,True,0
339,9,5,1,0,1,6,5.000,False,False,0
340,9,3,0,0,1,6,6.000,False,False,0
341,9,3,2,1,1,6,1.500,False,True,0
342,9,5,0,0,1,6,6.000,False,False,0
343,9,4,0,0,0,6,6.000,False,True,0
344,9,3,3,0,1,6,1.000,False,True,0
345,9,4,1,0,1,6,4.000,False,False,0
346,9,2,2,0,1,6,1.000,False,True,0
347,9,4,1,0,1,6,4.000,False,False,0
348,9,2,3,0,0,6,0.667,False,True,0
349,9,3,3,0,1,6,1.000,False,False,0
350,9,5,0,0,1,6,6.000,False,False,0
351,9,2,1,0,1,6,2.000,False,True,0
352,9,2,3,0,1,6,0.667,False,True,0
353,9,1,4,0,0,6,0.250,False,True,0
354,9,3,3,0,1,6,1.000,False,False,0
355,9,4,1,0,1,6,4.000,False,False,0
356,9,4,2,0,1,6,2.000,False,True,0
357,9,3,1,0,1,6,3.000,False,False,0
358,9,2,2,0,1,6,1.000,False,True,0
359,9,2,2,1,0,6,1.000,False,True,0
360,9,1,4,0,1,6,0.250,False,True,0
361,9,2,3,0,1,6,0.667,False,False,0
362,9,1,4,0,1,6,0.250,False,True,0
363,9,2,3,0,1,6,0.667,False,False,0
364,9,2,3,0,1,6,0.667,False,True,0
365,9,2,4,0,1,6,0.500,False,True,0
366,9,1,2,1,0,6,0.500,False,True,0
367,9,1,4,0,1,6,0.250,False,True,0
368,9,2,3,0,1,6,0.667,False,False,0
369,9,5,1,0,1,6,5.000,False,False,0
370,9,4,0,0,1,6,6.000,False,False,0
371,9,0,3,0,1,6,0.000,False,True,0
372,9,1,5,0,0,6,0.200,False,False,0
373,9,2,4,0,1,6,0.500,False,False,0
374,9,4,1,0,1,6,4.000,False,False,0
375,9,6,0,0,1,6,6.000,False,False,0
376,9,5,0,0,1,6,6.000,False,True,0
377,9,4,0,0,0,6,6.000,False,True,0
378,9,2,2,0,1,6,1.000,False,True,0
379,9,1,3,0,1,6,0.333,False,True,0
380,9,3,3,0,1,6,1.000,False,False,0
381,9,5,1,0,1,6,5.000,False,False,0
382,9,3,0,0,0,6,6.000,False,False,0
383,9,3,3,0,1,6,1.000,False,True,0
384,9,3,2,0,1,6,1.500,False,False,0
385,9,3,2,0,1,6,1.500,False,True,0
386,9,2,2,0,1,6,1.000,False,True,0
387,9,4,1,0,0,6,4.000,False,False,0
388,9,2,3,0,1,6,0.667,False,True,0
389,9,4,1,0,1,6,4.000,False,False,0
390,9,2,2,1,1,6,1.000,False,True,0
391,9,5,0,0,1,6,6.000,False,False,0
392,9,3,1,0,0,6,3.000,False,True,0
393,9,3,2,0,1,6,1.500,False,True,0
394,9,2,2,0,1,6,1.000,False,True,0
395,9,3,2,0,1,6,1.500,False,False,0
396,9,3,3,0,1,6,1.000,False,True,0
397,9,4,1,0,0,6,4.000,False,False,0
398,9,4,2,0,1,6,2.000,False,True,0
399,9,3,0,0,1,6,6.000,False,False,0
400,9,2,3,0,1,6,0.667,False,True,0
401,9,1,4,0,0,6,0.250,False,True,0
402,9,4,2,0,1,6,2.000,False,False,0
403,9,4,0,0,1,6,6.000,False,False,0
404,9,4,1,0,1,6,4.000,False,True,0
405,9,2,1,1,1,6,2.000,False,True,0
406,9,3,2,0,0,6,1.500,False,True,0
407,9,3,2,0,1,6,1.500,False,True,0
408,9,2,3,0,1,6,0.667,False,True,0
409,9,4,1,0,1,6,4.000,False,False,0
410,9,2,2,0,1,6,1.000,False,True,0
411,9,1,4,0,0,6,0.250,False,True,0
412,9,2,4,0,1,6,0.500,False,False,0
413,9,3,1,0,1,6,3.000,False,False,0
414,9,3,2,0,1,6,1.500,False,True,0
415,9,3,3,0,1,6,1.000,False,True,0
416,9,2,2,0,0,6,1.000,False,True,0
417,9,2,4,0,1,6,0.500,False,True,0
418,9,4,1,0,1,6,4.000,False,False,0
419,9,2,1,0,1,6,2.000,False,True,0
420,9,3,3,0,1,6,1.000,False,True,0
421,9,2,2,0,1,6,1.000,False,True,0
422,9,3,2,0,1,6,1.500,False,False,0
423,9,2,3,0,0,6,0.667,False,True,0
424,9,2,4,0,1,6,0.500,False,True,0
425,9,4,1,0,1,6,4.000,False,False,0
426,9,5,1,0,1,6,5.000,False,False,0
427,9,1,0,0,1,6,6.000,False,False,0
428,9,2,4,0,1,6,0.500,False,True,0
429,9,4,2,0,0,6,2.000,False,False,0
430,9,6,0,0,1,6,6.000,False,False,0
431,9,4,0,0,1,6,6.000,False,True,0
432,9,3,1,0,1,6,3.000,False,True,0
433,9,4,2,0,1,6,2.000,False,True,0
434,9,4,0,0,0,6,6.000,False,False,0
435,9,2,2,0,1,6,1.000,False,True,0
436,9,3,3,0,1,6,1.000,False,True,0
437,9,3,1,0,1,6,3.000,False,False,0
438,9,2,2,0,1,6,1.000,False,True,0
439,9,4,2,0,0,6,2.000,False,False,0
440,9,2,2,0,1,6,1.000,False,True,0
441,9,1,3,0,1,6,0.333,False,True,0
442,9,1,4,0,1,6,0.250,False,True,0
443,9,4,2,0,1,6,2.000,False,False,0
444,9,4,1,0,1,6,4.000,False,False,0
445,9,4,0,0,1,6,6.000,False,False,0
446,9,4,1,0,0,6,4.000,False,True,0
447,9,1,3,0,1,6,0.333,False,True,0
448,9,3,3,0,1,6,1.000,False,False,0
449,9,5,1,0,1,6,5.000,False,False,0
450,9,4,0,0,1,6,6.000,False,False,0
451,9,3,2,0,1,6,1.500,False,True,0
452,9,2,1,1,1,6,2.000,False,False,0
453,9,3,2,0,1,6,1.500,False,True,0
454,9,2,2,0,1,6,1.000,False,True,0
455,9,4,2,0,1,6,2.000,False,False,0
456,9,4,1,0,0,6,4.000,False,False,0
457,9,2,2,0,1,6,1.000,False,True,0
458,9,1,4,0,1,6,0.250,False,True,0
459,9,2,3,0,1,6,0.667,False,False,0
460,9,2,4,0,1,6,0.500,False,True,0
461,9,3,2,0,1,6,1.500,False,False,0
462,9,5,0,0,0,6,6.000,False,False,0
463,9,3,2,0,1,6,1.500,False,True,0
464,9,2,2,0,1,6,1.000,False,True,0
465,9,2,3,0,1,6,0.667,False,True,0
466,9,4,2,0,1,6,2.000,False,False,0
467,9,2,2,0,1,6,1.000,False,True,0
468,9,2,3,0,1,6,0.667,False,True,0
469,9,3,3,0,0,6,1.000,False,False,0
470,9,3,2,0,1,6,1.500,False,False,0
471,9,4,1,0,1,6,4.000,False,False,0
472,9,2,2,0,1,6,1.000,False,True,0
473,9,3,2,0,1,6,1.500,False,False,0
474,9,3,2,0,1,6,1.500,False,True,0
475,9,1,3,0,0,6,0.333,False,True,0
476,9,2,4,0,1,6,0.500,False,False,0
477,9,4,2,0,1,6,2.000,False,False,0
478,9,3,2,0,1,6,1.500,False,True,0
479,9,2,1,0,1,6,2.000,False,False,0
480,9,3,3,0,1,6,1.000,False,True,0
481,9,4,0,0,0,6,6.000,False,False,0
482,9,3,2,0,1,6,1.500,False,True,0
483,9,1,3,0,1,6,0.333,False,True,0
484,9,3,3,0,1,6,1.000,False,False,0
485,9,2,1,0,1,6,2.000,False,False,0
486,9,3,3,0,0,6,1.000,False,True,0
487,9,3,2,0,1,6,1.500,False,False,0
488,9,5,1,0,1,6,5.000,False,False,0
489,9,6,0,0,1,6,6.000,False,False,0
490,9,2,0,0,1,6,6.000,False,True,0
491,9,1,4,0,0,6,0.250,False,True,0
492,9,2,4,0,1,6,0.500,False,False,0
493,9,4,1,0,1,6,4.000,False,False,0
494,9,5,0,0,1,6,6.000,False,False,0
495,9,3,1,0,1,6,3.000,False,True,0
496,9,3,2,0,1,6,1.500,False,True,0
497,9,2,2,0,0,6,1.000,False,True,0
498,9,0,5,0,1,6,0.000,False,True,0
499,9,1,5,0,1,6,0.200,True,False,0
500,9,6,0,0,1,6,6.000,False,False,0
501,9,3,0,0,0,6,6.000,False,True,0
502,9,1,3,0,1,6,0.333,False,True,0
503,9,1,4,0,1,6,0.250,False,True,0
504,9,3,3,0,1,6,1.000,False,False,0
505,9,5,0,0,1,6,6.000,False,False,0
506,9,4,1,0,0,6,4.000,False,True,0
507,9,1,2,0,1,6,0.500,False,True,0
508,9,0,5,0,1,6,0.000,False,True,0
509,9,2,4,0,1,6,0.500,False,False,0
510,9,1,4,0,0,6,0.250,False,True,0
511,9,4,2,0,1,6,2.000,False,False,0
512,9,3,1,0,1,6,3.000,False,False,0
513,9,3,3,0,1,6,1.000,False,True,0
514,9,2,2,0,1,6,1.000,False,True,0
515,9,2,3,0,1,6,0.667,False,True,0
516,9,1,4,0,0,6,0.250,False,True,0
517,9,3,2,0,1,6,1.500,False,False,0
518,9,3,2,0,1,6,1.500,False,True,0
519,9,3,2,0,1,6,1.500,False,True,0
520,9,3,2,0,1,6,1.500,False,True,0
521,9,2,2,0,1,6,1.000,False,True,0
522,9,2,4,0,0,6,0.500,False,True,0
523,9,3,3,0,1,6,1.000,False,False,0
524,9,4,0,0,1,6,6.000,False,False,0
525,9,5,1,0,1,6,5.000,False,True,0
526,9,1,1,0,0,6,1.000,False,True,0
527,9,2,4,0,1,6,0.500,False,True,0
528,9,3,3,0,1,6,1.000,False,False,0
529,9,1,2,1,1,6,0.500,False,True,0
530,9,4,2,0,1,6,2.000,False,False,0
531,9,4,1,0,1,6,4.000,False,False,0
532,9,4,0,0,0,6,6.000,False,False,0
533,9,2,3,0,1,6,0.667,False,True,0
534,9,1,3,0,1,6,0.333,False,True,0
535,9,2,4,0,1,6,0.500,False,False,0
536,9,2,3,0,1,6,0.667,False,False,0
537,9,4,0,0,1,6,6.000,False,False,0
538,9,3,3,0,1,6,1.000,False,True,0
539,9,3,1,0,1,6,3.000,False,False,0
540,9,3,2,0,0,6,1.500,False,True,0
541,9,3,3,0,1,6,1.000,False,True,0
542,9,2,2,0,1,6,1.000,False,True,0
543,9,2,2,0,1,6,1.000,False,True,0
544,9,2,4,0,0,6,0.500,False,True,0
545,9,3,3,0,1,6,1.000,False,False,0
546,9,5,1,0,1,6,5.000,False,False,0
547,9,4,0,0,1,6,6.000,False,False,0
548,9,2,1,0,1,6,2.000,False,True,0
549,9,2,3,1,0,6,0.667,False,True,0
550,9,1,3,0,1,6,0.333,False,True,0
551,9,3,3,0,1,6,1.000,False,False,0
552,9,4,1,0,1,6,4.000,False,False,0
553,9,2,1,0,1,6,2.000,False,True,0
554,9,1,5,0,0,6,0.200,True,True,0
555,9,2,3,0,1,6,0.667,False,False,0
556,9,5,1,0,1,6,5.000,False,False,0
557,9,3,0,0,0,6,6.000,False,False,0
558,9,1,3,0,1,6,0.333,False,True,0
559,9,2,4,0,1,6,0.500,False,False,0
560,9,3,3,0,1,6,1.000,False,False,0
561,9,4,0,0,1,6,6.000,False,False,0
562,9,4,1,0,0,6,4.000,False,True,0
563,9,1,3,0,1,6,0.333,False,True,0
564,9,1,5,0,1,6,0.200,True,True,0
565,9,3,2,0,1,6,1.500,False,False,0
566,9,3,3,0,1,6,1.000,False,True,0
567,9,4,2,0,1,6,2.000,False,False,0
568,9,4,0,0,0,6,6.000,False,False,0
569,9,2,2,0,1,6,1.000,False,True,0
570,9,2,4,0,1,6,0.500,False,True,0
571,9,1,3,0,1,6,0.333,False,True,0
572,9,3,3,0,0,6,1.000,False,False,0
573,9,3,3,0,1,6,1.000,False,True,0
574,9,2,1,0,1,6,2.000,False,False,0
575,9,2,3,0,1,6,0.667,False,True,0
576,9,2,3,0,1,6,0.667,False,True,0
577,9,5,0,0,1,6,6.000,False,False,0
578,9,4,1,0,1,6,4.000,False,True,0
579,9,3,1,0,0,6,3.000,False,True,0
580,9,2,3,0,1,6,0.667,False,True,1
581,9,3,3,0,1,6,1.000,False,False,1
582,9,3,3,0,1,6,1.000,False,True,1
583,9,4,0,0,1,6,6.000,False,False,1
584,9,3,1,0,0,6,3.000,False,True,1
585,9,2,3,0,1,6,0.667,False,True,1
586,9,3,2,0,1,6,1.500,False,False,1
587,9,4,1,0,1,6,4.000,False,False,1
588,9,3,1,0,0,6,3.000,False,True,1
589,9,1,5,0,1,6,0.200,True,True,1
590,9,1,7,0,1,6,0.143,True,True,1
591,9,1,6,0,1,6,0.167,True,True,1
592,9,3,7,0,1,6,0.429,True,False,1
593,9,4,6,0,1,6,0.667,True,False,1
594,9,4,5,0,0,6,0.800,True,False,1
595,9,1,5,0,1,6,0.200,True,True,1
596,9,2,7,0,1,6,0.286,True,False,1
597,9,5,6,0,1,6,0.833,True,False,1
598,9,4,5,0,1,6,0.800,True,True,1
599,9,4,7,0,1,6,0.571,True,True,1
600,9,2,5,0,1,6,0.400,True,True,1
601,9,4,7,1,1,6,0.571,True,False,1
602,9,2,4,1,0,6,0.500,True,True,1
603,9,2,6,0,1,6,0.333,True,True,1
604,9,1,5,0,1,6,0.200,True,True,1
605,9,1,7,1,1,6,0.143,True,True,1
606,9,1,6,1,1,6,0.167,True,True,1
607,9,2,6,2,1,6,0.333,True,False,1
608,9,3,6,1,0,6,0.500,True,False,1
609,9,1,6,2,1,6,0.167,True,True,1
610,9,1,6,0,1,6,0.167,True,True,1
611,9,1,7,0,1,6,0.143,True,True,1
612,9,3,6,1,1,6,0.500,True,False,1
613,9,1,5,1,1,6,0.200,True,True,1
614,9,2,6,0,0,6,0.333,True,False,1
615,9,0,7,0,1,6,0.000,True,True,1
616,9,0,6,1,1,6,0.000,True,True,1
617,9,1,7,1,1,6,0.143,True,False,1
618,9,0,9,1,1,6,0.000,True,True,1
619,9,1,7,1,1,6,0.143,True,False,1
620,9,1,5,0,0,6,0.200,True,False,1
621,9,0,9,1,1,6,0.000,True,True,1
622,9,0,9,0,1,6,0.000,True,True,1
623,9,0,10,0,1,6,0.000,True,True,1
624,9,0,9,0,0,6,0.000,True,True,1
625,9,0,8,0,1,6,0.000,True,True,1
626,9,0,7,0,1,6,0.000,True,True,1
627,9,0,10,0,1,6,0.000,True,True,1
628,9,0,11,0,1,6,0.000,True,True,1
629,9,0,8,1,1,6,0.000,True,True,1
630,9,1,5,0,0,6,0.200,True,False,1
631,9,1,6,0,1,6,0.167,True,True,1
632,9,1,9,0,1,6,0.111,True,True,1
633,9,1,10,0,1,6,0.100,True,True,1
634,9,1,5,0,1,6,0.200,True,False,1
635,9,2,8,0,0,6,0.250,True,False,1
636,9,1,6,0,1,6,0.167,True,True,1
637,9,1,7,1,1,6,0.143,True,True,1
638,9,2,8,0,1,6,0.250,True,False,1
639,9,1,6,1,1,6,0.167,True,True,1
640,9,2,7,1,1,6,0.286,True,False,1
641,9,2,5,1,1,6,0.400,True,False,1
642,9,2,6,2,1,6,0.333,True,True,1
643,9,2,6,1,1,6,0.333,True,True,1
644,9,1,4,1,0,6,0.250,False,True,1
645,9,1,7,1,1,6,0.143,True,True,1
646,9,2,6,0,1,6,0.333,True,False,1
647,9,3,6,0,1,6,0.500,True,False,1
648,9,4,7,0,1,6,0.571,True,False,1
649,9,3,5,1,1,6,0.600,True,True,1
650,9,1,5,0,0,6,0.200,True,True,1
651,9,1,6,0,1,6,0.167,True,True,1
652,9,2,7,0,1,6,0.286,True,False,1
653,9,5,4,0,1,6,1.250,True,False,1
654,9,5,3,0,1,6,1.667,True,False,1
655,9,2,2,0,0,6,1.000,False,True,1
656,9,1,5,0,1,6,0.200,True,True,1
657,9,2,6,0,1,6,0.333,True,False,1
658,9,3,4,0,1,6,0.750,True,False,1
659,9,3,2,0,1,6,1.500,False,False,1
660,9,3,2,0,0,6,1.500,False,True,0
661,9,2,4,0,1,6,0.500,False,True,0
662,9,5,0,0,1,6,6.000,False,False,0
663,9,5,0,0,1,6,6.000,False,True,0
664,9,2,1,0,0,6,2.000,False,True,0
665,9,2,4,0,1,6,0.500,False,True,0
666,9,3,2,0,1,6,1.500,False,False,0
667,9,3,3,0,1,6,1.000,False,True,0
668,9,2,1,0,1,6,2.000,False,False,0
669,9,3,3,0,0,6,1.000,False,True,0
670,9,3,3,0,1,6,1.000,False,True,0
671,9,3,1,0,1,6,3.000,False,False,0
672,9,2,2,0,1,6,1.000,False,True,0
673,9,3,3,0,1,6,1.000,False,True,0
674,9,3,1,0,0,6,3.000,False,False,0
675,9,3,2,0,1,6,1.500,False,True,0
676,9,6,0,0,1,6,6.000,False,False,0
677,9,3,0,0,1,6,6.000,False,True,0
678,9,2,2,0,1,6,1.000,False,True,0
679,9,1,4,0,1,6,0.250,False,True,0
680,9,6,0,0,0,6,6.000,False,False,0
681,9,5,1,0,1,6,5.000,False,True,0
682,9,2,1,0,1,6,2.000,False,True,0
683,9,3,2,0,1,6,1.500,False,True,0
684,9,2,3,0,0,6,0.667,False,True,0
685,9,3,3,0,1,6,1.000,False,False,0
686,9,3,2,0,1,6,1.500,False,False,0
687,9,2,1,0,1,6,2.000,False,False,0
688,9,3,3,0,1,6,1.000,False,True,0
689,9,6,0,0,1,6,6.000,False,False,0
690,9,4,0,0,0,6,6.000,False,True,0
691,9,2,2,0,1,6,1.000,False,True,0
692,9,1,3,0,1,6,0.333,False,True,0
693,9,1,4,0,1,6,0.250,False,True,0
694,9,5,1,0,1,6,5.000,False,False,0
695,9,3,0,0,0,6,6.000,False,False,0
696,9,2,3,0,1,6,0.667,False,True,0
697,9,2,3,0,1,6,0.667,False,True,0
698,9,2,4,0,1,6,0.500,False,True,0
699,9,3,2,0,1,6,1.500,False,False,0
700,9,6,0,0,1,6,6.000,False,False,0
701,9,3,0,0,0,6,6.000,False,True,0
702,9,2,3,0,1,6,0.667,False,True,0
703,9,2,3,0,1,6,0.667,False,True,0
704,9,4,1,0,0,6,4.000,False,False,0
705,9,2,2,0,1,6,1.000,False,True,0
706,9,3,2,0,1,6,1.500,False,False,0
707,9,2,2,0,1,6,1.000,False,True,0
708,9,2,4,0,1,6,0.500,False,True,0
709,9,4,2,0,1,6,2.000,False,False,0
710,9,5,0,0,0,6,6.000,False,False,0
711,9,2,1,0,1,6,2.000,False,True,0
712,9,2,3,0,1,6,0.667,False,True,0
713,9,0,4,0,1,6,0.000,False,True,0
714,9,1,5,0,1,6,0.200,True,False,0
715,9,3,3,0,1,6,1.000,False,False,0
716,9,5,0,0,1,6,6.000,False,False,0
717,9,5,0,0,1,6,6.000,False,True,0
718,9,1,1,0,0,6,1.000,False,True,0
719,9,0,6,0,1,6,0.000,True,True,0
720,9,0,6,0,1,6,0.000,True,True,0
721,9,3,3,0,1,6,1.000,False,False,0
722,9,5,1,0,1,6,5.000,False,False,0
723,9,4,0,0,1,6,6.000,False,False,0
724,9,3,1,0,1,6,3.000,False,True,0
725,9,1,3,0,1,6,0.333,False,True,0
726,9,2,4,0,1,6,0.500,False,False,0
727,9,2,2,1,0,6,1.000,False,False,0
728,9,3,2,0,1,6,1.500,False,False,0
729,9,0,3,0,1,6,0.000,False,True,0
730,9,2,4,0,1,6,0.500,False,False,0
731,9,3,2,0,1,6,1.500,False,False,0
732,9,5,0,0,0,6,6.000,False,False,0
733,9,3,2,0,1,6,1.500,False,True,0
734,9,0,3,0,1,6,0.000,False,True,0
735,9,3,3,0,1,6,1.000,False,False,0
736,9,3,3,0,0,6,1.000,False,True,0
737,9,4,1,0,1,6,4.000,False,False,0
738,9,3,1,0,1,6,3.000,False,True,0
739,9,3,3,0,1,6,1.000,False,True,0
740,9,1,2,0,1,6,0.500,False,True,0
741,9,3,3,0,1,6,1.000,False,False,0
742,9,4,2,0,0,6,2.000,False,False,0
743,9,4,1,0,1,6,4.000,False,False,0
744,9,1,1,0,1,6,1.000,False,True,0
745,9,3,3,0,1,6,1.000,False,True,0
746,9,3,2,0,1,6,1.500,False,False,0
747,9,5,1,0,1,6,5.000,False,False,0
748,9,4,0,0,0,6,6.000,False,False,0
749,9,3,2,0,1,6,1.500,False,True,0
750,9,1,3,0,1,6,0.333,False,True,0
751,9,1,5,0,1,6,0.200,True,True,0
752,9,3,1,1,1,6,3.000,False,False,0
753,9,2,1,0,0,6,2.000,False,True,0
754,9,2,4,0,1,6,0.500,False,True,0
755,9,2,3,0,1,6,0.667,False,False,0
756,9,2,3,0,1,6,0.667,False,True,0
757,9,4,1,1,1,6,4.000,False,False,0
758,9,2,1,1,1,6,2.000,False,True,0
759,9,0,4,0,1,6,0.000,False,True,0
760,9,4,2,0,0,6,2.000,False,False,0
761,9,4,2,0,1,6,2.000,False,True,0
762,9,4,0,0,1,6,6.000,False,False,0
763,9,2,1,0,1,6,2.000,False,True,0
764,9,0,5,0,0,6,0.000,False,True,0
765,9,3,3,0,1,6,1.000,False,False,0
766,9,4,1,0,1,6,4.000,False,False,0
767,9,2,1,0,1,6,2.000,False,True,0
768,9,1,3,0,1,6,0.333,False,True,0
769,9,1,5,0,0,6,0.200,True,True,0
770,9,2,4,0,1,6,0.500,False,False,0
771,9,6,0,0,1,6,6.000,False,False,0
772,9,5,0,0,1,6,6.000,False,True,0
773,9,4,0,0,1,6,6.000,False,True,0
774,9,1,2,0,0,6,0.500,False,True,0
775,9,0,6,0,1,6,0.000,True,True,0
776,9,2,4,0,1,6,0.500,False,False,0
777,9,2,3,0,1,6,0.667,False,False,0
778,9,2,2,0,1,6,1.000,False,False,0
779,9,4,2,0,1,6,2.000,False,False,0
780,9,1,2,0,0,6,0.500,False,True,0
781,9,2,4,0,1,6,0.500,False,True,0
782,9,4,1,1,1,6,4.000,False,False,0
783,9,2,1,1,1,6,2.000,False,True,0
784,9,2,2,1,1,6,1.000,False,True,0
785,9,3,2,0,1,6,1.500,False,False,0
786,9,3,3,0,0,6,1.000,False,True,0
787,9,1,3,0,1,6,0.333,False,True,0
788,9,4,2,0,1,6,2.000,False,False,0
789,9,4,2,0,0,6,2.000,False,True,0
790,9,2,1,0,1,6,2.000,False,True,0
791,9,3,3,0,1,6,1.000,False,True,0
792,9,2,2,0,1,6,1.000,False,True,0
793,9,4,2,0,1,6,2.000,False,False,0
794,9,4,1,0,0,6,4.000,False,False,0
795,9,1,2,0,1,6,0.500,False,True,0
796,9,3,3,0,1,6,1.000,False,False,0
797,9,3,2,0,1,6,1.500,False,False,0
798,9,4,0,0,1,6,6.000,False,False,0
799,9,1,3,0,1,6,0.333,False,True,0
800,9,0,5,0,0,6,0.000,False,True,0
801,9,2,4,0,1,6,0.500,False,False,0
802,9,3,3,0,1,6,1.000,False,False,0
803,9,6,0,0,0,6,6.000,False,False,0
804,9,3,0,0,1,6,6.000,False,True,0
805,9,0,3,0,1,6,0.000,False,True,0
806,9,2,4,0,1,6,0.500,False,False,0
807,9,3,2,1,1,6,1.500,False,False,0
808,9,5,0,0,0,6,6.000,False,False,0
809,9,1,1,0,1,6,1.000,False,True,0
810,9,0,5,0,1,6,0.000,False,True,0
811,9,2,4,0,1,6,0.500,False,False,0
812,9,4,2,0,1,6,2.000,False,False,0
813,9,4,1,0,1,6,4.000,False,False,0
814,9,5,0,0,0,6,6.000,False,False,0
815,9,2,2,0,1,6,1.000,False,True,0
816,9,2,2,0,1,6,1.000,False,True,0
817,9,3,3,0,1,6,1.000,False,True,0
818,9,3,1,0,0,6,3.000,False,False,0
819,9,1,3,0,1,6,0.333,False,True,0
820,9,2,3,0,1,6,0.667,False,False,0
821,9,3,3,0,1,6,1.000,False,False,0
822,9,1,2,1,1,6,0.500,False,True,0
823,9,3,2,0,0,6,1.500,False,False,0
824,9,1,3,0,1,6,0.333,False,True,0
825,9,1,4,0,1,6,0.250,False,True,0
826,9,3,3,0,1,6,1.000,False,False,0
827,9,4,1,1,1,6,4.000,False,False,0
828,9,3,0,0,1,6,6.000,False,False,0
829,9,2,2,0,0,6,1.000,False,True,0
830,9,2,4,0,1,6,0.500,False,True,0
831,9,2,3,0,1,6,0.667,False,False,0
832,9,2,4,0,1,6,0.500,False,True,0
833,9,3,1,0,0,6,3.000,False,False,0
834,9,1,4,0,1,6,0.250,False,True,0
835,9,4,2,0,1,6,2.000,False,False,0
836,9,4,1,0,1,6,4.000,False,False,0
837,9,5,0,0,0,6,6.000,False,False,0
838,9,4,2,0,1,6,2.000,False,True,0
839,9,3,1,0,1,6,3.000,False,False,0
840,9,2,2,0,1,6,1.000,False,True,0
841,9,0,4,0,1,6,0.000,False,True,0
842,9,2,4,0,1,6,0.500,False,False,0
843,9,4,2,0,1,6,2.000,False,False,0
844,9,4,2,0,0,6,2.000,False,True,0
845,9,3,1,0,1,6,3.000,False,False,0
846,9,2,3,0,1,6,0.667,False,True,0
847,9,3,1,1,1,6,3.000,False,False,0
848,9,3,1,1,1,6,3.000,False,True,0
849,9,6,0,0,0,6,6.000,False,False,0
850,9,4,1,0,1,6,4.000,False,True,0
851,9,1,1,0,1,6,1.000,False,True,0
852,9,0,5,0,1,6,0.000,False,True,0
853,9,3,3,0,1,6,1.000,False,False,0
854,9,6,0,0,1,6,6.000,False,False,0
855,9,5,0,0,1,6,6.000,False,True,0
856,9,3,0,0,0,6,6.000,False,True,0
857,9,1,4,0,1,6,0.250,False,True,0
858,9,3,2,0,1,6,1.500,False,False,0
859,9,4,1,0,0,6,4.000,False,False,0
860,9,3,2,0,1,6,1.500,False,True,0
861,9,2,2,0,1,6,1.000,False,True,0
862,9,1,3,0,1,6,0.333,False,True,0
863,9,2,4,0,1,6,0.500,False,False,0
864,9,5,1,0,1,6,5.000,False,False,0
865,9,6,0,0,0,6,6.000,False,False,0
866,9,2,0,0,1,6,6.000,False,True,0
867,9,2,3,0,1,6,0.667,False,True,0
868,9,1,4,0,1,6,0.250,False,True,0
869,9,3,3,0,1,6,1.000,False,False,0
870,9,6,0,0,1,6,6.000,False,False,0
871,9,2,2,0,1,6,1.000,False,True,0
872,9,4,1,0,0,6,4.000,False,False,0
873,9,0,3,0,1,6,0.000,False,True,0
874,9,1,5,0,1,6,0.200,True,False,0
875,9,5,1,0,1,6,5.000,False,False,0
876,9,6,0,0,0,6,6.000,False,False,0
877,9,5,0,0,1,6,6.000,False,True,0
878,9,1,1,0,1,6,1.000,False,True,0
879,9,1,4,0,1,6,0.250,False,True,0
880,9,2,4,0,1,6,0.500,False,False,0
881,9,5,1,0,0,6,5.000,False,False,0
882,9,5,0,0,1,6,6.000,False,False,0
883,9,5,0,0,1,6,6.000,False,True,0
884,9,2,1,0,0,6,2.000,False,True,0
885,9,1,4,0,1,6,0.250,False,True,0
886,9,1,5,0,1,6,0.200,True,True,0
887,9,3,2,0,1,6,1.500,False,False,0
888,9,5,0,0,1,6,6.000,False,False,0
889,9,4,0,0,0,6,6.000,False,True,0
890,9,3,3,0,1,6,1.000,False,True,0
891,9,4,2,0,1,6,2.000,False,False,0
892,9,3,0,0,1,6,6.000,False,False,0
893,9,2,3,0,1,6,0.667,False,True,0
894,9,2,3,0,1,6,0.667,False,True,0
895,9,4,2,0,0,6,2.000,False,False,0
896,9,4,1,0,1,6,4.000,False,False,0
897,9,4,1,0,1,6,4.000,False,True,0
898,9,2,1,0,1,6,2.000,False,True,0
899,9,1,4,0,1,6,0.250,False,True,0
900,9,2,4,0,0,6,0.500,False,False,0
901,9,4,2,0,1,6,2.000,False,False,0
902,9,3,2,0,1,6,1.500,False,True,0
903,9,2,2,1,1,6,1.000,False,True,0
904,9,4,0,0,1,6,6.000,False,False,0
905,9,2,2,0,0,6,1.000,False,True,0
906,9,3,3,0,1,6,1.000,False,True,0
907,9,2,3,0,1,6,0.667,False,True,0
908,9,4,0,0,1,6,6.000,False,False,0
909,9,3,2,0,1,6,1.500,False,True,0
910,9,2,2,0,0,6,1.000,False,True,0
911,9,2,4,0,1,6,0.500,False,True,0
912,9,2,3,0,1,6,0.667,False,False,0
913,9,3,1,0,1,6,3.000,False,False,0
914,9,4,2,0,1,6,2.000,False,True,0
915,9,3,2,0,0,6,1.500,False,True,0
916,9,2,2,0,1,6,1.000,False,True,0
917,9,2,4,0,1,6,0.500,False,True,0
918,9,2,3,0,1,6,0.667,False,False,0
919,9,2,2,0,1,6,1.000,False,False,0
920,9,1,4,0,1,6,0.250,False,True,0
921,9,4,2,0,1,6,2.000,False,False,0
922,9,5,0,0,1,6,6.000,False,False,0
923,9,2,2,0,1,6,1.000,False,True,0
924,9,3,2,0,0,6,1.500,False,False,0
925,9,0,4,0,1,6,0.000,False,True,0
926,9,3,3,0,1,6,1.000,False,False,0
927,9,3,3,0,1,6,1.000,False,True,0
928,9,2,2,1,1,6,1.000,False,True,0
929,9,2,2,1,1,6,1.000,False,True,0
930,9,5,0,0,0,6,6.000,False,False,0
931,9,1,2,0,1,6,0.500,False,True,0
932,9,2,4,0,1,6,0.500,False,True,0
933,9,3,2,0,1,6,1.500,False,False,0
934,9,2,2,1,1,6,1.000,False,True,0
935,9,2,3,0,1,6,0.667,False,True,0
936,9,3,3,0,0,6,1.000,False,False,0
937,9,2,3,0,1,6,0.667,False,True,0
938,9,2,2,0,1,6,1.000,False,False,0
939,9,4,1,0,1,6,4.000,False,False,0
940,9,3,1,1,1,6,3.000,False,True,0
941,9,3,2,0,0,6,1.500,False,True,0
942,9,2,2,0,1,6,1.000,False,True,0
943,9,3,2,1,1,6,1.500,False,False,0
944,9,6,0,0,1,6,6.000,False,False,0
945,9,3,0,0,0,6,6.000,False,True,0
946,9,2,3,0,1,6,0.667,False,True,0
947,9,2,2,0,1,6,1.000,False,False,0
948,9,2,3,0,1,6,0.667,False,True,0
949,9,1,4,0,1,6,0.250,False,True,0
950,9,2,4,0,0,6,0.500,False,False,0
951,9,5,1,0,1,6,5.000,False,False,0
952,9,4,0,0,1,6,6.000,False,False,0
953,9,1,2,1,1,6,0.500,False,True,0
954,9,3,2,0,1,6,1.500,False,False,0
955,9,4,2,0,1,6,2.000,False,False,0
956,9,2,1,0,1,6,2.000,False,True,0
957,9,1,4,0,0,6,0.250,False,True,0
958,9,3,3,0,1,6,1.000,False,False,0
959,9,3,1,0,1,6,3.000,False,False,0
960,9,3,2,0,1,6,1.500,False,True,0
961,9,3,2,0,1,6,1.500,False,True,0
962,9,2,2,0,0,6,1.000,False,True,0
963,9,3,3,0,1,6,1.000,False,True,0
964,9,3,2,0,1,6,1.500,False,False,0
965,9,2,1,1,1,6,2.000,False,False,0
966,9,3,2,0,1,6,1.500,False,True,0
967,9,4,1,0,0,6,4.000,False,False,0
968,9,3,2,0,1,6,1.500,False,True,0
969,9,4,1,0,1,6,4.000,False,False,0
970,9,3,1,1,1,6,3.000,False,True,0
971,9,4,1,0,0,6,4.000,False,False,0
972,9,2,2,0,1,6,1.000,False,True,0
973,9,4,2,0,1,6,2.000,False,False,0
974,9,3,2,0,1,6,1.500,False,True,0
975,9,3,2,0,1,6,1.500,False,True,0
976,9,3,2,0,0,6,1.500,False,True,0
977,9,2,2,0,1,6,1.000,False,True,0
978,9,1,3,0,1,6,0.333,False,True,0
979,9,1,4,0,1,6,0.250,False,True,0
980,9,3,3,0,1,6,1.000,False,False,0
981,9,3,2,0,1,6,1.500,False,False,0
982,9,5,0,0,1,6,6.000,False,False,0
983,9,1,2,0,1,6,0.500,False,True,0
984,9,2,3,0,1,6,0.667,False,False,0
985,9,2,3,0,0,6,0.667,False,True,0
986,9,2,4,0,1,6,0.500,True,True,0
987,9,4,1,0,1,6,4.000,False,False,0
988,9,3,2,0,1,6,1.500,False,True,0
989,9,2,3,0,0,6,0.667,False,True,0
990,9,3,2,0,1,6,1.500,False,False,0
991,9,4,2,0,1,6,2.000,False,False,0
992,9,2,2,0,1,6,1.000,False,True,0
993,9,4,2,0,1,6,2.000,False,False,0
994,9,3,0,0,0,6,6.000,False,False,0
995,9,0,4,0,1,6,0.000,False,True,0
996,9,1,5,0,1,6,0.200,True,False,0
997,9,4,1,1,1,6,4.000,False,False,0
998,9,3,2,0,1,6,1.500,False,True,0
999,9,3,0,0,1,6,6.000,False,False,0
1000,9,1,3,0,1,6,0.333,False,True,0
1001,9,2,4,0,0,6,0.500,False,False,0
1002,9,3,2,0,1,6,1.500,False,False,0
1003,9,3,2,0,1,6,1.500,False,True,0
1004,9,3,1,0,0,6,3.000,False,False,0
1005,9,2,4,0,1,6,0.500,True,True,0
1006,9,3,2,0,1,6,1.500,False,False,0
1007,9,4,1,0,1,6,4.000,False,False,0
1008,9,5,0,0,1,6,6.000,False,False,0
1009,9,3,1,1,1,6,3.000,False,True,0
1010,9,1,2,0,0,6,0.500,False,True,0
1011,9,1,5,0,1,6,0.200,True,True,0
1012,9,3,2,0,1,6,1.500,False,False,0
1013,9,3,2,0,1,6,1.500,False,True,0
1014,9,1,3,0,1,6,0.333,False,True,0
1015,9,3,3,0,1,6,1.000,False,False,0
1016,9,4,1,0,0,6,4.000,False,False,0
1017,9,3,2,0,1,6,1.500,False,True,0
1018,9,2,2,0,1,6,1.000,False,True,0
1019,9,4,2,0,1,6,2.000,False,False,0
1020,9,3,2,0,0,6,1.500,False,True,0
1021,9,2,3,0,1,6,0.667,False,True,0
1022,9,2,2,0,1,6,1.000,False,False,0
1023,9,5,1,0,1,6,5.000,False,False,0
1024,9,3,0,0,0,6,6.000,False,False,0
1025,9,0,4,0,1,6,0.000,False,True,0
1026,9,3,3,0,1,6,1.000,False,False,0
1027,9,4,2,0,1,6,2.000,False,False,0
1028,9,4,0,0,0,6,6.000,False,False,0
1029,9,3,2,0,1,6,1.500,False,True,0
1030,9,1,3,0,1,6,0.333,False,True,0
1031,9,3,2,0,1,6,1.500,False,False,0
1032,9,5,1,0,1,6,5.000,False,False,0
1033,9,5,0,0,1,6,6.000,False,False,0
1034,9,4,0,0,1,6,6.000,False,True,0
1035,9,1,2,1,0,6,0.500,False,True,0
1036,9,1,4,0,1,6,0.250,False,True,0
1037,9,1,4,0,1,6,0.250,False,True,0
1038,9,4,2,0,1,6,2.000,False,False,0
1039,9,3,2,0,1,6,1.500,False,True,0
1040,9,3,1,0,1,6,3.000,False,False,0
1041,9,2,2,0,1,6,1.000,False,True,0
1042,9,4,2,0,0,6,2.000,False,False,0
1043,9,3,2,0,1,6,1.500,False,True,0
1044,9,3,2,0,1,6,1.500,False,True,0
1045,9,5,1,0,1,6,5.000,False,False,0
1046,9,4,0,0,0,6,6.000,False,False,0
1047,9,2,3,0,1,6,0.667,False,True,0
1048,9,3,2,0,1,6,1.500,False,False,0
1049,9,1,3,0,1,6,0.333,False,True,0
1050,9,3,2,0,1,6,1.500,False,False,0
1051,9,3,2,0,0,6,1.500,False,True,0
1052,9,2,3,0,1,6,0.667,False,True,0
1053,9,4,2,0,1,6,2.000,False,False,0
1054,9,5,0,0,1,6,6.000,False,False,0
1055,9,3,0,0,0,6,6.000,False,True,0
1056,9,2,4,0,1,6,0.500,True,True,0
1057,9,1,3,0,1,6,0.333,False,True,0
1058,9,3,3,0,1,6,1.000,False,False,0
1059,9,6,0,0,1,6,6.000,False,False,0
1060,9,3,0,0,0,6,6.000,False,True,0
1061,9,1,3,0,1,6,0.333,False,True,0
1062,9,3,3,0,1,6,1.000,False,False,0
1063,9,3,2,0,1,6,1.500,False,False,0
1064,9,5,0,0,1,6,6.000,False,False,0
1065,9,3,1,0,1,6,3.000,False,True,0
1066,9,3,2,0,1,6,1.500,False,True,0
1067,9,3,2,0,0,6,1.500,False,True,0
1068,9,5,1,0,1,6,5.000,False,False,0
1069,9,3,0,0,1,6,6.000,False,False,0
1070,9,1,2,1,1,6,0.500,False,True,0
1071,9,2,4,0,0,6,0.500,False,True,0
1072,9,3,3,0,1,6,1.000,False,False,0
1073,9,2,2,0,1,6,1.000,False,True,0
1074,9,5,1,0,1,6,5.000,False,False,0
1075,9,4,1,0,1,6,4.000,False,True,0
1076,9,2,2,0,1,6,1.000,False,True,0
1077,9,3,3,0,1,6,1.000,False,True,0
1078,9,1,3,0,1,6,0.333,False,True,0
1079,9,3,3,0,0,6,1.000,False,False,0
1080,9,5,1,0,1,6,5.000,False,False,0
1081,9,2,1,0,1,6,2.000,False,True,0
1082,9,3,2,0,1,6,1.500,False,True,0
1083,9,2,2,1,1,6,1.000,False,True,0
1084,9,0,4,0,1,6,0.000,False,True,0
1085,9,3,3,0,0,6,1.000,False,False,0
1086,9,4,2,0,1,6,2.000,False,False,0
1087,9,4,0,0,1,6,6.000,False,False,0
1088,9,3,2,0,1,6,1.500,False,True,0
1089,9,1,2,0,1,6,0.500,False,True,0
1090,9,2,4,0,1,6,0.500,True,True,0
1091,9,5,1,0,1,6,5.000,False,False,0
1092,9,5,0,0,0,6,6.000,False,False,0
1093,9,1,2,0,1,6,0.500,False,True,0
1094,9,1,4,0,1,6,0.250,False,True,0
1095,9,0,5,0,1,6,0.000,True,True,0
1096,9,2,4,0,1,6,0.500,True,False,0
1097,9,5,0,0,1,6,6.000,False,False,0
1098,9,3,2,0,1,6,1.500,False,True,0
1099,9,4,1,0,0,6,4.000,False,False,0
1100,9,0,3,0,1,6,0.000,False,True,0
1101,9,2,4,0,1,6,0.500,True,False,0
1102,9,4,1,0,1,6,4.000,False,False,0
1103,9,3,1,0,1,6,3.000,False,True,0
1104,9,5,1,0,0,6,5.000,False,False,0
1105,9,3,1,0,1,6,3.000,False,True,0
1106,9,3,2,0,1,6,1.500,False,True,0
1107,9,4,1,0,1,6,4.000,False,False,0
1108,9,2,1,0,0,6,2.000,False,True,0
1109,9,1,4,0,1,6,0.250,False,True,0
1110,9,1,4,0,1,6,0.250,False,True,0
1111,9,4,2,0,1,6,2.000,False,False,0
1112,9,3,2,0,1,6,1.500,False,True,0
1113,9,3,1,1,1,6,3.000,False,False,0
1114,9,3,1,0,0,6,3.000,False,True,0
1115,9,2,4,0,1,6,0.500,True,True,0
1116,9,0,4,0,1,6,0.000,False,True,0
1117,9,2,4,0,1,6,0.500,True,False,0
1118,9,4,2,0,0,6,2.000,False,False,0
1119,9,3,0,0,1,6,6.000,False,False,0
1120,9,2,2,0,1,6,1.000,False,True,0
1121,9,2,4,0,1,6,0.500,True,True,0
1122,9,5,1,0,0,6,5.000,False,False,0
1123,9,3,2,0,1,6,1.500,False,True,0
1124,9,2,2,0,1,6,1.000,False,True,0
1125,9,2,2,1,1,6,1.000,False,True,0
1126,9,4,2,0,1,6,2.000,False,False,0
1127,9,5,0,0,0,6,6.000,False,False,0
1128,9,3,1,0,1,6,3.000,False,True,0
1129,9,3,3,0,1,6,1.000,False,True,0
1130,9,2,2,0,1,6,1.000,False,True,0
1131,9,4,1,0,1,6,4.000,False,False,0
1132,9,4,2,0,1,6,2.000,False,True,0
1133,9,4,0,0,0,6,6.000,False,False,0
1134,9,2,3,0,1,6,0.667,False,True,0
1135,9,2,3,0,1,6,0.667,False,True,0
1136,9,2,3,0,1,6,0.667,False,True,0
1137,9,3,2,1,0,6,1.500,False,False,0
1138,9,2,1,0,1,6,2.000,False,False,0
1139,9,1,4,0,1,6,0.250,False,True,0
1140,9,3,3,0,1,6,1.000,False,False,0
1141,9,3,2,0,1,6,1.500,False,False,0
1142,9,2,3,0,1,6,0.667,False,True,0
1143,9,3,1,1,0,6,3.000,False,False,0
1144,9,3,2,0,1,6,1.500,False,True,0
1145,9,3,2,0,1,6,1.500,False,True,0
1146,9,1,3,0,1,6,0.333,False,True,0
1147,9,4,2,0,1,6,2.000,False,False,0
1148,9,3,2,0,1,6,1.500,False,True,0
1149,9,4,1,0,0,6,4.000,False,False,0
1150,9,3,2,0,1,6,1.500,False,True,0
1151,9,4,0,0,1,6,6.000,False,False,0
1152,9,2,2,1,0,6,1.000,False,True,0
1153,9,3,2,0,1,6,1.500,False,False,0
1154,9,3,2,0,1,6,1.500,False,True,0
1155,9,3,2,0,1,6,1.500,False,True,0
1156,9,4,0,0,1,6,6.000,False,False,0
1157,9,2,2,1,0,6,1.000,False,True,0
1158,9,2,3,0,1,6,0.667,False,True,0
1159,9,4,2,0,1,6,2.000,False,False,0
1160,9,3,2,0,1,6,1.500,False,True,0
1161,9,2,1,0,1,6,2.000,False,False,0
1162,9,1,3,1,1,6,0.333,False,True,0
1163,9,4,2,0,1,6,2.000,False,False,0
1164,9,5,0,0,0,6,6.000,False,False,0
1165,9,4,1,0,1,6,4.000,False,True,0
1166,9,5,0,0,1,6,6.000,False,False,0
1167,9,3,1,1,1,6,3.000,False,True,0
1168,9,3,1,0,1,6,3.000,False,True,0
1169,9,2,3,0,0,6,0.667,False,True,0
1170,9,3,3,0,1,6,1.000,False,False,0
1171,9,2,2,0,1,6,1.000,False,True,0
1172,9,5,1,0,1,6,5.000,False,False,0
1173,9,3,1,0,0,6,3.000,False,True,0
1174,9,2,2,0,1,6,1.000,False,True,0
1175,9,1,3,0,1,6,0.333,False,True,0
1176,9,2,4,0,1,6,0.500,True,False,0
1177,9,4,1,0,1,6,4.000,False,False,0
1178,9,4,0,0,1,6,6.000,False,False,0
1179,9,2,1,1,0,6,2.000,False,True,0
1180,9,2,4,0,1,6,0.500,True,True,0
1181,9,2,3,0,1,6,0.667,False,False,0
1182,9,5,1,0,1,6,5.000,False,False,0
1183,9,4,1,0,1,6,4.000,False,True,0
1184,9,3,1,0,1,6,3.000,False,True,0
1185,9,2,1,0,1,6,2.000,False,True,0
1186,9,2,4,0,1,6,0.500,True,True,0
1187,9,1,4,0,0,6,0.250,False,True,0
1188,9,5,1,0,1,6,5.000,False,False,0
1189,9,3,0,0,1,6,6.000,False,False,0
1190,9,1,3,0,1,6,0.333,False,True,0
1191,9,1,5,0,1,6,0.200,True,True,0
1192,9,3,3,0,1,6,1.000,False,False,0
1193,9,6,0,0,0,6,6.000,False,False,0
1194,9,2,0,0,1,6,6.000,False,True,0
1195,9,1,4,0,1,6,0.250,False,True,0
1196,9,1,4,0,1,6,0.250,False,True,0
1197,9,3,3,0,0,6,1.000,False,False,0
1198,9,2,2,0,1,6,1.000,False,True,0
1199,9,3,3,0,1,6,1.000,False,True,0
1200,9,2,1,0,1,6,2.000,False,False,0
1201,9,3,3,0,0,6,1.000,False,True,0
1202,9,2,3,0,1,6,0.667,False,True,0
1203,9,5,1,0,1,6,5.000,False,False,0
1204,9,3,1,0,1,6,3.000,False,True,0
1205,9,2,2,1,1,6,1.000,False,True,0
1206,9,2,3,0,1,6,0.667,False,True,0
1207,9,1,4,0,1,6,0.250,False,True,0
1208,9,2,2,1,0,6,1.000,False,False,0
1209,9,4,2,0,1,6,2.000,False,False,0
1210,9,4,1,0,1,6,4.000,False,False,0
1211,9,3,1,0,1,6,3.000,False,True,0
1212,9,2,3,0,1,6,0.667,False,True,0
1213,9,1,4,0,1,6,0.250,False,True,0
1214,9,3,1,1,1,6,3.000,False,False,0
1215,9,4,1,0,0,6,4.000,False,False,0
1216,9,3,3,0,1,6,1.000,False,True,0
1217,9,1,2,0,1,6,0.500,False,True,0
1218,9,2,4,0,1,6,0.500,True,True,0
1219,9,2,3,0,0,6,0.667,False,False,0
1220,9,3,2,0,1,6,1.500,False,False,0
1221,9,3,2,0,1,6,1.500,False,True,0
1222,9,3,3,0,1,6,1.000,False,True,0
1223,9,2,1,0,1,6,2.000,False,False,0
1224,9,2,4,0,0,6,0.500,False,True,0
1225,9,3,2,0,1,6,1.500,False,False,0
1226,9,3,1,0,1,6,3.000,False,False,0
1227,9,3,2,0,1,6,1.500,False,True,0
1228,9,3,2,0,1,6,1.500,False,True,0
1229,9,4,1,0,0,6,4.000,False,False,0
1230,9,5,1,0,1,6,5.000,False,False,0
1231,9,4,0,0,1,6,6.000,False,False,0
1232,9,3,1,0,1,6,3.000,False,True,0
1233,9,1,3,0,1,6,0.333,False,True,0
1234,9,1,5,0,0,6,0.200,True,True,0
1235,9,2,4,0,1,6,0.500,True,False,0
1236,9,4,1,0,1,6,4.000,False,False,0
1237,9,4,0,0,1,6,6.000,False,False,0
1238,9,2,2,0,0,6,1.000,False,True,0
1239,9,1,4,0,1,6,0.250,False,True,0
1240,9,4,2,0,1,6,2.000,False,False,0
1241,9,3,1,0,1,6,3.000,False,False,0
1242,9,2,2,0,1,6,1.000,False,True,0
1243,9,2,4,0,1,6,0.500,True,True,0
1244,9,2,4,0,1,6,0.500,True,True,0
1245,9,4,1,0,0,6,4.000,False,False,0
1246,9,4,1,0,1,6,4.000,False,True,0
1247,9,0,2,0,1,6,0.000,False,True,0
1248,9,2,4,0,1,6,0.500,True,False,0
1249,9,4,2,0,0,6,2.000,False,False,0
1250,9,5,0,0,1,6,6.000,False,False,0
1251,9,3,1,0,1,6,3.000,False,True,0
1252,9,1,3,0,1,6,0.333,False,True,0
1253,9,2,4,0,1,6,0.500,True,False,0
1254,9,3,1,1,1,6,3.000,False,False,0
1255,9,5,0,0,0,6,6.000,False,False,0
1256,9,2,1,0,1,6,2.000,False,True,0
1257,9,1,3,1,1,6,0.333,False,True,0
1258,9,1,4,0,1,6,0.250,False,True,0
1259,9,1,4,0,1,6,0.250,False,True,0
1260,9,4,2,0,0,6,2.000,False,False,0
1261,9,3,1,0,1,6,3.000,False,False,0
1262,9,3,2,0,1,6,1.500,False,True,0
1263,9,1,2,0,1,6,0.500,False,True,0
1264,9,1,5,0,1,6,0.200,True,True,0
1265,9,2,4,0,0,6,0.500,False,False,0
1266,9,5,1,0,1,6,5.000,False,False,0
1267,9,2,0,0,1,6,6.000,False,False,0
1268,9,2,4,0,1,6,0.500,True,True,0
1269,9,1,4,0,1,6,0.250,False,True,0
1270,9,3,3,0,1,6,1.000,False,False,0
1271,9,5,0,0,1,6,6.000,False,False,0
1272,9,1,1,0,0,6,1.000,False,True,0
1273,9,0,6,0,1,6,0.000,True,True,0
1274,9,2,4,0,1,6,0.500,True,False,0
1275,9,3,2,0,1,6,1.500,False,False,0
1276,9,4,1,0,0,6,4.000,False,False,0
1277,9,2,3,0,1,6,0.667,False,True,0
1278,9,1,3,0,1,6,0.333,False,True,0
1279,9,2,3,1,1,6,0.667,False,False,0
1280,9,3,2,0,1,6,1.500,False,False,0
1281,9,4,1,0,0,6,4.000,False,False,0
1282,9,2,2,0,1,6,1.000,False,True,0
1283,9,1,3,0,1,6,0.333,False,True,0
1284,9,2,4,0,1,6,0.500,True,False,0
1285,9,6,0,0,1,6,6.000,False,False,0
1286,9,5,0,0,0,6,6.000,False,True,0
1287,9,4,1,0,1,6,4.000,False,True,0
1288,9,1,2,0,1,6,0.500,False,True,0
1289,9,0,5,0,1,6,0.000,True,True,0
1290,9,2,4,0,1,6,0.500,True,False,0
1291,9,3,1,0,1,6,3.000,False,False,0
1292,9,2,2,0,1,6,1.000,False,True,0
1293,9,1,4,0,1,6,0.250,False,True,0
1294,9,1,4,0,0,6,0.250,False,True,0
1295,9,3,3,0,1,6,1.000,False,False,0
1296,9,5,1,0,1,6,5.000,False,False,0
1297,9,3,0,0,1,6,6.000,False,False,0
1298,9,1,3,1,1,6,0.333,False,True,0
1299,9,1,4,0,0,6,0.250,False,True,0
1300,9,3,2,0,1,6,1.500,False,False,0
1301,9,2,3,0,1,6,0.667,False,True,0
1302,9,3,1,0,1,6,3.000,False,False,0
1303,9,2,3,1,1,6,0.667,False,True,0
1304,9,2,2,1,1,6,1.000,False,False,0
1305,9,3,1,1,0,6,3.000,False,False,0
1306,9,3,2,0,1,6,1.500,False,True,0
1307,9,0,3,0,1,6,0.000,False,True,0
1308,9,2,3,1,1,6,0.667,False,False,0
1309,9,2,2,1,0,6,1.000,False,False,0
1310,9,2,3,0,1,6,0.667,False,True,0
1311,9,3,2,0,1,6,1.500,False,False,0
1312,9,4,1,0,1,6,4.000,False,False,0
1313,9,3,1,0,1,6,3.000,False,True,0
1314,9,3,2,1,0,6,1.500,False,True,0
1315,9,3,1,0,1,6,3.000,False,False,0
1316,9,3,2,0,1,6,1.500,False,True,0
1317,9,2,3,0,1,6,0.667,False,True,0
1318,9,5,1,0,1,6,5.000,False,False,0
1319,9,2,1,0,1,6,2.000,False,True,0
1320,9,0,4,0,1,6,0.000,False,True,0
1321,9,2,4,0,0,6,0.500,True,False,0
1322,9,4,2,0,1,6,2.000,False,False,0
1323,9,3,1,0,1,6,3.000,False,False,0
1324,9,3,1,0,1,6,3.000,False,True,0
1325,9,2,3,0,1,6,0.667,False,True,0
1326,9,4,1,0,1,6,4.000,False,False,0
1327,9,3,2,1,0,6,1.500,False,True,0
1328,9,1,2,0,1,6,0.500,False,True,0
1329,9,2,4,0,1,6,0.500,True,True,0
1330,9,4,2,0,1,6,2.000,False,False,0
1331,9,5,0,0,1,6,6.000,False,False,0
1332,9,3,0,0,1,6,6.000,False,True,0
1333,9,2,3,0,1,6,0.667,False,True,0
1334,9,2,3,0,0,6,0.667,False,True,0
1335,9,1,3,0,1,6,0.333,False,True,0
1336,9,2,3,0,1,6,0.667,False,False,0
1337,9,4,2,0,1,6,2.000,False,False,0
1338,9,2,2,0,0,6,1.000,False,True,0
1339,9,2,4,0,1,6,0.500,True,True,0
1340,9,2,2,0,1,6,1.000,False,False,0
1341,9,4,2,0,1,6,2.000,False,False,0
1342,9,1,2,0,1,6,0.500,False,True,0
1343,9,3,3,0,0,6,1.000,False,False,0
1344,9,3,2,0,1,6,1.500,False,False,0
1345,9,3,2,0,1,6,1.500,False,True,0
1346,9,4,1,0,1,6,4.000,False,False,0
1347,9,3,0,0,1,6,6.000,False,False,0
1348,9,4,2,0,0,6,2.000,False,True,0
1349,9,0,3,0,1,6,0.000,False,True,0
1350,9,2,4,0,1,6,0.500,True,False,0
1351,9,2,3,0,1,6,0.667,False,False,0
1352,9,1,3,0,1,6,0.333,False,True,0
1353,9,1,4,0,1,6,0.250,False,True,0
1354,9,2,3,0,0,6,0.667,False,False,0
1355,9,2,3,0,1,6,0.667,False,True,0
1356,9,2,4,0,1,6,0.500,True,True,0
1357,9,2,2,0,1,6,1.000,False,False,0
1358,9,1,2,1,1,6,0.500,False,True,0
1359,9,3,3,0,1,6,1.000,False,False,0
1360,9,2,2,0,0,6,1.000,False,True,0
1361,9,3,2,0,1,6,1.500,False,False,0
1362,9,2,3,0,1,6,0.667,False,True,0
1363,9,4,2,0,1,6,2.000,False,False,0
1364,9,3,1,0,1,6,3.000,False,False,0
1365,9,3,2,0,0,6,1.500,False,True,0
1366,9,3,3,0,1,6,1.000,False,True,0
1367,9,2,1,1,1,6,2.000,False,False,0
1368,9,1,4,0,1,6,0.250,False,True,0
1369,9,5,1,0,0,6,5.000,False,False,0
1370,9,2,2,0,1,6,1.000,False,True,0
1371,9,3,3,0,1,6,1.000,False,True,0
1372,9,4,1,0,1,6,4.000,False,False,0
1373,9,4,0,0,0,6,6.000,False,False,0
1374,9,1,3,0,1,6,0.333,False,True,0
1375,9,0,5,0,1,6,0.000,True,True,0
1376,9,5,1,0,1,6,5.000,False,False,0
1377,9,5,1,0,1,6,5.000,False,True,0
1378,9,3,0,0,0,6,6.000,False,False,0
1379,9,2,3,0,1,6,0.667,False,True,0
1380,9,2,3,0,1,6,0.667,False,True,0
1381,9,3,2,0,1,6,1.500,False,False,0
1382,9,4,0,0,1,6,6.000,False,False,0
1383,9,4,2,0,0,6,2.000,False,True,0
1384,9,3,2,0,1,6,1.500,False,True,0
1385,9,2,3,0,1,6,0.667,False,True,0
1386,9,3,2,0,1,6,1.500,False,False,0
1387,9,2,2,0,1,6,1.000,False,True,0
1388,9,2,3,0,1,6,0.667,False,True,0
1389,9,3,2,0,1,6,1.500,False,False,0
1390,9,6,0,0,1,6,6.000,False,False,0
1391,9,3,0,0,0,6,6.000,False,True,0
1392,9,2,4,0,1,6,0.500,True,True,0
1393,9,1,3,0,1,6,0.333,False,True,0
1394,9,2,3,0,1,6,0.667,False,False,0
1395,9,6,0,0,0,6,6.000,False,False,0
1396,9,4,1,0,1,6,4.000,False,True,0
1397,9,2,1,0,1,6,2.000,False,True,0
1398,9,1,4,0,1,6,0.250,False,True,0
1399,9,1,4,0,1,6,0.250,False,True,0
1400,9,2,4,0,1,6,0.500,True,False,0
1401,9,5,0,0,1,6,6.000,False,False,0
1402,9,3,1,1,0,6,3.000,False,True,0
1403,9,3,1,0,1,6,3.000,False,True,0
1404,9,3,2,0,1,6,1.500,False,True,0
1405,9,2,3,0,1,6,0.667,False,True,0
1406,9,3,2,0,1,6,1.500,False,False,0
1407,9,3,2,0,0,6,1.500,False,True,0
1408,9,1,3,0,1,6,0.333,False,True,0
1409,9,1,5,0,1,6,0.200,True,True,0
1410,9,2,4,0,1,6,0.500,True,False,0
1411,9,6,0,0,1,6,6.000,False,False,0
1412,9,1,0,0,1,6,6.000,False,True,0
1413,9,2,4,0,0,6,0.500,False,True,0
1414,9,1,4,0,1,6,0.250,False,True,0
1415,9,4,2,0,1,6,2.000,False,False,0
1416,9,5,0,0,1,6,6.000,False,False,0
1417,9,2,1,1,1,6,2.000,False,True,0
1418,9,3,2,0,0,6,1.500,False,True,0
1419,9,2,2,0,1,6,1.000,False,True,0
1420,9,3,2,1,1,6,1.500,False,False,0
1421,9,4,1,0,1,6,4.000,False,False,0
1422,9,2,1,0,0,6,2.000,False,True,0
1423,9,1,5,0,1,6,0.200,True,True,0
1424,9,2,4,0,1,6,0.500,True,False,0
1425,9,2,3,0,1,6,0.667,False,False,0
1426,9,4,2,0,1,6,2.000,False,False,0
1427,9,3,0,0,0,6,6.000,False,False,0
1428,9,2,3,0,1,6,0.667,False,True,0
1429,9,2,3,0,1,6,0.667,False,True,0
1430,9,1,4,0,1,6,0.250,False,True,0
1431,9,3,2,0,1,6,1.500,False,False,0
1432,9,1,3,0,0,6,0.333,False,True,0
1433,9,2,3,0,1,6,0.667,False,False,0
1434,9,2,4,0,1,6,0.500,False,True,0
1435,9,4,0,0,1,6,6.000,False,False,0
1436,9,3,2,0,1,6,1.500,False,True,0
1437,9,0,4,0,0,6,0.000,False,True,0
1438,9,2,4,0,1,6,0.500,False,False,0
1439,9,1,3,0,1,6,0.333,False,True,0
1440,9,2,4,0,1,6,0.500,False,False,0
1441,9,3,2,0,1,6,1.500,False,False,0
1442,9,4,0,0,1,6,6.000,False,False,0
1443,9,2,1,1,0,6,2.000,False,True,0
1444,9,0,4,0,1,6,0.000,False,True,0
1445,9,2,4,0,1,6,0.500,True,False,0
1446,9,4,2,0,1,6,2.000,False,False,0
1447,9,3,1,0,0,6,3.000,False,False,0
1448,9,4,2,0,1,6,2.000,False,True,0
1449,9,4,1,0,1,6,4.000,False,False,0
1450,9,2,1,0,1,6,2.000,False,True,0
1451,9,3,2,0,1,6,1.500,False,True,0
1452,9,4,2,0,0,6,2.000,False,False,0
1453,9,3,2,0,1,6,1.500,False,True,0
1454,9,3,1,0,1,6,3.000,False,False,0
1455,9,1,3,0,1,6,0.333,False,True,0
1456,9,1,4,0,1,6,0.250,False,True,0
1457,9,4,2,0,1,6,2.000,False,False,0
1458,9,5,0,0,0,6,6.000,False,False,0
1459,9,1,2,0,1,6,0.500,False,True,0
1460,9,1,4,0,1,6,0.250,False,True,0
1461,9,4,2,0,1,6,2.000,False,False,0
1462,9,5,1,0,1,6,5.000,False,False,0
1463,9,4,0,0,1,6,6.000,False,False,0
1464,9,3,1,0,0,6,3.000,False,True,0
1465,9,0,4,0,1,6,0.000,False,True,0
1466,9,1,5,0,1,6,0.200,True,False,0
1467,9,5,1,0,1,6,5.000,False,False,0
1468,9,3,1,1,1,6,3.000,False,True,0
1469,9,3,0,0,1,6,6.000,False,False,0
1470,9,2,3,0,0,6,0.667,False,True,0
1471,9,1,4,0,1,6,0.250,False,True,0
1472,9,1,5,0,1,6,0.200,True,True,0
1473,9,4,1,0,1,6,4.000,False,False,0
1474,9,4,0,0,0,6,6.000,False,False,0
1475,9,2,3,0,1,6,0.667,False,True,0
1476,9,2,3,0,1,6,0.667,False,True,0
1477,9,4,1,0,1,6,4.000,False,False,0
1478,9,2,2,0,1,6,1.000,False,True,0
1479,9,2,2,0,1,6,1.000,False,True,0
1480,9,4,2,0,0,6,2.000,False,False,0
1481,9,3,3,0,1,6,1.000,False,True,0
1482,9,2,2,0,1,6,1.000,False,True,0
1483,9,1,2,1,1,6,0.500,False,True,0
1484,9,3,2,0,1,6,1.500,False,False,0
1485,9,4,2,0,1,6,2.000,False,False,0
1486,9,6,0,0,1,6,6.000,False,False,0
1487,9,2,0,0,0,6,6.000,False,True,0
1488,9,1,4,0,1,6,0.250,False,True,0
1489,9,1,4,0,1,6,0.250,False,True,0
1490,9,5,1,0,1,6,5.000,False,False,0
1491,9,3,1,0,1,6,3.000,False,True,0
1492,9,3,1,0,0,6,3.000,False,True,0
1493,9,1,4,0,1,6,0.250,False,True,0
1494,9,2,3,0,1,6,0.667,False,False,0
1495,9,2,3,0,1,6,0.667,False,True,0
1496,9,2,3,0,1,6,0.667,False,True,0
1497,9,0,0,0,0,6,6.000,False,False,0
