0;3;7;0;0;1;7
1;3;3;0;0;1;7
2;3;1;3;0;1;7
3;3;1;6;0;0;7
4;3;5;2;0;1;7
5;3;5;0;0;1;7
6;3;4;2;0;1;7
7;3;1;3;0;1;7
8;3;2;4;0;0;7
9;3;2;5;0;1;7
10;3;4;3;0;1;7
11;3;4;0;0;1;7
12;3;1;3;0;1;7
13;3;1;5;0;1;7
14;3;3;4;0;1;7
15;3;4;1;0;1;7
16;3;5;1;0;1;7
17;3;5;2;0;0;7
18;3;4;2;0;1;7
19;3;3;1;0;1;7
20;3;2;3;0;1;7
21;3;2;5;0;0;7
22;3;2;4;0;1;7
23;3;3;3;0;1;7
24;3;3;2;0;1;7
25;3;2;3;0;1;7
26;3;2;5;0;1;7
27;3;2;4;0;0;7
28;3;4;2;0;1;7
29;3;4;2;0;1;7
30;3;4;2;0;1;7
31;3;3;2;0;1;7
32;3;3;3;0;1;7
33;3;5;1;0;0;7
34;3;2;2;0;1;7
35;3;3;4;0;1;7
36;3;3;2;0;1;7
37;3;5;2;0;0;7
38;3;2;2;0;1;7
39;3;2;4;0;1;7
40;3;2;4;0;1;7
41;3;4;3;0;1;7
42;3;6;0;0;0;7
43;3;3;1;0;1;7
44;3;2;4;0;1;7
45;3;1;4;0;1;7
46;3;5;2;0;0;7
47;3;2;2;0;1;7
48;3;3;3;0;1;7
49;3;2;4;0;1;7
50;3;3;2;0;1;7
51;3;3;3;0;1;7
52;3;2;2;1;1;7
53;3;4;3;0;0;7
54;3;3;3;0;1;7
55;3;4;2;0;1;7
56;3;4;1;0;1;7
57;3;4;3;0;1;7
58;3;4;1;0;0;7
59;3;4;2;0;1;7
60;3;2;2;0;1;7
61;3;1;5;0;1;7
62;3;4;3;0;1;7
63;3;7;0;0;0;7
64;3;4;0;0;1;7
65;3;4;3;0;1;7
66;3;1;2;0;1;7
67;3;1;6;0;1;7
68;3;3;4;0;0;7
69;3;5;0;0;1;7
70;3;3;2;0;1;7
71;3;3;3;0;1;7
72;3;3;3;0;1;7
73;3;6;1;0;0;7
74;3;5;0;0;1;7
75;3;3;1;0;1;7
76;3;1;4;0;1;7
77;3;4;3;0;1;7
78;3;3;3;0;0;7
79;3;4;2;0;1;7
80;3;3;3;0;1;7
81;3;3;1;0;1;7
82;3;3;4;0;0;7
83;3;2;4;0;1;7
84;3;5;1;0;1;7
85;3;5;1;0;1;7
86;3;4;1;0;1;7
87;3;2;3;0;1;7
88;3;2;4;0;0;7
89;3;3;3;0;1;7
90;3;3;3;0;1;7
91;3;3;2;0;1;7
92;3;3;4;0;1;7
93;3;5;1;0;1;7
94;3;4;1;0;1;7
95;3;4;2;0;0;7
96;3;3;2;0;1;7
97;3;4;2;1;1;7
98;3;5;1;0;0;7
99;3;3;2;0;1;7
100;3;4;2;0;1;7
101;3;1;3;0;1;7
102;3;3;4;0;1;7
103;3;3;3;0;1;7
104;3;5;1;0;1;7
105;3;2;3;0;1;7
106;3;2;4;0;0;7
107;3;2;3;0;1;7
108;3;2;5;0;1;7
109;3;4;2;0;1;7
110;3;6;0;0;1;7
111;3;4;2;0;1;7
112;3;3;1;0;1;7
113;3;2;3;0;0;7
114;3;2;5;0;1;7
115;3;5;2;0;1;7
116;3;5;0;0;1;7
117;3;2;2;0;0;7
118;3;2;4;0;1;7
119;3;3;3;0;1;7
120;3;3;3;0;1;7
121;3;5;1;0;1;7
122;3;6;0;0;0;7
123;3;3;1;0;1;7
124;3;1;4;0;1;7
125;3;1;5;0;1;7
126;3;5;2;0;1;7
127;3;4;2;0;1;7
128;3;4;2;0;0;7
129;3;3;2;0;1;7
130;3;4;2;0;1;7
131;3;3;3;0;1;7
132;3;1;3;0;1;7
133;3;2;3;1;1;7
134;3;5;2;0;1;7
135;3;4;2;0;0;7
136;3;3;1;0;1;7
137;3;2;4;0;1;7
138;3;2;5;0;1;7
139;3;3;2;0;1;7
140;3;4;3;0;1;7
141;3;3;2;0;0;7
142;3;3;3;0;1;7
143;3;3;3;0;1;7
144;3;5;2;0;1;7
145;3;1;2;0;1;7
146;3;3;4;0;1;7
147;3;2;4;0;1;7
148;3;5;1;0;1;7
149;3;6;1;0;0;7
150;3;4;0;0;1;7
151;3;2;3;0;1;7
152;3;1;4;0;1;7
153;3;5;2;0;1;7
154;3;5;0;0;0;7
155;3;2;2;0;1;7
156;3;2;4;0;1;7
157;3;2;4;0;1;7
158;3;6;1;0;0;7
159;3;4;1;0;1;7
160;3;2;3;0;1;7
161;3;2;3;0;1;7
162;3;5;1;0;1;7
163;3;3;2;0;0;7
164;3;3;3;0;1;7
165;3;2;3;0;1;7
166;3;2;4;0;0;7
167;3;1;5;0;1;7
168;3;2;5;0;1;7
169;3;7;0;0;1;7
170;3;4;0;0;0;7
171;3;3;3;0;1;7
172;3;1;4;0;1;7
173;3;2;4;0;1;7
174;3;4;3;0;0;7
175;3;5;2;0;1;7
176;3;4;1;0;1;7
177;3;4;2;0;1;7
178;3;2;1;0;1;7
179;3;2;5;0;1;7
180;3;3;4;0;0;7
181;3;4;2;0;1;7
182;3;4;1;0;1;7
183;3;3;2;0;1;7
184;3;1;5;0;0;7
185;3;2;4;0;1;7
186;3;3;3;0;1;7
187;3;5;1;0;1;7
188;3;3;1;0;1;7
189;3;1;5;0;1;7
190;3;3;3;0;0;7
191;3;4;3;0;1;7
192;3;3;2;0;1;7
193;3;2;4;0;1;7
194;3;1;4;0;1;7
195;3;2;5;0;1;7
196;3;4;2;0;1;7
197;3;5;0;0;1;7
198;3;4;2;0;1;7
199;3;4;1;0;0;7
200;3;2;3;0;1;7
201;3;4;3;0;1;7
202;3;4;1;0;0;7
203;3;3;3;0;1;7
204;3;2;4;0;1;7
205;3;2;3;0;1;7
206;3;4;3;0;1;7
207;3;6;1;0;1;7
208;3;2;1;0;1;7
209;3;2;4;0;1;7
210;3;3;3;0;1;7
211;3;4;3;0;0;7
212;3;4;2;0;1;7
213;3;4;2;0;1;7
214;3;1;3;0;1;7
215;3;1;5;0;1;7
216;3;4;3;0;1;7
217;3;3;1;0;1;7
218;3;3;3;0;0;7
219;3;2;4;0;1;7
220;3;1;5;0;1;7
221;3;1;5;0;1;7
222;3;3;4;0;0;7
223;3;4;1;0;1;7
224;3;4;2;0;1;7
225;3;5;2;0;1;7
226;3;2;2;0;1;7
227;3;2;4;0;0;7
228;3;1;5;0;1;7
229;3;3;4;0;1;7
230;3;5;1;0;1;7
231;3;1;1;0;1;7
232;3;0;6;0;1;7
233;3;1;6;0;0;7
234;3;3;4;0;1;7
235;3;3;2;0;1;7
236;3;4;2;0;1;7
237;3;4;2;0;0;7
238;3;1;3;0;1;7
239;3;4;3;0;1;7
240;3;5;2;0;1;7
241;3;4;2;0;0;7
242;3;2;3;0;1;7
243;3;3;3;0;1;7
244;3;4;2;0;1;7
245;3;6;1;0;1;7
246;3;4;0;0;1;7
247;3;5;2;0;0;7
248;3;1;3;0;1;7
249;3;5;2;0;1;7
250;3;4;3;0;0;7
251;3;4;4;0;1;7
252;3;4;4;0;1;7
253;3;2;3;0;1;7
254;3;3;6;0;1;7
255;3;4;5;0;1;7
256;3;4;4;0;0;7
257;3;1;5;0;1;7
258;3;3;7;0;1;7
259;3;3;7;0;1;7
260;3;3;7;0;1;7
261;3;3;4;0;0;7
262;3;4;8;0;1;7
263;3;2;6;1;1;7
264;3;2;6;0;1;7
265;3;4;7;0;0;7
266;3;3;7;2;1;7
267;3;1;5;2;1;7
268;3;0;7;1;1;7
269;3;2;8;0;1;7
270;3;4;9;0;0;7
271;3;3;6;1;1;7
272;3;2;7;0;1;7
273;3;0;5;0;1;7
274;3;0;10;1;1;7
275;3;2;6;0;0;7
276;3;2;7;1;1;7
277;3;2;9;1;1;7
278;3;2;7;0;0;7
279;3;0;9;0;1;7
280;3;2;9;0;1;7
281;3;2;7;0;1;7
282;3;1;8;0;1;7
283;3;0;8;0;1;7
284;3;0;12;0;1;7
285;3;0;13;0;1;7
286;3;1;4;0;0;7
287;3;0;8;0;1;7
288;3;0;8;0;1;7
289;3;0;10;0;1;7
290;3;0;8;1;0;7
291;3;1;9;0;1;7
292;3;0;11;0;1;7
293;3;2;7;1;1;7
294;3;2;9;0;1;7
295;3;1;6;0;0;7
296;3;2;8;1;1;7
297;3;2;7;0;1;7
298;3;0;6;0;1;7
299;3;0;8;0;1;7
300;3;2;8;0;1;7
301;3;3;7;1;0;7
302;3;3;9;1;1;7
303;3;2;4;1;1;7
304;3;2;8;0;1;7
305;3;1;7;1;1;7
306;3;1;8;1;1;7
307;3;5;7;1;0;7
308;3;2;5;1;1;7
309;3;2;6;0;1;7
310;3;3;8;0;1;7
311;3;3;6;0;1;7
312;3;4;6;0;0;6
313;3;5;8;0;1;7
314;3;5;6;0;1;7
315;3;4;6;0;1;7
316;3;2;7;0;1;7
317;3;3;7;0;1;7
318;3;3;6;0;0;7
319;3;2;7;0;1;7
320;3;3;7;0;1;7
321;3;3;6;1;1;7
322;3;4;6;0;1;7
323;3;2;6;0;0;7
324;3;4;3;0;1;7
325;3;5;2;0;1;7
326;3;3;1;0;1;7
327;3;3;2;0;1;7
328;3;5;2;0;0;7
329;3;3;2;0;1;7
330;3;3;3;0;1;7
331;3;2;3;0;1;7
332;3;4;3;0;0;7
333;3;3;2;0;1;7
334;3;2;2;0;1;7
335;3;2;5;0;1;7
336;3;2;4;0;1;7
337;3;5;1;0;1;7
338;3;5;1;0;1;7
339;3;4;1;0;0;7
340;3;0;4;0;1;7
341;3;1;6;0;1;7
342;3;5;2;0;1;7
343;3;4;0;0;1;7
344;3;4;2;0;0;7
345;3;4;2;0;1;7
346;3;4;1;0;1;7
347;3;4;2;1;1;7
348;3;3;2;0;1;7
349;3;2;3;0;0;7
350;3;4;2;0;1;7
351;3;2;3;0;1;7
352;3;4;3;0;1;7
353;3;6;0;0;1;7
354;3;3;1;0;0;7
355;3;2;4;0;1;7
356;3;1;4;0;1;7
357;3;4;3;0;1;7
358;3;5;1;0;1;7
359;3;5;2;0;1;7
360;3;5;0;0;0;7
361;3;2;3;0;1;7
362;3;2;3;0;1;7
363;3;1;5;0;1;7
364;3;3;3;0;1;7
365;3;2;4;0;1;7
366;3;4;2;0;1;7
367;3;4;2;0;0;7
368;3;3;4;0;1;7
369;3;2;2;0;1;7
370;3;1;5;0;1;7
371;3;3;3;0;0;7
372;3;5;2;0;1;7
373;3;4;1;0;1;7
374;3;1;3;0;1;7
375;3;2;5;0;1;7
376;3;4;3;0;0;7
377;3;5;1;0;1;7
378;3;6;1;0;1;7
379;3;4;1;0;1;7
380;3;4;1;0;1;7
381;3;4;1;0;1;7
382;3;2;2;0;0;7
383;3;2;5;0;1;7
384;3;4;3;0;1;7
385;3;4;0;0;1;7
386;3;4;3;0;1;7
387;3;3;2;0;1;7
388;3;3;3;0;1;7
389;3;1;4;0;1;7
390;3;5;1;0;1;7
391;3;3;3;0;0;7
392;3;4;2;0;1;7
393;3;3;3;0;1;7
394;3;5;0;0;1;7
395;3;2;3;0;1;7
396;3;4;2;0;1;7
397;3;3;2;0;0;7
398;3;3;3;0;1;7
399;3;2;4;0;1;7
400;3;2;4;0;1;7
401;3;4;3;0;1;7
402;3;3;1;0;0;7
403;3;2;4;0;1;7
404;3;1;5;0;1;7
405;3;6;1;0;1;7
406;3;4;0;0;1;7
407;3;4;2;0;1;7
408;3;3;2;0;0;7
409;3;2;4;0;1;7
410;3;3;3;0;1;7
411;3;2;3;0;1;7
412;3;4;2;0;1;7
413;3;2;3;0;0;7
414;3;1;5;0;1;7
415;3;4;3;0;1;7
416;3;4;0;0;1;7
417;3;3;3;0;0;7
418;3;2;5;0;1;7
419;3;2;3;0;1;7
420;3;4;3;0;1;7
421;3;6;0;0;1;7
422;3;3;0;0;0;7
423;3;2;5;0;1;7
424;3;2;3;0;1;7
425;3;4;2;0;1;7
426;3;3;3;0;1;7
427;3;4;2;0;0;7
428;3;4;2;0;1;7
429;3;6;1;0;1;7
430;3;2;0;0;1;7
431;3;1;5;0;1;7
432;3;2;5;0;1;7
433;3;7;0;0;1;7
434;3;5;0;0;1;7
435;3;4;1;0;0;7
436;3;3;3;0;1;7
437;3;3;2;0;1;7
438;3;2;3;0;1;7
439;3;4;2;1;1;7
440;3;5;0;0;1;7
441;3;2;2;0;1;7
442;3;5;2;0;0;7
443;3;2;3;0;1;7
444;3;2;3;0;1;7
445;3;1;4;0;1;7
446;3;3;4;0;1;7
447;3;5;1;0;1;7
448;3;5;0;0;1;7
449;3;5;1;0;0;7
450;3;3;2;0;1;7
451;3;3;3;0;1;7
452;3;5;2;0;1;7
453;3;3;2;0;1;7
454;3;4;2;0;1;7
455;3;3;2;0;0;7
456;3;3;3;0;1;7
457;3;1;3;0;1;7
458;3;3;4;0;1;7
459;3;3;3;0;1;7
460;3;3;2;0;1;7
461;3;2;4;0;1;7
462;3;2;3;0;0;7
463;3;1;6;0;1;7
464;3;2;4;0;1;7
465;3;6;0;0;1;7
466;3;4;1;1;0;7
467;3;3;2;0;1;7
468;3;2;3;0;1;7
469;3;3;4;0;1;7
470;3;3;2;0;1;7
471;3;3;3;0;0;7
472;3;3;3;0;1;7
473;3;4;2;0;1;7
474;3;4;2;0;1;7
475;3;3;2;0;1;7
476;3;3;2;0;1;7
477;3;3;3;0;1;7
478;3;1;4;0;0;7
479;3;1;6;0;1;7
480;3;4;3;0;1;7
481;3;4;2;0;1;7
482;3;3;1;0;1;7
483;3;4;3;0;0;7
484;3;3;1;0;1;7
485;3;3;3;0;1;7
486;3;1;4;0;1;7
487;3;5;2;0;0;7
488;3;1;2;0;1;7
489;3;2;5;0;1;7
490;3;3;3;0;1;7
491;3;6;1;0;1;7
492;3;6;1;0;0;7
493;3;2;1;0;1;7
494;3;1;4;0;1;7
495;3;2;5;0;1;7
496;3;3;3;0;0;7
497;3;4;2;0;1;7
498;3;3;2;0;1;7
499;3;3;2;1;1;7
500;3;2;2;0;0;7
501;3;0;6;0;1;7
502;3;1;6;0;1;7
503;3;6;1;0;1;7
504;3;4;0;0;1;7
505;3;2;2;0;0;7
506;3;1;5;0;1;7
507;3;2;5;0;1;7
508;3;5;1;0;1;7
509;3;5;1;0;1;7
510;3;2;1;0;0;7
511;3;0;6;0;1;7
512;3;3;4;0;1;7
513;3;2;4;0;1;7
514;3;6;1;0;1;7
515;3;5;0;0;1;7
516;3;4;2;0;1;7
517;3;3;2;0;0;7
518;3;3;3;0;1;7
519;3;2;4;0;1;7
520;3;5;1;0;1;7
521;3;4;1;0;1;7
522;3;4;2;0;0;7
523;3;2;4;0;1;7
524;3;2;3;0;1;7
525;3;2;5;0;1;7
526;3;5;2;0;1;7
527;3;4;0;0;1;7
528;3;5;2;0;1;7
529;3;1;2;0;1;7
530;3;4;3;0;0;7
531;3;4;3;0;1;7
532;3;2;2;0;1;7
533;3;3;4;0;1;7
534;3;4;2;0;0;7
535;3;4;1;0;1;7
536;3;3;3;0;1;7
537;3;2;3;0;1;7
538;3;2;3;1;1;7
539;3;2;4;0;1;7
540;3;4;1;0;0;7
541;3;4;3;0;1;7
542;3;3;2;0;1;7
543;3;2;3;0;1;7
544;3;4;3;0;1;7
545;3;2;3;0;0;7
546;3;2;3;0;1;7
547;3;3;4;0;1;7
548;3;1;5;0;1;7
549;3;6;1;0;1;7
550;3;4;1;0;0;7
551;3;2;2;0;1;7
552;3;3;4;0;1;7
553;3;1;3;0;1;7
554;3;5;2;0;1;7
555;3;4;2;0;1;7
556;3;3;1;0;0;7
557;3;1;5;0;1;7
558;3;2;4;0;1;7
559;3;5;2;0;1;7
560;3;4;0;0;0;7
561;3;2;3;0;1;7
562;3;3;4;0;1;7
563;3;4;2;0;1;7
564;3;3;2;0;1;7
565;3;5;1;0;0;7
566;3;2;3;0;1;7
567;3;2;5;0;1;7
568;3;3;1;1;1;7
569;3;3;4;0;1;7
570;3;5;2;0;0;7
571;3;5;0;0;1;7
572;3;3;1;0;1;7
573;3;3;4;0;1;7
574;3;2;3;0;0;7
575;3;3;4;0;1;7
576;3;4;2;0;1;7
577;3;2;2;0;1;7
578;3;4;2;0;1;7
579;3;4;2;0;0;7
580;3;4;1;0;1;7
581;3;3;3;0;1;7
582;3;2;3;0;1;7
583;3;3;3;0;1;7
584;3;4;3;0;0;7
585;3;3;3;0;1;7
586;3;3;2;0;1;7
587;3;2;3;0;1;7
588;3;3;3;0;1;7
589;3;3;2;0;1;7
590;3;4;2;0;1;7
591;3;3;2;0;1;7
592;3;1;4;0;1;7
593;3;1;6;0;1;7
594;3;3;3;0;0;7
595;3;4;2;0;1;7
596;3;3;2;0;1;7
597;3;2;4;0;1;7
598;3;1;4;0;1;7
599;3;4;3;0;1;7
600;3;5;1;0;1;7
601;3;5;0;0;1;7
602;3;4;2;0;0;7
603;3;1;4;0;1;7
604;3;4;3;0;1;7
605;3;3;2;0;1;7
606;3;4;2;0;1;7
607;3;4;1;0;0;7
608;3;2;4;0;1;7
609;3;1;5;0;1;7
610;3;4;2;0;1;7
611;3;4;2;0;1;7
612;3;6;0;0;1;7
613;3;2;1;1;0;7
614;3;1;5;0;1;7
615;3;3;3;0;1;7
616;3;3;2;0;1;7
617;3;4;2;0;1;7
618;3;3;3;0;0;7
619;3;2;3;0;1;7
620;3;2;4;0;1;7
621;3;4;2;0;1;7
622;3;3;3;0;1;7
623;3;2;2;0;0;7
624;3;3;4;0;1;7
625;3;3;2;0;1;7
626;3;4;2;0;1;7
627;3;2;3;0;1;7
628;3;3;3;0;1;7
629;3;3;2;0;1;7
630;3;2;5;0;0;7
631;3;5;1;0;1;7
632;3;4;0;0;1;7
633;3;2;3;0;0;7
634;3;1;5;0;1;7
635;3;3;4;0;1;7
636;3;5;2;0;1;7
637;3;4;0;0;1;7
638;3;5;2;0;1;7
639;3;3;1;0;0;7
640;3;3;3;0;1;7
641;3;3;4;0;1;7
642;3;3;2;0;1;7
643;3;4;2;0;1;7
644;3;4;1;0;1;7
645;3;5;1;0;1;7
646;3;3;2;0;0;7
647;3;1;4;0;1;7
648;3;2;5;0;1;7
649;3;3;3;0;1;7
650;3;4;2;0;1;7
651;3;5;2;0;0;7
652;3;2;2;0;1;7
653;3;2;3;0;1;7
654;3;2;4;0;0;7
655;3;2;5;0;1;7
656;3;5;1;0;1;7
657;3;4;2;0;1;7
658;3;1;2;0;1;7
659;3;2;4;0;1;7
660;3;2;5;0;1;7
661;3;5;1;0;0;7
662;3;2;2;0;1;7
663;3;2;4;0;1;7
664;3;3;4;0;1;7
665;3;5;1;0;1;7
666;3;5;1;0;0;7
667;3;1;3;0;1;7
668;3;3;4;0;1;7
669;3;4;2;0;1;7
670;3;4;2;0;1;7
671;3;1;3;0;1;7
672;3;2;5;0;0;7
673;3;4;3;0;1;7
674;3;4;1;0;1;7
675;3;3;2;0;1;7
676;3;4;3;0;1;7
677;3;4;1;0;1;7
678;3;3;2;0;0;7
679;3;4;3;0;1;7
680;3;2;2;0;1;7
681;3;2;2;1;1;7
682;3;0;5;0;1;7
683;3;5;2;0;0;7
684;3;6;1;0;1;7
685;3;4;0;0;1;7
686;3;3;2;1;0;7
687;3;2;3;0;1;7
688;3;4;3;0;1;7
689;3;4;2;0;1;7
690;3;1;3;0;1;7
691;3;3;4;0;1;7
692;3;7;0;0;0;7
693;3;5;0;0;1;7
694;3;2;2;0;1;7
695;3;2;3;0;1;7
696;3;1;5;0;1;7
697;3;6;1;0;1;7
698;3;3;0;0;0;7
699;3;2;4;0;1;7
700;3;2;4;0;1;7
701;3;3;3;1;1;7
702;3;3;2;1;1;7
703;3;7;0;0;1;7
704;3;3;0;0;0;7
705;3;2;4;0;1;7
706;3;3;3;0;1;7
707;3;3;3;0;1;7
708;3;2;3;0;1;7
709;3;4;1;1;1;7
710;3;3;2;0;1;7
711;3;2;4;0;1;7
712;3;4;3;0;0;7
713;3;5;1;0;1;7
714;3;4;0;0;1;7
715;3;4;2;0;0;7
716;3;0;4;0;1;7
717;3;1;6;0;1;7
718;3;3;4;0;1;7
719;3;5;1;0;1;7
720;3;5;1;0;1;7
721;3;2;1;0;1;7
722;3;2;5;0;0;7
723;3;2;5;0;1;7
724;3;3;3;0;1;7
725;3;6;1;0;1;7
726;3;5;0;0;1;7
727;3;2;3;0;0;7
728;3;0;5;0;1;7
729;3;1;6;0;1;7
730;3;3;2;1;1;7
731;3;5;1;0;0;7
732;3;1;2;0;1;7
733;3;1;6;0;1;7
734;3;2;4;0;1;7
735;3;6;0;0;1;7
736;3;4;1;0;0;7
737;3;0;4;0;1;7
738;3;1;6;0;1;7
739;3;5;2;0;1;7
740;3;6;0;0;1;7
741;3;5;0;0;0;7
742;3;3;3;0;1;7
743;3;0;4;0;1;7
744;3;2;5;0;1;7
745;3;5;2;0;0;7
746;3;4;2;0;1;7
747;3;2;1;0;1;7
748;3;3;3;0;1;7
749;3;3;3;0;0;7
750;3;4;3;0;1;7
751;3;3;2;0;1;7
752;3;4;2;0;1;7
753;3;3;2;0;1;7
754;3;2;4;0;1;7
755;3;5;1;0;0;7
756;3;1;3;0;1;7
757;3;3;4;0;1;7
758;3;2;4;0;1;7
759;3;4;2;0;1;7
760;3;5;2;0;1;7
761;3;2;2;0;0;7
762;3;0;5;0;1;7
763;3;4;3;0;1;7
764;3;6;1;0;1;7
765;3;4;0;0;1;7
766;3;1;3;0;1;7
767;3;2;4;0;0;7
768;3;4;3;0;1;7
769;3;4;1;0;1;7
770;3;3;1;0;1;7
771;3;0;5;0;1;7
772;3;0;7;0;0;7
773;3;3;4;0;1;7
774;3;5;1;0;1;7
775;3;6;0;0;1;7
776;3;4;1;0;1;7
777;3;2;2;0;1;7
778;3;2;5;0;0;7
779;3;3;4;0;1;7
780;3;3;2;0;1;7
781;3;3;2;0;1;7
782;3;5;2;0;1;7
783;3;2;2;0;1;7
784;3;2;4;0;0;7
785;3;4;3;0;1;7
786;3;3;2;0;1;7
787;3;4;2;0;1;7
788;3;3;2;0;1;7
789;3;2;5;0;1;7
790;3;3;2;0;0;7
791;3;3;4;0;1;7
792;3;5;2;0;1;7
793;3;3;0;0;1;7
794;3;2;5;0;1;7
795;3;2;3;0;0;7
796;3;3;4;0;1;7
797;3;5;1;0;1;7
798;3;1;2;0;1;7
799;3;3;4;0;0;7
800;3;3;3;0;1;7
801;3;3;2;0;1;7
802;3;1;3;0;1;7
803;3;0;6;0;1;7
804;3;2;5;0;1;7
805;3;5;2;0;1;7
806;3;6;0;0;1;7
807;3;4;0;0;0;7
808;3;0;4;0;1;7
809;3;1;6;0;1;7
810;3;3;4;0;1;7
811;3;6;0;0;1;7
812;3;3;0;0;0;7
813;3;0;5;0;1;7
814;3;1;6;0;1;7
815;3;3;4;0;1;7
816;3;4;2;0;1;7
817;3;6;0;0;1;7
818;3;3;1;1;1;7
819;3;3;1;0;0;7
820;3;2;5;0;1;7
821;3;2;3;0;1;7
822;3;2;2;1;1;7
823;3;4;2;0;1;7
824;3;4;2;0;1;7
825;3;1;4;0;0;7
826;3;2;4;0;1;7
827;3;2;2;1;1;7
828;3;2;4;0;1;7
829;3;3;3;0;1;7
830;3;5;2;0;1;7
831;3;4;0;0;1;7
832;3;3;2;0;0;7
833;3;3;4;0;1;7
834;3;3;2;0;1;7
835;3;2;5;0;1;7
836;3;3;2;0;1;7
837;3;2;4;0;0;7
838;3;3;4;0;1;7
839;3;4;1;1;1;7
840;3;6;0;0;0;7
841;3;5;1;0;1;7
842;3;4;1;0;1;7
843;3;3;2;0;0;7
844;3;2;3;0;1;7
845;3;2;5;0;1;7
846;3;4;2;0;1;7
847;3;3;4;0;0;7
848;3;2;3;0;1;7
849;3;2;4;0;1;7
850;3;4;2;0;1;7
851;3;4;2;0;1;7
852;3;6;0;0;1;7
853;3;5;1;0;1;7
854;3;2;1;0;0;7
855;3;1;5;0;1;7
856;3;4;3;0;1;7
857;3;5;1;0;1;7
858;3;5;1;0;1;7
859;3;3;1;0;1;7
860;3;3;3;0;0;7
861;3;4;2;0;1;7
862;3;4;2;0;1;7
863;3;4;1;0;1;7
864;3;2;3;0;1;7
865;3;0;5;0;0;7
866;3;3;4;0;1;7
867;3;5;2;0;1;7
868;3;6;0;0;1;7
869;3;3;0;0;1;7
870;3;1;5;0;1;7
871;3;2;4;0;0;7
872;3;2;5;0;1;7
873;3;6;0;0;1;7
874;3;3;2;0;1;7
875;3;5;1;0;0;7
876;3;1;3;0;1;7
877;3;1;5;0;1;7
878;3;4;3;0;1;7
879;3;7;0;0;1;7
880;3;6;0;0;0;7
881;3;2;1;0;1;7
882;3;0;5;0;1;7
883;3;2;5;0;1;7
884;3;5;2;0;1;7
885;3;6;0;0;1;7
886;3;6;0;0;1;7
887;3;2;1;0;0;7
888;3;1;5;0;1;7
889;3;1;6;0;1;7
890;3;3;2;1;1;7
891;3;5;0;0;0;7
892;3;3;2;0;1;7
893;3;3;4;0;1;7
894;3;5;2;0;1;7
895;3;4;0;0;1;7
896;3;3;3;0;0;7
897;3;2;4;0;1;7
898;3;3;3;0;1;7
899;3;5;1;0;1;7
900;3;5;1;0;1;7
901;3;2;2;0;1;7
902;3;2;4;0;1;7
903;3;2;5;0;1;7
904;3;5;1;0;0;7
905;3;3;3;0;1;7
906;3;3;3;0;1;7
907;3;5;0;0;0;7
908;3;1;3;0;1;7
909;3;3;4;0;1;7
910;3;2;4;0;1;7
911;3;4;1;0;1;7
912;3;2;2;1;1;7
913;3;2;3;0;1;7
914;3;2;5;0;1;7
915;3;2;4;0;0;7
916;3;3;2;0;1;7
917;3;4;3;0;1;7
918;3;2;3;0;1;7
919;3;3;2;0;1;7
920;3;2;5;0;1;7
921;3;4;2;0;1;7
922;3;4;1;0;0;7
923;3;1;4;0;1;7
924;3;3;4;0;1;7
925;3;5;1;0;1;7
926;3;3;2;0;0;7
927;3;3;3;0;1;7
928;3;0;4;0;1;7
929;3;3;4;0;1;7
930;3;3;4;0;1;7
931;3;4;2;0;0;7
932;3;4;2;0;1;7
933;3;5;1;0;1;7
934;3;2;1;0;1;7
935;3;2;5;0;1;7
936;3;3;3;0;1;7
937;3;4;2;0;0;7
938;3;3;3;0;1;7
939;3;2;4;0;1;7
940;3;3;3;0;1;7
941;3;5;0;0;0;7
942;3;4;2;0;1;7
943;3;3;2;0;1;7
944;3;3;3;0;1;7
945;3;3;2;0;1;7
946;3;5;2;0;1;7
947;3;7;0;0;0;7
948;3;2;1;0;1;7
949;3;2;4;0;1;7
950;3;3;2;0;1;7
951;3;2;4;0;1;7
952;3;1;5;0;1;7
953;3;2;4;0;0;7
954;3;5;2;0;1;7
955;3;3;2;0;1;7
956;3;3;2;0;1;7
957;3;3;2;1;1;7
958;3;3;2;1;1;7
959;3;2;2;0;0;7
960;3;0;6;0;1;7
961;3;3;4;0;1;7
962;3;4;1;0;1;7
963;3;5;1;0;1;7
964;3;4;2;0;1;7
965;3;2;2;0;0;7
966;3;3;4;0;1;7
967;3;3;3;0;1;7
968;3;3;2;0;1;7
969;3;2;4;0;1;7
970;3;5;1;0;0;7
971;3;4;2;0;1;7
972;3;5;1;0;1;7
973;3;3;2;0;1;7
974;3;3;3;0;1;7
975;3;3;2;0;1;7
976;3;4;2;1;1;7
977;3;4;1;1;0;7
978;3;3;3;0;1;7
979;3;3;3;0;1;7
980;3;3;2;0;1;7
981;3;1;3;0;1;7
982;3;2;4;0;1;7
983;3;5;2;0;1;7
984;3;5;1;0;0;7
985;3;5;1;0;1;7
986;3;1;2;0;1;7
987;3;1;5;0;1;7
988;3;3;3;0;1;7
989;3;4;3;0;1;7
990;3;6;0;0;1;7
991;3;4;2;0;0;7
992;3;2;3;0;1;7
993;3;3;3;0;1;7
994;3;4;3;0;1;7
995;3;4;1;0;1;7
996;3;3;3;0;1;7
997;3;3;1;0;1;7
998;3;0;5;0;1;7
999;3;2;5;0;0;7
1000;3;4;2;0;1;7
1001;3;5;1;0;1;7
1002;3;3;1;0;1;7
1003;3;2;3;0;1;7
1004;3;3;4;0;1;7
1005;3;3;2;0;0;7
1006;3;2;4;0;1;7
1007;3;3;2;0;1;7
1008;3;3;4;0;1;7
1009;3;4;1;0;1;7
1010;3;5;1;0;1;7
1011;3;5;1;0;0;7
1012;3;4;2;0;1;7
1013;3;0;3;0;1;7
1014;3;2;5;0;1;7
1015;3;4;2;0;1;7
1016;3;5;1;0;0;7
1017;3;2;3;0;1;7
1018;3;3;4;0;1;7
1019;3;3;2;0;1;7
1020;3;4;2;0;1;7
1021;3;3;2;0;0;7
1022;3;3;4;0;1;7
1023;3;2;4;0;1;7
1024;3;3;3;0;1;7
1025;3;3;2;0;1;7
1026;3;4;2;0;1;7
1027;3;3;1;0;1;7
1028;3;0;5;0;1;7
1029;3;4;3;0;0;7
1030;3;4;3;0;1;7
1031;3;4;1;0;1;7
1032;3;4;1;0;1;7
1033;3;1;4;0;1;7
1034;3;3;2;1;1;7
1035;3;5;1;0;0;7
1036;3;5;1;0;1;7
1037;3;3;2;0;1;7
1038;3;1;4;0;1;7
1039;3;2;4;0;1;7
1040;3;2;4;0;1;7
1041;3;6;1;0;0;7
1042;3;3;2;0;1;7
1043;3;3;2;0;1;7
1044;3;2;3;0;1;7
1045;3;2;5;0;1;7
1046;3;5;1;0;0;7
1047;3;4;2;0;1;7
1048;3;4;2;0;1;7
1049;3;4;1;0;1;7
1050;3;5;1;0;0;7
1051;3;4;2;0;1;7
1052;3;2;3;0;1;7
1053;3;2;3;0;1;7
1054;3;2;4;0;1;7
1055;3;2;4;0;1;7
1056;3;5;2;0;1;7
1057;3;5;0;0;1;7
1058;3;3;1;0;0;7
1059;3;3;4;0;1;7
1060;3;2;3;0;1;7
1061;3;3;3;0;1;7
1062;3;5;2;0;1;7
1063;3;4;0;0;1;7
1064;3;3;2;0;1;7
1065;3;4;2;0;1;7
1066;3;5;1;0;1;7
1067;3;5;1;0;0;7
1068;3;3;2;0;1;7
1069;3;2;3;0;1;7
1070;3;2;4;0;1;7
1071;3;6;1;0;1;7
1072;3;4;0;0;0;7
1073;3;1;3;0;1;7
1074;3;1;6;0;1;7
1075;3;3;4;0;1;7
1076;3;3;2;0;1;7
1077;3;6;1;0;1;7
1078;3;5;1;0;1;7
1079;3;2;2;0;0;7
1080;3;2;5;0;1;7
1081;3;0;5;0;1;7
1082;3;2;5;0;1;7
1083;3;7;0;0;1;7
1084;3;3;0;0;1;7
1085;3;2;4;0;0;7
1086;3;2;4;0;1;7
1087;3;0;5;0;1;7
1088;3;1;6;0;1;7
1089;3;5;2;0;1;7
1090;3;5;0;0;1;7
1091;3;5;1;0;0;7
1092;3;1;3;0;1;7
1093;3;0;6;0;1;7
1094;3;4;3;0;1;7
1095;3;6;0;0;1;7
1096;3;2;1;1;1;7
1097;3;2;3;0;0;7
1098;3;0;6;0;1;7
1099;3;3;4;0;1;7
1100;3;6;0;0;1;7
1101;3;4;1;0;1;7
1102;3;3;3;0;1;7
1103;3;0;4;0;0;7
1104;3;2;5;0;1;7
1105;3;4;2;0;1;7
1106;3;2;3;0;1;7
1107;3;5;1;1;1;7
1108;3;5;0;0;0;7
1109;3;2;3;0;1;7
1110;3;4;2;0;1;7
1111;3;1;3;0;1;7
1112;3;1;5;0;0;7
1113;3;2;4;0;1;7
1114;3;4;3;0;1;7
1115;3;3;2;0;1;7
1116;3;4;2;0;1;7
1117;3;2;3;0;1;7
1118;3;4;3;0;0;7
1119;3;1;4;0;1;7
1120;3;3;4;0;1;7
1121;3;5;2;0;1;7
1122;3;3;0;0;1;7
1123;3;1;4;0;1;7
1124;3;1;6;0;0;7
1125;3;5;2;0;1;7
1126;3;4;2;0;1;7
1127;3;2;1;1;1;7
1128;3;2;4;0;0;7
1129;3;3;4;0;1;7
1130;3;6;0;0;1;7
1131;3;5;0;0;1;7
1132;3;4;3;0;0;7
1133;3;2;2;0;1;7
1134;3;2;4;0;1;7
1135;3;3;4;0;1;7
1136;3;5;0;0;1;7
1137;3;3;2;0;0;7
1138;3;2;4;0;1;7
1139;3;2;4;0;1;7
1140;3;4;3;0;1;7
1141;3;4;0;0;1;7
1142;3;2;3;0;1;7
1143;3;2;5;0;0;7
1144;3;2;4;0;1;7
1145;3;2;4;0;1;7
1146;3;3;3;0;1;7
1147;3;5;1;0;1;7
1148;3;3;1;1;0;7
1149;3;1;4;0;1;7
1150;3;3;4;0;1;7
1151;3;2;4;0;1;7
1152;3;3;3;0;1;7
1153;3;4;2;0;1;7
1154;3;5;0;0;1;7
1155;3;4;2;0;1;7
1156;3;4;1;0;0;7
1157;3;3;3;0;1;7
1158;3;4;2;0;1;7
1159;3;5;0;0;1;7
1160;3;4;2;0;1;7
1161;3;4;2;0;1;7
1162;3;5;1;0;0;7
1163;3;3;3;0;1;7
1164;3;2;2;0;1;7
1165;3;1;5;0;1;7
1166;3;5;2;0;1;7
1167;3;6;0;0;0;7
1168;3;5;1;0;1;7
1169;3;4;1;1;1;7
1170;3;4;2;0;1;7
1171;3;3;1;0;0;7
1172;3;2;4;0;1;7
1173;3;3;4;0;1;7
1174;3;3;2;0;1;7
1175;3;6;1;0;1;7
1176;3;3;1;0;1;7
1177;3;3;2;0;0;7
1178;3;1;4;0;1;7
1179;3;3;4;0;1;7
1180;3;3;2;0;1;7
1181;3;4;1;0;1;7
1182;3;4;1;0;1;7
1183;3;4;3;0;0;7
1184;3;2;3;0;1;7
1185;3;4;3;0;1;7
1186;3;5;1;0;1;7
1187;3;4;1;0;1;7
1188;3;3;1;0;0;7
1189;3;1;5;0;1;7
1190;3;2;4;0;1;7
1191;3;6;1;0;1;7
1192;3;4;0;0;1;7
1193;3;3;2;0;1;7
1194;3;3;4;0;0;7
1195;3;4;3;0;1;7
1196;3;5;1;0;1;7
1197;3;3;0;0;1;7
1198;3;2;4;0;1;7
1199;3;1;5;0;0;7
1200;3;4;3;0;1;7
1201;3;3;2;0;1;7
1202;3;5;2;0;1;7
1203;3;3;1;0;1;7
1204;3;2;4;0;0;7
1205;3;2;4;0;1;7
1206;3;5;2;0;1;7
1207;3;3;2;0;1;7
1208;3;2;4;0;1;7
1209;3;1;5;0;0;7
1210;3;2;4;0;1;7
1211;3;2;3;0;1;7
1212;3;5;2;0;1;7
1213;3;5;1;0;1;7
1214;3;5;0;0;1;7
1215;3;3;3;0;0;7
1216;3;1;4;0;1;7
1217;3;3;3;0;1;7
1218;3;3;3;0;1;7
1219;3;3;4;0;1;7
1220;3;1;3;0;0;7
1221;3;2;5;0;1;7
1222;3;3;3;0;1;7
1223;3;5;1;0;1;7
1224;3;5;1;0;1;7
1225;3;4;2;0;0;7
1226;3;1;3;0;1;7
1227;3;3;4;0;1;7
1228;3;4;2;0;1;7
1229;3;5;0;0;1;7
1230;3;5;1;0;0;7
1231;3;3;3;0;1;7
1232;3;3;2;0;1;7
1233;3;5;2;0;1;7
1234;3;5;0;0;1;7
1235;3;3;2;0;0;7
1236;3;1;4;0;1;7
1237;3;0;6;0;1;7
1238;3;2;5;0;1;7
1239;3;3;3;0;0;7
1240;3;3;2;0;1;7
1241;3;1;4;0;1;7
1242;3;2;4;0;1;7
1243;3;5;1;0;1;7
1244;3;4;1;0;1;7
1245;3;2;2;1;1;7
1246;3;2;5;0;1;7
1247;3;1;5;0;1;7
1248;3;4;2;0;0;7
1249;3;5;1;0;1;7
1250;3;1;2;0;1;7
1251;3;1;5;0;1;7
1252;3;4;3;0;1;7
1253;3;6;0;0;1;7
1254;3;4;0;0;0;7
1255;3;1;4;0;1;7
1256;3;2;5;0;1;7
1257;3;3;3;0;1;7
1258;3;6;0;0;1;7
1259;3;3;0;0;0;7
1260;3;1;5;0;1;7
1261;3;1;5;0;1;7
1262;3;2;4;0;1;7
1263;3;5;2;0;1;7
1264;3;5;0;0;0;7
1265;3;4;2;0;1;7
1266;3;1;2;0;1;7
1267;3;0;7;0;1;7
1268;3;3;4;0;1;7
1269;3;6;1;0;0;7
1270;3;3;0;0;1;7
1271;3;3;4;0;1;7
1272;3;1;4;0;1;7
1273;3;3;4;0;1;7
1274;3;5;1;0;1;7
1275;3;1;2;0;1;7
1276;3;2;5;0;0;7
1277;3;2;5;0;1;7
1278;3;3;3;0;1;7
1279;3;4;1;0;1;7
1280;3;2;4;0;1;7
1281;3;1;4;0;1;7
1282;3;3;4;0;0;7
1283;3;3;3;0;1;7
1284;3;4;2;0;1;7
1285;3;2;2;0;1;7
1286;3;0;5;0;1;7
1287;3;1;6;0;0;7
1288;3;5;2;0;1;7
1289;3;5;1;0;1;7
1290;3;4;1;0;1;7
1291;3;1;3;0;1;7
1292;3;1;5;0;1;7
1293;3;2;5;0;1;7
1294;3;5;0;0;1;7
1295;3;3;1;1;0;7
1296;3;1;4;0;1;7
1297;3;1;5;0;1;7
1298;3;3;4;0;1;7
1299;3;5;2;0;1;7
1300;3;4;0;0;1;7
1301;3;3;3;0;0;7
1302;3;2;3;0;1;7
1303;3;3;3;0;1;7
1304;3;4;2;0;1;7
1305;3;3;1;0;0;7
1306;3;2;5;0;1;7
1307;3;2;4;0;1;7
1308;3;3;3;0;1;7
1309;3;5;1;0;1;7
1310;3;1;2;1;1;7
1311;3;4;3;0;0;7
1312;3;2;3;0;1;7
1313;3;3;3;0;1;7
1314;3;4;2;0;1;7
1315;3;3;3;0;0;7
1316;3;2;3;0;1;7
1317;3;4;3;0;1;7
1318;3;5;0;0;1;7
1319;3;5;1;0;1;7
1320;3;3;2;1;1;7
1321;3;6;0;0;0;7
1322;3;2;2;0;1;7
1323;3;0;5;0;1;7
1324;3;3;4;0;1;7
1325;3;6;1;0;0;7
1326;3;3;2;0;1;7
1327;3;2;2;0;1;7
1328;3;1;5;0;1;7
1329;3;4;2;0;1;7
1330;3;4;3;0;0;7
1331;3;2;2;0;1;7
1332;3;2;4;0;1;7
1333;3;3;4;0;1;7
1334;3;6;0;0;1;7
1335;3;4;0;0;1;7
1336;3;3;3;0;0;7
1337;3;3;3;0;1;7
1338;3;2;2;0;1;7
1339;3;2;4;0;1;7
1340;3;4;2;1;0;7
1341;3;3;2;0;1;7
1342;3;5;2;0;1;7
1343;3;2;2;0;1;7
1344;3;4;3;0;0;7
1345;3;0;4;0;1;7
1346;3;2;5;0;1;7
1347;3;4;2;0;1;7
1348;3;3;2;0;1;7
1349;3;4;2;0;0;7
1350;3;1;3;0;1;7
1351;3;4;3;0;1;7
1352;3;1;3;0;1;7
1353;3;4;3;0;0;7
1354;3;4;2;0;1;7
1355;3;2;3;0;1;7
1356;3;1;4;0;1;7
1357;3;3;3;0;1;7
1358;3;2;4;0;1;7
1359;3;2;5;0;1;7
1360;3;3;1;1;1;7
1361;3;3;2;0;0;7
1362;3;2;4;0;1;7
1363;3;1;4;0;1;7
1364;3;4;2;0;0;7
1365;3;3;3;0;1;7
1366;3;3;3;0;1;7
1367;3;2;3;0;1;7
1368;3;2;4;0;1;7
1369;3;5;2;0;0;7
1370;3;3;2;0;1;7
1371;3;1;4;0;1;7
1372;3;5;2;0;1;7
1373;3;3;2;0;1;7
1374;3;3;4;0;0;7
1375;3;3;3;0;1;7
1376;3;4;1;0;1;7
1377;3;2;3;0;1;7
1378;3;0;5;0;1;7
1379;3;4;3;0;1;7
1380;3;6;1;0;1;7
1381;3;3;0;0;0;7
1382;3;2;4;0;1;7
1383;3;3;3;0;1;7
1384;3;3;3;0;1;7
1385;3;5;0;0;1;7
1386;3;5;2;0;1;7
1387;3;5;1;0;0;7
1388;3;2;3;0;1;7
1389;3;2;4;0;1;7
1390;3;2;3;0;1;7
1391;3;4;2;0;1;7
1392;3;4;2;0;1;7
1393;3;6;0;0;1;7
1394;3;3;1;0;1;7
1395;3;3;3;1;1;7
1396;3;2;2;1;0;7
1397;3;3;3;0;1;7
1398;3;5;1;0;1;7
1399;3;4;2;0;1;7
1400;3;2;2;0;1;7
1401;3;2;4;0;1;7
1402;3;3;3;0;1;7
1403;3;3;4;0;0;7
1404;3;4;1;0;1;7
1405;3;4;2;0;1;7
1406;3;5;0;0;1;7
1407;3;2;2;1;0;7
1408;3;1;5;0;1;7
1409;3;2;4;0;1;7
1410;3;2;4;0;1;7
1411;3;1;4;0;1;7
1412;3;3;4;0;1;7
1413;3;3;4;0;1;7
1414;3;7;0;0;0;7
1415;3;1;0;0;1;7
1416;3;1;6;0;1;7
1417;3;1;5;0;1;7
1418;3;4;3;0;1;7
1419;3;6;0;0;1;7
1420;3;2;2;0;1;7
1421;3;3;3;0;0;7
1422;3;1;4;0;1;7
1423;3;5;2;0;1;7
1424;3;4;1;0;1;7
1425;3;2;2;0;0;7
1426;3;1;6;0;1;7
1427;3;3;4;0;1;7
1428;3;3;2;0;1;7
1429;3;3;4;0;1;7
1430;3;3;1;0;1;7
1431;3;4;2;0;1;7
1432;3;4;2;0;1;7
1433;3;2;3;0;0;7
1434;3;2;4;0;1;7
1435;3;2;3;0;1;7
1436;3;4;2;0;1;7
1437;3;3;3;0;0;7
1438;3;3;2;0;1;7
1439;3;2;4;0;1;7
1440;3;0;5;0;1;7
1441;3;2;5;0;1;7
1442;3;2;3;0;1;7
1443;3;4;3;0;1;7
1444;3;3;1;1;1;7
1445;3;4;1;0;0;7
1446;3;2;3;0;1;7
1447;3;1;4;0;1;7
1448;3;2;4;0;1;7
1449;3;4;3;0;1;7
1450;3;2;2;1;0;7
1451;3;5;2;0;1;7
1452;3;4;1;0;1;7
1453;3;1;3;0;1;7
1454;3;4;2;0;1;7
1455;3;4;2;0;0;7
1456;3;2;4;0;1;7
1457;3;4;1;0;1;7
1458;3;3;2;0;1;7
1459;3;0;5;0;1;7
1460;3;3;4;0;0;7
1461;3;4;2;0;1;7
1462;3;3;1;0;1;7
1463;3;2;4;0;1;7
1464;3;5;1;0;0;7
1465;3;4;3;0;1;7
1466;3;3;2;0;1;7
1467;3;3;2;0;1;7
1468;3;2;3;0;1;7
1469;3;1;5;0;1;7
1470;3;3;4;0;0;7
1471;3;3;3;0;1;7
1472;3;2;2;0;1;7
1473;3;2;4;0;1;7
1474;3;2;3;0;1;7
1475;3;1;6;0;1;7
1476;3;5;1;0;1;7
1477;3;5;0;0;0;7
1478;3;2;3;0;1;7
1479;3;2;4;0;1;7
1480;3;4;2;0;1;7
1481;3;3;2;0;1;7
1482;3;3;2;0;1;7
1483;3;4;3;0;0;7
1484;3;3;3;0;1;7
1485;3;3;2;0;1;7
1486;3;1;4;0;1;7
1487;3;3;2;1;1;7
1488;3;5;2;0;1;7
1489;3;6;0;0;1;7
1490;3;3;0;0;0;7
1491;3;2;4;0;1;7
1492;3;2;4;0;1;7
1493;3;4;2;0;1;7
1494;3;3;2;0;1;7
1495;3;3;2;0;0;7
1496;3;1;5;0;1;7
1497;3;3;3;0;1;7
1498;3;2;2;1;1;7
1499;3;3;3;0;1;7
