0;5;7;0;0;1;7
1;5;3;0;0;1;7
2;5;2;3;0;0;7
3;5;1;5;0;1;7
4;5;4;2;1;1;7
5;5;5;0;0;1;7
6;5;3;3;0;1;7
7;5;2;3;0;0;7
8;5;1;4;0;1;7
9;5;2;5;0;1;7
10;5;4;3;0;1;7
11;5;4;0;0;1;7
12;5;1;4;0;0;7
13;5;1;5;0;1;7
14;5;3;4;0;1;7
15;5;4;2;0;0;7
16;5;5;1;0;1;7
17;5;4;2;0;1;7
18;5;3;3;0;1;7
19;5;2;1;1;1;7
20;5;3;3;0;0;7
21;5;2;4;0;1;7
22;5;2;4;0;1;7
23;5;3;3;0;1;7
24;5;3;2;0;1;7
25;5;2;3;0;1;7
26;5;2;5;0;1;7
27;5;2;3;0;1;7
28;5;5;2;0;0;7
29;5;4;2;0;1;7
30;5;4;2;0;1;7
31;5;3;2;0;1;7
32;5;4;2;0;1;7
33;5;4;1;0;1;7
34;5;3;2;0;0;7
35;5;3;4;0;1;7
36;5;3;2;0;1;7
37;5;4;2;0;1;7
38;5;1;3;0;1;7
39;5;2;5;0;0;7
40;5;3;3;0;1;7
41;5;4;3;0;1;7
42;5;5;0;0;1;7
43;5;2;1;1;1;7
44;5;2;5;0;0;7
45;5;1;4;0;1;7
46;5;4;2;0;1;7
47;5;1;3;0;1;7
48;5;3;3;0;1;7
49;5;2;5;0;0;7
50;5;3;2;0;1;7
51;5;3;3;0;1;7
52;5;3;2;0;1;7
53;5;3;3;0;1;7
54;5;3;3;0;1;7
55;5;4;2;0;1;7
56;5;3;1;1;1;7
57;5;4;3;0;1;7
58;5;4;1;0;0;7
59;5;4;2;0;1;7
60;5;2;2;0;1;7
61;5;1;5;0;1;7
62;5;4;3;0;1;7
63;5;6;0;0;1;7
64;5;5;0;0;0;7
65;5;4;3;0;1;7
66;5;2;1;0;1;7
67;5;1;6;0;1;7
68;5;3;3;0;1;7
69;5;6;0;0;0;7
70;5;3;2;0;1;7
71;5;3;3;0;1;7
72;5;2;4;0;1;7
73;5;5;1;0;1;7
74;5;6;0;0;0;7
75;5;3;1;0;1;7
76;5;1;4;0;1;7
77;5;3;4;0;1;7
78;5;1;4;0;1;7
79;5;5;2;0;0;7
80;5;3;3;0;1;7
81;5;3;1;0;1;7
82;5;3;3;0;1;7
83;5;2;4;0;1;7
84;5;5;2;0;0;7
85;5;5;1;0;1;7
86;5;4;1;0;1;7
87;5;2;3;0;1;7
88;5;2;3;0;1;7
89;5;3;3;1;0;7
90;5;3;3;0;1;7
91;5;3;2;0;1;7
92;5;3;4;0;1;7
93;5;4;2;0;1;7
94;5;3;2;0;1;7
95;5;3;2;0;1;7
96;5;4;2;0;0;7
97;5;5;2;0;1;7
98;5;4;1;0;1;7
99;5;2;3;0;1;7
100;5;3;2;1;1;7
101;5;1;3;1;0;7
102;5;3;4;0;1;7
103;5;3;3;0;1;7
104;5;4;2;0;1;7
105;5;3;2;0;1;7
106;5;1;4;0;1;7
107;5;2;3;1;0;7
108;5;2;5;0;1;7
109;5;4;2;0;1;7
110;5;6;0;0;1;7
111;5;6;1;0;0;7
112;5;3;1;0;1;7
113;5;2;2;0;1;7
114;5;1;5;1;1;7
115;5;4;3;0;1;7
116;5;6;0;0;0;7
117;5;1;2;0;1;7
118;5;2;4;0;1;7
119;5;2;3;1;1;7
120;5;3;4;0;0;7
121;5;5;1;0;1;7
122;5;5;0;0;1;7
123;5;2;2;0;1;7
124;5;1;4;1;0;7
125;5;2;4;0;1;7
126;5;5;2;0;1;7
127;5;4;2;0;1;7
128;5;3;2;0;1;7
129;5;3;2;0;1;7
130;5;4;2;0;1;7
131;5;2;3;1;1;7
132;5;2;3;0;0;7
133;5;3;3;0;1;7
134;5;5;2;0;1;7
135;5;3;2;0;1;7
136;5;2;1;1;1;7
137;5;1;5;0;1;7
138;5;2;5;0;1;7
139;5;4;2;0;0;7
140;5;4;3;0;1;7
141;5;2;2;0;1;7
142;5;3;3;0;1;7
143;5;2;4;0;1;7
144;5;5;2;0;1;7
145;5;2;2;0;0;7
146;5;3;4;0;1;7
147;5;2;4;0;1;7
148;5;5;1;0;1;7
149;5;5;1;0;1;7
150;5;5;0;0;0;7
151;5;2;3;0;1;7
152;5;2;3;0;1;7
153;5;4;3;0;1;7
154;5;4;0;0;1;7
155;5;2;3;0;0;7
156;5;2;4;0;1;7
157;5;2;4;0;1;7
158;5;5;1;0;1;7
159;5;4;1;0;1;7
160;5;2;3;0;1;7
161;5;3;3;0;0;7
162;5;5;1;0;1;7
163;5;2;2;0;1;7
164;5;2;4;0;1;7
165;5;3;2;0;1;7
166;5;2;4;0;0;7
167;5;1;5;0;1;7
168;5;2;5;0;1;7
169;5;7;0;0;1;7
170;5;3;0;0;1;7
171;5;4;3;0;0;7
172;5;1;4;0;1;7
173;5;2;4;0;1;7
174;5;4;2;0;1;7
175;5;5;2;0;1;7
176;5;5;1;0;0;7
177;5;4;2;0;1;7
178;5;2;1;0;1;7
179;5;3;4;0;1;7
180;5;3;3;0;1;7
181;5;4;3;0;0;7
182;5;4;1;0;1;7
183;5;3;2;0;1;7
184;5;1;4;0;1;7
185;5;2;4;0;1;7
186;5;3;4;0;0;7
187;5;5;1;0;1;7
188;5;3;1;0;1;7
189;5;2;4;0;1;7
190;5;2;3;0;1;7
191;5;3;3;1;1;7
192;5;2;3;0;1;7
193;5;2;5;0;0;7
194;5;1;4;0;1;7
195;5;3;4;0;1;7
196;5;4;2;0;1;7
197;5;5;0;0;1;7
198;5;3;3;0;1;7
199;5;4;1;0;0;7
200;5;2;3;0;1;7
201;5;4;3;0;1;7
202;5;3;1;0;1;7
203;5;2;4;0;1;7
204;5;2;5;0;0;7
205;5;2;3;0;1;7
206;5;3;4;0;1;7
207;5;5;2;0;1;7
208;5;1;2;0;1;7
209;5;3;4;0;0;7
210;5;3;3;0;1;7
211;5;4;2;0;1;7
212;5;4;2;0;1;7
213;5;4;2;0;1;7
214;5;2;3;0;0;7
215;5;1;5;0;1;7
216;5;4;3;0;1;7
217;5;3;1;0;1;7
218;5;2;3;0;1;7
219;5;3;4;0;0;7
220;5;1;5;0;1;7
221;5;2;4;0;1;7
222;5;3;3;0;1;7
223;5;3;2;0;1;7
224;5;4;2;0;1;7
225;5;4;3;0;1;7
226;5;3;2;0;0;7
227;5;1;4;0;1;7
228;5;1;5;0;1;7
229;5;3;4;0;1;7
230;5;5;1;0;1;7
231;5;1;1;1;0;7
232;5;1;5;0;1;7
233;5;1;5;0;1;7
234;5;3;4;0;1;7
235;5;2;3;0;1;7
236;5;4;2;0;1;7
237;5;4;2;0;0;7
238;5;1;3;0;1;7
239;5;4;3;0;1;7
240;5;5;2;0;1;7
241;5;3;2;0;1;7
242;5;2;4;0;0;7
243;5;3;3;0;1;7
244;5;4;2;0;1;7
245;5;6;1;0;1;7
246;5;4;0;0;1;7
247;5;3;3;0;1;7
248;5;0;4;0;1;7
249;5;4;3;0;1;7
250;5;3;3;0;0;7
251;5;4;3;0;1;7
252;5;4;2;0;1;7
253;5;1;3;0;1;7
254;5;4;5;0;1;7
255;5;4;5;0;1;7
256;5;3;5;0;0;7
257;5;1;5;0;1;7
258;5;2;8;0;1;7
259;5;3;8;0;0;7
260;5;3;7;0;1;7
261;5;2;4;0;1;7
262;5;3;9;0;1;7
263;5;4;6;0;0;7
264;5;2;6;0;1;7
265;5;3;7;0;1;7
266;5;5;7;0;1;7
267;5;3;5;0;1;7
268;5;2;7;0;0;7
269;5;3;7;0;1;7
270;5;5;7;0;1;7
271;5;4;6;0;1;7
272;5;3;6;0;1;7
273;5;0;5;1;0;7
274;5;3;8;0;1;7
275;5;1;5;1;1;7
276;5;3;7;0;1;7
277;5;4;8;0;1;7
278;5;1;6;1;1;7
279;5;1;8;1;0;7
280;5;2;8;1;1;7
281;5;2;7;0;1;7
282;5;1;7;1;1;7
283;5;1;6;2;0;7
284;5;0;12;0;1;7
285;5;2;11;0;1;7
286;5;0;4;1;0;7
287;5;0;8;0;1;7
288;5;0;8;0;1;7
289;5;0;10;0;1;7
290;5;0;8;0;1;7
291;5;0;10;0;1;7
292;5;1;10;0;1;7
293;5;0;9;1;1;7
294;5;0;12;0;0;7
295;5;0;6;0;1;7
296;5;2;9;0;1;7
297;5;0;9;0;1;7
298;5;0;7;0;0;7
299;5;1;7;0;1;7
300;5;2;8;0;1;7
301;5;3;7;0;1;7
302;5;3;9;1;1;7
303;5;4;4;0;0;7
304;5;1;8;1;1;7
305;5;2;7;0;1;7
306;5;2;7;1;1;7
307;5;5;7;0;1;7
308;5;2;5;1;1;7
309;5;2;6;1;0;7
310;5;3;8;0;1;7
311;5;3;6;0;1;7
312;5;3;6;0;1;7
313;5;5;8;0;1;7
314;5;5;6;0;1;7
315;5;4;6;0;1;7
316;5;3;7;0;0;7
317;5;3;7;0;1;7
318;5;3;5;0;1;7
319;5;1;8;0;1;7
320;5;2;7;1;1;7
321;5;5;6;0;0;7
322;5;4;6;0;1;7
323;5;2;5;0;1;7
324;5;4;6;0;1;7
325;5;5;6;0;1;7
326;5;4;4;0;0;7
327;5;3;2;0;1;7
328;5;4;2;0;1;7
329;5;3;2;0;1;7
330;5;3;3;0;1;7
331;5;3;3;0;0;7
332;5;3;3;0;1;7
333;5;3;2;0;1;7
334;5;1;3;0;1;7
335;5;1;6;0;1;7
336;5;2;4;0;1;7
337;5;6;1;0;0;7
338;5;5;1;0;1;7
339;5;3;1;0;1;7
340;5;0;4;0;1;7
341;5;0;7;0;1;7
342;5;5;2;0;1;7
343;5;5;0;0;0;7
344;5;3;2;0;1;7
345;5;3;3;0;1;7
346;5;4;1;0;1;7
347;5;5;2;0;1;7
348;5;3;2;0;1;7
349;5;3;2;0;0;7
350;5;4;2;0;1;7
351;5;2;3;0;1;7
352;5;4;3;0;1;7
353;5;6;0;0;1;7
354;5;2;2;0;0;7
355;5;2;4;0;1;7
356;5;1;4;0;1;7
357;5;4;3;0;1;7
358;5;4;2;0;1;7
359;5;5;2;0;1;7
360;5;4;0;0;1;7
361;5;2;4;0;0;7
362;5;2;3;0;1;7
363;5;2;4;0;1;7
364;5;3;3;0;1;7
365;5;2;4;0;1;7
366;5;4;2;0;1;7
367;5;2;3;0;1;7
368;5;2;5;0;1;7
369;5;3;2;0;0;7
370;5;2;4;0;1;7
371;5;2;3;0;1;7
372;5;4;3;0;1;7
373;5;3;1;1;1;7
374;5;2;3;0;0;7
375;5;2;5;0;1;7
376;5;3;3;0;1;7
377;5;5;1;0;1;7
378;5;5;2;0;1;7
379;5;3;2;0;1;7
380;5;3;2;0;1;7
381;5;5;1;0;0;7
382;5;1;2;0;1;7
383;5;1;5;1;1;7
384;5;4;3;0;1;7
385;5;4;0;0;1;7
386;5;5;2;0;1;7
387;5;4;1;1;0;7
388;5;3;3;0;1;7
389;5;2;3;0;1;7
390;5;5;1;0;1;7
391;5;4;2;0;0;7
392;5;4;2;0;1;7
393;5;3;3;0;1;7
394;5;5;0;0;1;7
395;5;4;2;0;0;7
396;5;4;2;0;1;7
397;5;2;2;0;1;7
398;5;2;4;0;1;7
399;5;1;4;1;1;7
400;5;2;4;1;0;7
401;5;5;2;0;1;7
402;5;2;1;0;1;7
403;5;2;4;0;1;7
404;5;1;5;0;1;7
405;5;6;1;0;1;7
406;5;4;0;0;1;7
407;5;3;3;0;1;7
408;5;1;3;0;1;7
409;5;2;5;0;0;7
410;5;3;3;0;1;7
411;5;2;3;0;1;7
412;5;3;3;0;1;7
413;5;1;3;0;1;7
414;5;1;6;0;0;7
415;5;4;3;0;1;7
416;5;4;0;0;1;7
417;5;2;3;0;1;7
418;5;2;5;0;1;7
419;5;2;3;0;1;7
420;5;3;4;0;1;7
421;5;7;0;0;0;7
422;5;2;0;0;1;7
423;5;2;5;0;1;7
424;5;1;4;0;1;7
425;5;4;3;0;0;7
426;5;3;3;0;1;7
427;5;3;2;0;1;7
428;5;3;3;0;1;7
429;5;5;2;0;1;7
430;5;3;0;0;0;7
431;5;1;5;0;1;7
432;5;2;5;0;1;7
433;5;7;0;0;1;7
434;5;6;0;0;0;7
435;5;3;1;0;1;7
436;5;3;3;0;1;7
437;5;3;2;0;1;7
438;5;1;3;1;1;7
439;5;5;2;0;1;7
440;5;6;0;0;0;7
441;5;2;2;0;1;7
442;5;3;3;0;1;7
443;5;2;4;0;0;7
444;5;2;3;0;1;7
445;5;1;4;0;1;7
446;5;2;5;0;1;7
447;5;5;1;0;1;7
448;5;5;0;0;1;7
449;5;5;1;0;0;7
450;5;3;2;0;1;7
451;5;3;3;0;1;7
452;5;6;1;0;1;7
453;5;4;1;0;1;7
454;5;4;2;0;1;7
455;5;3;1;1;0;7
456;5;3;3;0;1;7
457;5;1;3;0;1;7
458;5;2;5;0;1;7
459;5;4;3;0;0;7
460;5;3;2;0;1;7
461;5;3;3;0;1;7
462;5;1;3;0;1;7
463;5;1;6;0;1;7
464;5;1;4;1;1;7
465;5;7;0;0;0;7
466;5;4;1;0;1;7
467;5;2;2;1;1;7
468;5;1;3;1;1;7
469;5;3;4;0;1;7
470;5;4;2;0;0;7
471;5;2;3;0;1;7
472;5;3;3;0;1;7
473;5;3;3;0;1;7
474;5;3;3;0;1;7
475;5;4;2;0;0;7
476;5;3;2;0;1;7
477;5;3;3;0;1;7
478;5;0;4;0;1;7
479;5;1;6;0;1;7
480;5;4;3;0;1;7
481;5;4;2;0;1;7
482;5;4;1;0;0;7
483;5;4;2;0;1;7
484;5;3;1;0;1;7
485;5;4;3;0;0;7
486;5;2;3;0;1;7
487;5;4;2;0;1;7
488;5;0;3;0;1;7
489;5;1;6;0;1;7
490;5;4;3;0;0;7
491;5;6;1;0;1;7
492;5;5;1;0;1;7
493;5;2;1;0;1;7
494;5;0;5;0;1;7
495;5;2;5;0;1;7
496;5;4;2;0;0;7
497;5;4;2;0;1;7
498;5;3;2;0;1;7
499;5;4;2;0;1;7
500;5;0;3;0;1;7
501;5;0;7;0;0;7
502;5;1;6;0;1;7
503;5;6;1;0;1;7
504;5;4;0;0;1;7
505;5;1;3;0;0;7
506;5;1;5;0;1;7
507;5;2;5;0;1;7
508;5;4;2;0;1;7
509;5;5;1;0;1;7
510;5;1;2;0;0;7
511;5;0;6;0;1;7
512;5;3;4;0;1;7
513;5;2;4;0;1;7
514;5;6;1;0;1;7
515;5;6;0;0;0;7
516;5;4;2;0;1;7
517;5;2;2;0;1;7
518;5;3;3;0;1;7
519;5;2;4;0;1;7
520;5;5;1;0;1;7
521;5;4;1;0;1;7
522;5;2;3;0;1;7
523;5;2;5;0;0;7
524;5;2;3;0;1;7
525;5;2;5;0;1;7
526;5;5;2;0;1;7
527;5;4;0;0;1;7
528;5;5;2;0;1;7
529;5;2;2;0;0;7
530;5;3;3;0;1;7
531;5;4;3;0;1;7
532;5;2;2;0;1;7
533;5;4;3;0;1;7
534;5;2;3;0;1;7
535;5;5;1;0;0;7
536;5;3;3;0;1;7
537;5;2;3;0;1;7
538;5;3;3;0;1;7
539;5;3;3;0;1;7
540;5;4;1;0;0;7
541;5;4;3;0;1;7
542;5;3;2;0;1;7
543;5;1;4;0;1;7
544;5;5;2;0;1;7
545;5;2;2;0;1;7
546;5;3;3;0;0;7
547;5;4;3;0;1;7
548;5;3;3;0;1;7
549;5;5;1;1;1;7
550;5;2;1;1;1;7
551;5;3;2;0;0;7
552;5;3;4;0;1;7
553;5;1;3;0;1;7
554;5;4;3;0;1;7
555;5;4;3;0;0;7
556;5;2;1;0;1;7
557;5;1;5;0;1;7
558;5;3;3;0;1;7
559;5;4;3;0;1;7
560;5;3;0;0;1;7
561;5;2;4;0;0;7
562;5;3;4;0;1;7
563;5;4;2;0;1;7
564;5;4;1;0;1;7
565;5;5;1;0;0;7
566;5;2;3;0;1;7
567;5;2;5;0;1;7
568;5;4;1;0;1;7
569;5;4;3;0;1;7
570;5;4;2;0;1;7
571;5;6;0;0;0;7
572;5;3;1;0;1;7
573;5;3;4;0;1;7
574;5;1;3;0;1;7
575;5;3;4;0;1;7
576;5;4;2;0;1;7
577;5;3;2;0;0;7
578;5;4;2;0;1;7
579;5;4;1;0;1;7
580;5;4;1;0;1;7
581;5;3;3;0;1;7
582;5;3;2;0;1;7
583;5;5;2;0;0;7
584;5;4;2;0;1;7
585;5;3;3;0;1;7
586;5;3;2;0;1;7
587;5;2;3;0;1;7
588;5;2;4;0;1;7
589;5;3;2;1;0;7
590;5;4;2;0;1;7
591;5;3;2;0;1;7
592;5;2;3;0;1;7
593;5;1;6;0;1;7
594;5;2;4;0;0;7
595;5;4;2;0;1;7
596;5;3;2;0;1;7
597;5;2;4;0;1;7
598;5;1;4;0;1;7
599;5;3;4;0;1;7
600;5;4;2;0;1;7
601;5;6;0;0;0;7
602;5;3;2;0;1;7
603;5;1;4;0;1;7
604;5;3;4;0;1;7
605;5;2;3;0;1;7
606;5;5;2;0;0;7
607;5;3;1;0;1;7
608;5;2;4;0;1;7
609;5;1;5;0;1;7
610;5;3;3;0;1;7
611;5;5;1;0;1;7
612;5;6;0;0;1;7
613;5;3;1;0;0;7
614;5;1;5;0;1;7
615;5;3;3;0;1;7
616;5;3;2;0;1;7
617;5;4;2;0;1;7
618;5;1;4;0;1;7
619;5;2;4;0;0;7
620;5;2;4;0;1;7
621;5;4;2;0;1;7
622;5;4;2;0;1;7
623;5;2;2;0;0;7
624;5;3;4;0;1;7
625;5;2;3;0;1;7
626;5;3;3;0;1;7
627;5;4;2;0;0;7
628;5;3;3;0;1;7
629;5;3;2;0;1;7
630;5;2;4;0;1;7
631;5;4;2;0;1;7
632;5;5;0;0;0;7
633;5;1;3;0;1;7
634;5;1;5;0;1;7
635;5;2;5;0;1;7
636;5;5;2;0;1;7
637;5;5;0;0;0;7
638;5;5;2;0;1;7
639;5;2;1;0;1;7
640;5;3;3;0;1;7
641;5;2;5;0;1;7
642;5;3;2;0;1;7
643;5;4;3;0;0;7
644;5;4;1;0;1;7
645;5;4;2;0;1;7
646;5;2;3;0;0;7
647;5;1;4;0;1;7
648;5;2;5;0;1;7
649;5;3;3;0;1;7
650;5;5;2;0;0;7
651;5;4;2;0;1;7
652;5;2;2;0;1;7
653;5;2;3;0;1;7
654;5;1;4;0;1;7
655;5;2;5;0;1;7
656;5;5;1;0;1;7
657;5;3;2;1;1;7
658;5;1;3;0;0;7
659;5;2;4;0;1;7
660;5;3;4;0;1;7
661;5;4;1;0;1;7
662;5;2;2;0;1;7
663;5;1;5;0;1;7
664;5;3;4;0;1;7
665;5;6;1;0;0;7
666;5;4;1;0;1;7
667;5;1;3;0;1;7
668;5;2;5;0;1;7
669;5;3;3;0;1;7
670;5;4;2;0;1;7
671;5;3;2;0;0;7
672;5;2;4;0;1;7
673;5;3;4;0;1;7
674;5;3;1;1;1;7
675;5;3;3;0;0;7
676;5;5;2;0;1;7
677;5;4;1;0;1;7
678;5;2;2;0;1;7
679;5;4;3;0;1;7
680;5;3;2;0;0;7
681;5;3;2;0;1;7
682;5;1;4;0;1;7
683;5;5;1;0;1;7
684;5;6;1;0;1;7
685;5;4;0;0;1;7
686;5;3;2;0;1;7
687;5;2;3;1;0;7
688;5;4;3;0;1;7
689;5;4;2;0;1;7
690;5;2;2;0;1;7
691;5;4;3;0;1;7
692;5;6;0;0;1;7
693;5;5;0;0;1;7
694;5;3;2;0;0;7
695;5;2;3;0;1;7
696;5;2;4;0;1;7
697;5;6;1;0;1;7
698;5;3;0;0;0;7
699;5;2;4;0;1;7
700;5;2;4;0;1;7
701;5;4;3;0;1;7
702;5;4;2;0;1;7
703;5;7;0;0;1;7
704;5;3;0;0;0;7
705;5;2;4;0;1;7
706;5;3;3;0;1;7
707;5;3;3;0;1;7
708;5;2;3;0;1;7
709;5;5;1;0;1;7
710;5;5;1;0;0;7
711;5;3;3;0;1;7
712;5;3;3;0;1;7
713;5;4;1;1;1;7
714;5;5;0;0;0;7
715;5;3;2;0;1;7
716;5;0;4;0;1;7
717;5;0;7;0;1;7
718;5;2;4;1;1;7
719;5;5;1;1;0;7
720;5;5;1;0;1;7
721;5;2;1;0;1;7
722;5;1;5;0;1;7
723;5;2;5;0;1;7
724;5;3;3;0;1;7
725;5;5;2;0;1;7
726;5;5;0;0;1;7
727;5;2;2;0;1;7
728;5;0;6;0;0;7
729;5;1;6;0;1;7
730;5;4;2;0;1;7
731;5;4;1;0;1;7
732;5;1;2;0;1;7
733;5;0;7;0;1;7
734;5;2;4;1;0;7
735;5;6;0;0;1;7
736;5;3;1;0;1;7
737;5;0;4;0;1;7
738;5;0;7;0;1;7
739;5;4;3;0;1;7
740;5;6;0;0;1;7
741;5;5;0;0;0;7
742;5;3;3;0;1;7
743;5;0;4;0;1;7
744;5;2;5;0;1;7
745;5;4;2;0;1;7
746;5;3;3;0;1;7
747;5;2;1;1;0;7
748;5;3;3;0;1;7
749;5;2;3;0;1;7
750;5;3;4;0;1;7
751;5;2;3;0;1;7
752;5;5;2;0;0;7
753;5;3;2;0;1;7
754;5;2;4;0;1;7
755;5;3;1;1;1;7
756;5;1;4;0;0;7
757;5;3;4;0;1;7
758;5;2;4;0;1;7
759;5;4;2;0;1;7
760;5;5;1;1;1;7
761;5;1;1;1;1;7
762;5;0;6;0;0;7
763;5;4;3;0;1;7
764;5;6;1;0;1;7
765;5;4;0;0;1;7
766;5;3;2;0;0;7
767;5;1;4;0;1;7
768;5;4;3;0;1;7
769;5;4;1;0;1;7
770;5;3;1;0;1;7
771;5;1;5;0;0;7
772;5;0;6;0;1;7
773;5;3;4;0;1;7
774;5;5;1;0;1;7
775;5;6;0;0;1;7
776;5;4;1;0;1;7
777;5;2;3;0;0;7
778;5;1;5;0;1;7
779;5;3;4;0;1;7
780;5;3;2;0;1;7
781;5;3;2;0;1;7
782;5;4;3;0;1;7
783;5;2;3;0;0;7
784;5;2;3;0;1;7
785;5;3;4;0;1;7
786;5;3;3;0;0;7
787;5;4;2;0;1;7
788;5;3;2;0;1;7
789;5;3;4;0;1;7
790;5;1;3;0;1;7
791;5;2;4;1;1;7
792;5;5;2;0;1;7
793;5;3;0;0;1;7
794;5;2;5;0;1;7
795;5;2;3;0;0;7
796;5;3;4;0;1;7
797;5;5;1;0;1;7
798;5;1;1;1;1;7
799;5;2;4;0;1;7
800;5;4;3;0;0;7
801;5;3;2;0;1;7
802;5;1;3;0;1;7
803;5;0;6;0;1;7
804;5;1;5;1;1;7
805;5;5;2;0;1;7
806;5;6;0;0;1;7
807;5;4;0;0;0;7
808;5;0;4;0;1;7
809;5;1;6;0;1;7
810;5;4;3;0;1;7
811;5;6;0;0;1;7
812;5;3;0;0;0;7
813;5;0;5;0;1;7
814;5;1;6;0;1;7
815;5;2;4;1;1;7
816;5;5;1;0;1;7
817;5;7;0;0;0;7
818;5;4;1;0;1;7
819;5;2;1;0;1;7
820;5;1;5;1;1;7
821;5;2;4;0;0;7
822;5;3;2;0;1;7
823;5;3;3;0;1;7
824;5;4;2;0;1;7
825;5;2;3;0;0;7
826;5;2;4;0;1;7
827;5;3;2;0;1;7
828;5;2;4;0;1;7
829;5;3;3;0;1;7
830;5;4;3;0;1;7
831;5;5;0;0;0;7
832;5;2;2;0;1;7
833;5;2;5;0;1;7
834;5;2;3;0;1;7
835;5;2;5;0;1;7
836;5;4;2;0;0;7
837;5;1;4;0;1;7
838;5;3;4;0;1;7
839;5;5;1;0;1;7
840;5;5;0;0;1;7
841;5;4;1;1;1;7
842;5;3;2;0;1;7
843;5;3;2;0;0;7
844;5;2;3;0;1;7
845;5;2;5;0;1;7
846;5;4;2;0;1;7
847;5;3;3;0;1;7
848;5;2;3;0;1;7
849;5;2;5;0;0;7
850;5;4;2;0;1;7
851;5;4;1;1;1;7
852;5;6;0;0;1;7
853;5;4;2;0;1;7
854;5;2;1;0;0;7
855;5;1;5;0;1;7
856;5;3;4;0;1;7
857;5;4;1;1;1;7
858;5;4;2;0;1;7
859;5;3;1;1;0;7
860;5;2;3;0;1;7
861;5;4;2;0;1;7
862;5;3;3;0;1;7
863;5;4;1;0;1;7
864;5;4;2;0;0;7
865;5;0;4;0;1;7
866;5;3;4;0;1;7
867;5;5;2;0;1;7
868;5;6;0;0;1;7
869;5;3;0;0;1;7
870;5;2;4;1;0;7
871;5;1;4;0;1;7
872;5;2;5;0;1;7
873;5;6;0;0;1;7
874;5;4;2;0;0;7
875;5;4;1;0;1;7
876;5;1;3;0;1;7
877;5;0;6;0;1;7
878;5;5;2;0;1;7
879;5;7;0;0;1;7
880;5;5;0;0;1;7
881;5;3;1;0;0;7
882;5;0;5;0;1;7
883;5;2;5;0;1;7
884;5;5;2;0;1;7
885;5;6;0;0;1;7
886;5;6;0;0;1;7
887;5;2;1;0;0;7
888;5;1;5;0;1;7
889;5;1;6;0;1;7
890;5;4;2;0;1;7
891;5;4;0;0;1;7
892;5;2;3;0;1;7
893;5;2;5;0;1;7
894;5;5;2;0;1;7
895;5;4;0;0;1;7
896;5;2;4;0;0;7
897;5;2;4;0;1;7
898;5;3;3;0;1;7
899;5;4;1;1;1;7
900;5;5;1;0;1;7
901;5;3;2;0;0;7
902;5;2;4;0;1;7
903;5;2;5;0;1;7
904;5;4;1;0;1;7
905;5;3;3;0;1;7
906;5;3;3;0;1;7
907;5;4;0;0;1;7
908;5;1;4;0;0;7
909;5;3;4;0;1;7
910;5;2;4;0;1;7
911;5;4;1;0;1;7
912;5;3;2;0;1;7
913;5;3;3;0;0;7
914;5;3;4;0;1;7
915;5;1;4;0;1;7
916;5;4;2;0;0;7
917;5;4;3;0;1;7
918;5;2;3;0;1;7
919;5;3;2;0;1;7
920;5;2;5;0;1;7
921;5;3;3;0;1;7
922;5;4;1;0;0;7
923;5;1;4;0;1;7
924;5;3;4;0;1;7
925;5;5;1;0;1;7
926;5;2;2;0;1;7
927;5;3;4;0;0;7
928;5;0;4;0;1;7
929;5;2;4;1;1;7
930;5;4;3;0;1;7
931;5;4;2;0;0;7
932;5;4;2;0;1;7
933;5;5;1;0;1;7
934;5;2;1;0;1;7
935;5;3;4;0;1;7
936;5;5;2;0;0;7
937;5;3;2;0;1;7
938;5;3;3;0;1;7
939;5;2;4;0;1;7
940;5;3;3;0;1;7
941;5;4;0;0;1;7
942;5;4;2;0;1;7
943;5;3;3;0;0;7
944;5;3;3;0;1;7
945;5;3;2;0;1;7
946;5;5;2;0;1;7
947;5;6;0;0;1;7
948;5;1;1;1;1;7
949;5;1;5;0;1;7
950;5;3;3;0;0;7
951;5;2;4;0;1;7
952;5;2;4;0;1;7
953;5;1;4;0;1;7
954;5;5;2;0;1;7
955;5;3;2;0;1;7
956;5;3;2;0;1;7
957;5;5;2;0;0;7
958;5;4;2;0;1;7
959;5;1;2;0;1;7
960;5;0;6;0;1;7
961;5;3;4;0;1;7
962;5;4;1;0;1;7
963;5;5;1;0;1;7
964;5;4;2;0;1;7
965;5;1;3;0;0;7
966;5;3;4;0;1;7
967;5;3;3;0;1;7
968;5;2;3;0;1;7
969;5;3;3;0;1;7
970;5;5;1;0;0;7
971;5;4;2;0;1;7
972;5;4;1;1;1;7
973;5;2;3;0;1;7
974;5;4;2;0;1;7
975;5;3;3;0;0;7
976;5;5;2;0;1;7
977;5;4;1;0;1;7
978;5;3;3;0;1;7
979;5;3;3;0;1;7
980;5;2;2;1;1;7
981;5;3;2;0;0;7
982;5;2;4;0;1;7
983;5;5;2;0;1;7
984;5;4;1;0;1;7
985;5;5;1;0;1;7
986;5;1;2;1;0;7
987;5;1;5;0;1;7
988;5;3;3;0;1;7
989;5;4;3;0;1;7
990;5;6;0;0;1;7
991;5;5;1;0;0;7
992;5;2;3;0;1;7
993;5;4;2;0;1;7
994;5;5;2;0;1;7
995;5;4;1;0;1;7
996;5;3;3;0;1;7
997;5;3;2;0;0;7
998;5;1;4;0;1;7
999;5;2;4;0;1;7
1000;5;3;3;0;1;7
1001;5;4;1;1;1;7
1002;5;3;2;0;0;7
1003;5;2;3;0;1;7
1004;5;4;3;0;1;7
1005;5;3;1;0;1;7
1006;5;1;4;1;1;7
1007;5;4;2;0;0;7
1008;5;3;4;0;1;7
1009;5;4;1;0;1;7
1010;5;4;1;1;1;7
1011;5;4;1;0;1;7
1012;5;3;3;0;1;7
1013;5;0;4;0;0;7
1014;5;2;5;0;1;7
1015;5;4;2;0;1;7
1016;5;4;1;0;1;7
1017;5;2;3;0;1;7
1018;5;2;5;0;1;7
1019;5;2;3;0;1;7
1020;5;4;3;0;0;7
1021;5;2;2;0;1;7
1022;5;3;4;0;1;7
1023;5;2;4;0;1;7
1024;5;2;4;0;1;7
1025;5;4;2;0;0;7
1026;5;4;2;0;1;7
1027;5;2;1;1;1;7
1028;5;1;5;0;0;7
1029;5;2;4;0;1;7
1030;5;4;3;0;1;7
1031;5;3;1;1;1;7
1032;5;5;1;0;0;7
1033;5;2;3;0;1;7
1034;5;4;2;0;1;7
1035;5;4;1;0;1;7
1036;5;4;1;1;1;7
1037;5;4;2;0;0;7
1038;5;1;4;0;1;7
1039;5;3;3;0;1;7
1040;5;3;3;0;1;7
1041;5;5;1;0;1;7
1042;5;3;2;0;1;7
1043;5;3;2;0;1;7
1044;5;3;3;0;0;7
1045;5;3;4;0;1;7
1046;5;4;1;0;1;7
1047;5;4;2;0;1;7
1048;5;4;2;0;1;7
1049;5;3;2;0;1;7
1050;5;3;2;0;1;7
1051;5;4;2;0;1;7
1052;5;2;3;1;0;7
1053;5;2;3;0;1;7
1054;5;2;4;0;1;7
1055;5;2;4;0;1;7
1056;5;6;1;0;1;7
1057;5;5;0;0;1;7
1058;5;2;2;0;0;7
1059;5;3;4;0;1;7
1060;5;2;3;0;1;7
1061;5;3;3;0;1;7
1062;5;4;3;0;1;7
1063;5;4;0;0;1;7
1064;5;3;3;0;0;7
1065;5;4;2;0;1;7
1066;5;5;1;0;1;7
1067;5;3;1;1;1;7
1068;5;2;2;1;1;7
1069;5;1;4;0;1;7
1070;5;3;4;0;0;7
1071;5;6;1;0;1;7
1072;5;3;0;0;1;7
1073;5;0;3;1;1;7
1074;5;0;7;0;1;7
1075;5;2;5;0;1;7
1076;5;4;2;0;0;7
1077;5;6;1;0;1;7
1078;5;5;1;0;1;7
1079;5;1;2;0;1;7
1080;5;1;5;1;1;7
1081;5;0;5;1;0;7
1082;5;2;5;0;1;7
1083;5;7;0;0;1;7
1084;5;3;0;0;1;7
1085;5;2;3;0;1;7
1086;5;1;4;1;1;7
1087;5;1;5;0;0;7
1088;5;2;5;0;1;7
1089;5;5;2;0;1;7
1090;5;5;0;0;1;7
1091;5;4;1;0;1;7
1092;5;1;4;0;0;7
1093;5;0;6;0;1;7
1094;5;4;3;0;1;7
1095;5;6;0;0;1;7
1096;5;3;1;0;1;7
1097;5;0;4;0;1;7
1098;5;0;7;0;0;7
1099;5;3;4;0;1;7
1100;5;6;0;0;1;7
1101;5;4;1;0;1;7
1102;5;4;2;0;1;7
1103;5;0;4;0;0;7
1104;5;2;5;0;1;7
1105;5;4;2;0;1;7
1106;5;3;2;0;1;7
1107;5;6;1;0;1;7
1108;5;5;0;0;0;7
1109;5;2;3;0;1;7
1110;5;3;3;0;1;7
1111;5;3;2;0;0;7
1112;5;1;4;0;1;7
1113;5;2;4;0;1;7
1114;5;5;2;0;1;7
1115;5;4;1;0;1;7
1116;5;3;3;0;1;7
1117;5;4;2;0;0;7
1118;5;3;3;0;1;7
1119;5;1;4;0;1;7
1120;5;2;4;1;1;7
1121;5;6;1;0;1;7
1122;5;4;0;0;0;7
1123;5;2;3;0;1;7
1124;5;1;5;0;1;7
1125;5;5;2;0;1;7
1126;5;3;3;0;1;7
1127;5;4;1;0;0;7
1128;5;2;3;0;1;7
1129;5;3;4;0;1;7
1130;5;6;0;0;1;7
1131;5;5;0;0;1;7
1132;5;4;2;0;1;7
1133;5;3;2;0;0;7
1134;5;2;4;0;1;7
1135;5;3;4;0;1;7
1136;5;5;0;0;1;7
1137;5;2;2;0;1;7
1138;5;2;4;1;0;7
1139;5;2;4;0;1;7
1140;5;4;3;0;1;7
1141;5;4;0;0;1;7
1142;5;2;4;0;0;7
1143;5;2;4;0;1;7
1144;5;2;4;0;1;7
1145;5;2;4;0;1;7
1146;5;2;4;0;1;7
1147;5;6;1;0;0;7
1148;5;3;1;0;1;7
1149;5;1;4;0;1;7
1150;5;2;4;1;1;7
1151;5;1;4;1;1;7
1152;5;2;4;0;1;7
1153;5;4;2;0;1;7
1154;5;6;0;0;0;7
1155;5;4;2;0;1;7
1156;5;3;1;0;1;7
1157;5;3;3;0;1;7
1158;5;3;3;0;1;7
1159;5;6;0;0;0;7
1160;5;4;2;0;1;7
1161;5;4;2;0;1;7
1162;5;4;1;0;1;7
1163;5;3;3;0;1;7
1164;5;4;1;0;0;7
1165;5;2;4;0;1;7
1166;5;5;2;0;1;7
1167;5;5;0;0;1;7
1168;5;5;1;0;1;7
1169;5;5;1;0;1;7
1170;5;5;1;1;0;7
1171;5;2;1;0;1;7
1172;5;2;4;0;1;7
1173;5;2;5;0;1;7
1174;5;4;2;0;0;7
1175;5;6;1;0;1;7
1176;5;3;1;0;1;7
1177;5;1;3;0;1;7
1178;5;1;5;0;0;7
1179;5;3;4;0;1;7
1180;5;3;2;0;1;7
1181;5;3;1;1;1;7
1182;5;3;2;0;1;7
1183;5;2;4;0;1;7
1184;5;2;4;0;0;7
1185;5;4;3;0;1;7
1186;5;5;1;0;1;7
1187;5;3;2;0;1;7
1188;5;3;1;0;0;7
1189;5;1;5;0;1;7
1190;5;1;5;0;1;7
1191;5;5;2;0;1;7
1192;5;5;0;0;0;7
1193;5;3;2;0;1;7
1194;5;2;4;0;1;7
1195;5;3;4;0;1;7
1196;5;5;1;0;1;7
1197;5;3;0;0;1;7
1198;5;3;4;0;0;7
1199;5;1;4;0;1;7
1200;5;3;4;0;1;7
1201;5;3;3;0;0;7
1202;5;5;2;0;1;7
1203;5;3;1;0;1;7
1204;5;2;3;0;1;7
1205;5;2;4;0;1;7
1206;5;5;2;0;1;7
1207;5;3;2;0;1;7
1208;5;3;3;0;1;7
1209;5;1;4;0;1;7
1210;5;2;5;0;0;7
1211;5;2;3;0;1;7
1212;5;5;2;0;1;7
1213;5;4;2;0;1;7
1214;5;5;0;0;1;7
1215;5;4;2;0;0;7
1216;5;1;4;0;1;7
1217;5;3;3;0;1;7
1218;5;5;2;0;0;7
1219;5;4;3;0;1;7
1220;5;1;2;0;1;7
1221;5;2;5;0;1;7
1222;5;2;3;1;1;7
1223;5;5;1;0;1;7
1224;5;6;1;0;0;7
1225;5;3;2;0;1;7
1226;5;1;3;0;1;7
1227;5;3;4;0;1;7
1228;5;4;1;1;1;7
1229;5;5;0;0;1;7
1230;5;5;1;0;0;7
1231;5;3;3;0;1;7
1232;5;2;3;0;1;7
1233;5;6;1;0;1;7
1234;5;5;0;0;1;7
1235;5;2;2;0;1;7
1236;5;1;5;0;0;7
1237;5;0;6;0;1;7
1238;5;3;4;0;1;7
1239;5;3;2;0;1;7
1240;5;2;3;0;1;7
1241;5;0;4;1;1;7
1242;5;2;5;0;0;7
1243;5;5;1;0;1;7
1244;5;4;1;0;1;7
1245;5;3;2;0;1;7
1246;5;3;4;0;1;7
1247;5;2;4;0;1;7
1248;5;2;3;0;1;7
1249;5;5;1;0;1;7
1250;5;1;2;1;0;7
1251;5;1;5;0;1;7
1252;5;4;3;0;1;7
1253;5;6;0;0;1;7
1254;5;4;0;0;0;7
1255;5;1;4;0;1;7
1256;5;1;6;0;1;7
1257;5;3;3;0;1;7
1258;5;7;0;0;0;7
1259;5;2;0;0;1;7
1260;5;1;5;0;1;7
1261;5;1;5;0;1;7
1262;5;3;4;0;0;7
1263;5;5;2;0;1;7
1264;5;4;0;0;1;7
1265;5;4;2;0;1;7
1266;5;2;2;0;0;7
1267;5;1;6;0;1;7
1268;5;3;4;0;1;7
1269;5;4;2;0;1;7
1270;5;3;0;0;1;7
1271;5;2;5;0;1;7
1272;5;1;5;0;0;7
1273;5;3;4;0;1;7
1274;5;4;1;1;1;7
1275;5;1;3;0;0;7
1276;5;1;5;0;1;7
1277;5;2;5;0;1;7
1278;5;3;3;0;1;7
1279;5;4;1;0;1;7
1280;5;3;3;0;1;7
1281;5;2;3;1;0;7
1282;5;3;3;0;1;7
1283;5;3;3;0;1;7
1284;5;3;3;0;1;7
1285;5;1;3;0;1;7
1286;5;1;5;0;0;7
1287;5;1;5;0;1;7
1288;5;4;3;0;1;7
1289;5;4;1;1;1;7
1290;5;5;1;0;0;7
1291;5;1;3;0;1;7
1292;5;1;5;0;1;7
1293;5;3;4;0;1;7
1294;5;6;0;0;0;7
1295;5;3;1;0;1;7
1296;5;1;4;0;1;7
1297;5;0;6;0;1;7
1298;5;2;4;1;1;7
1299;5;6;1;0;1;7
1300;5;5;0;0;0;7
1301;5;2;3;0;1;7
1302;5;1;3;1;1;7
1303;5;3;3;0;1;7
1304;5;3;3;0;1;7
1305;5;3;1;0;0;7
1306;5;2;5;0;1;7
1307;5;1;4;1;1;7
1308;5;2;4;0;1;7
1309;5;5;1;0;1;7
1310;5;3;2;0;0;7
1311;5;3;3;0;1;7
1312;5;2;3;0;1;7
1313;5;3;3;0;1;7
1314;5;4;2;0;1;7
1315;5;3;2;0;1;7
1316;5;3;3;0;0;7
1317;5;4;3;0;1;7
1318;5;5;0;0;1;7
1319;5;5;1;0;1;7
1320;5;4;2;0;1;7
1321;5;5;0;0;1;7
1322;5;3;2;0;0;7
1323;5;0;5;0;1;7
1324;5;3;4;0;1;7
1325;5;5;1;0;1;7
1326;5;3;2;0;1;7
1327;5;1;3;0;1;7
1328;5;2;5;0;0;7
1329;5;4;2;0;1;7
1330;5;3;3;0;1;7
1331;5;2;2;0;1;7
1332;5;1;5;0;1;7
1333;5;3;4;0;1;7
1334;5;6;0;0;1;7
1335;5;5;0;0;0;7
1336;5;3;2;0;1;7
1337;5;2;4;0;1;7
1338;5;3;2;0;0;7
1339;5;2;4;0;1;7
1340;5;4;2;0;1;7
1341;5;3;2;0;1;7
1342;5;5;2;0;1;7
1343;5;3;2;0;0;7
1344;5;3;3;0;1;7
1345;5;0;4;0;1;7
1346;5;2;5;0;1;7
1347;5;4;2;0;1;7
1348;5;4;1;0;1;7
1349;5;2;3;0;1;7
1350;5;2;3;0;0;7
1351;5;4;3;0;1;7
1352;5;1;3;0;1;7
1353;5;3;3;0;1;7
1354;5;4;2;0;1;7
1355;5;2;4;0;0;7
1356;5;1;4;0;1;7
1357;5;3;3;0;1;7
1358;5;3;3;0;1;7
1359;5;3;4;0;1;7
1360;5;4;1;0;1;7
1361;5;2;2;0;1;7
1362;5;2;4;0;1;7
1363;5;2;3;0;1;7
1364;5;3;2;0;1;7
1365;5;2;3;1;1;7
1366;5;3;3;0;1;7
1367;5;2;4;0;0;7
1368;5;3;3;0;1;7
1369;5;4;2;0;1;7
1370;5;2;3;0;1;7
1371;5;1;5;0;0;7
1372;5;5;2;0;1;7
1373;5;3;2;0;1;7
1374;5;3;3;0;1;7
1375;5;3;3;0;1;7
1376;5;4;1;0;1;7
1377;5;2;3;1;0;7
1378;5;0;5;0;1;7
1379;5;5;2;0;1;7
1380;5;6;1;0;1;7
1381;5;3;0;0;0;7
1382;5;2;4;0;1;7
1383;5;2;3;1;1;7
1384;5;4;2;0;1;7
1385;5;6;0;0;0;7
1386;5;5;2;0;1;7
1387;5;4;1;0;1;7
1388;5;2;3;0;1;7
1389;5;1;5;0;1;7
1390;5;3;3;0;0;7
1391;5;4;2;0;1;7
1392;5;5;1;0;1;7
1393;5;6;0;0;1;7
1394;5;3;2;0;0;7
1395;5;4;3;0;1;7
1396;5;2;2;0;1;7
1397;5;2;4;0;1;7
1398;5;4;1;1;1;7
1399;5;3;3;0;1;7
1400;5;2;3;0;0;7
1401;5;2;4;0;1;7
1402;5;3;3;0;1;7
1403;5;2;4;0;1;7
1404;5;3;1;1;1;7
1405;5;3;3;0;1;7
1406;5;6;0;0;0;7
1407;5;2;2;0;1;7
1408;5;1;5;0;1;7
1409;5;1;5;0;1;7
1410;5;2;4;1;0;7
1411;5;2;3;0;1;7
1412;5;3;4;0;1;7
1413;5;4;3;0;1;7
1414;5;6;0;0;1;7
1415;5;2;0;0;0;7
1416;5;1;6;0;1;7
1417;5;1;5;0;1;7
1418;5;3;3;1;1;7
1419;5;6;0;0;1;7
1420;5;2;1;1;1;7
1421;5;2;3;0;1;7
1422;5;1;5;0;0;7
1423;5;5;2;0;1;7
1424;5;4;1;0;1;7
1425;5;1;2;0;1;7
1426;5;1;6;0;1;7
1427;5;3;4;0;1;7
1428;5;3;2;0;1;7
1429;5;2;4;1;1;7
1430;5;3;1;1;0;7
1431;5;4;2;0;1;7
1432;5;4;2;0;1;7
1433;5;1;3;0;1;7
1434;5;2;4;0;1;7
1435;5;2;3;0;1;7
1436;5;5;2;0;0;7
1437;5;2;3;0;1;7
1438;5;3;2;0;1;7
1439;5;2;4;0;1;7
1440;5;0;5;0;1;7
1441;5;1;5;1;1;7
1442;5;2;3;1;0;7
1443;5;4;3;0;1;7
1444;5;4;1;0;1;7
1445;5;2;2;0;1;7
1446;5;2;4;0;0;7
1447;5;1;4;0;1;7
1448;5;2;4;0;1;7
1449;5;4;3;0;1;7
1450;5;2;2;0;1;7
1451;5;4;3;0;1;7
1452;5;4;2;0;0;7
1453;5;1;3;0;1;7
1454;5;3;3;0;1;7
1455;5;2;3;0;1;7
1456;5;2;5;0;0;7
1457;5;4;1;0;1;7
1458;5;3;2;0;1;7
1459;5;1;4;0;1;7
1460;5;2;4;0;1;7
1461;5;5;2;0;0;7
1462;5;3;1;0;1;7
1463;5;3;3;0;1;7
1464;5;4;1;0;1;7
1465;5;4;3;0;1;7
1466;5;2;3;0;1;7
1467;5;3;2;0;1;7
1468;5;2;4;0;0;7
1469;5;2;4;0;1;7
1470;5;3;3;0;1;7
1471;5;2;4;0;1;7
1472;5;2;3;0;0;7
1473;5;2;4;0;1;7
1474;5;2;3;0;1;7
1475;5;2;5;0;1;7
1476;5;5;1;0;1;7
1477;5;4;0;0;1;7
1478;5;1;3;1;1;7
1479;5;1;5;0;1;7
1480;5;5;2;0;0;7
1481;5;3;2;0;1;7
1482;5;2;3;0;1;7
1483;5;3;3;0;1;7
1484;5;2;4;0;1;7
1485;5;3;3;0;0;7
1486;5;2;3;0;1;7
1487;5;4;2;0;1;7
1488;5;5;2;0;1;7
1489;5;6;0;0;1;7
1490;5;2;0;0;1;7
1491;5;2;5;0;0;7
1492;5;2;4;0;1;7
1493;5;4;2;0;1;7
1494;5;3;2;0;1;7
1495;5;1;3;0;1;7
1496;5;1;6;0;0;7
1497;5;3;3;0;1;7
1498;5;3;2;0;1;7
1499;5;3;3;0;1;7
